0.0333333 0.0333333 5.85914e-06
0.1 0.0333333 2.1041e-05
0.166667 0.0333333 4.50828e-05
0.233333 0.0333333 6.70296e-05
0.3 0.0333333 7.52472e-05
0.366667 0.0333333 6.34665e-05
0.433333 0.0333333 3.48205e-05
0.5 0.0333333 2.82106e-07
0.566667 0.0333333 3.06675e-05
0.633333 0.0333333 4.94897e-05
0.7 0.0333333 5.54662e-05
0.766667 0.0333333 5.13348e-05
0.833333 0.0333333 4.13209e-05
0.9 0.0333333 2.92874e-05
0.966667 0.0333333 1.79891e-05
1.03333 0.0333333 8.95559e-06
1.1 0.0333333 2.70457e-06
1.16667 0.0333333 9.51934e-07
1.23333 0.0333333 2.57266e-06
1.3 0.0333333 2.77407e-06
1.36667 0.0333333 2.11089e-06
1.43333 0.0333333 1.06149e-06
1.5 0.0333333 5.76962e-09
1.56667 0.0333333 8.50714e-07
1.63333 0.0333333 1.35901e-06
1.7 0.0333333 1.52192e-06
1.76667 0.0333333 1.40265e-06
1.83333 0.0333333 1.09792e-06
1.9 0.0333333 7.05004e-07
1.96667 0.0333333 3.01187e-07
2.03333 0.0333333 6.32062e-08
2.1 0.0333333 3.62145e-07
2.16667 0.0333333 5.87004e-07
2.23333 0.0333333 7.39459e-07
2.3 0.0333333 8.26043e-07
2.36667 0.0333333 8.54683e-07
2.43333 0.0333333 8.32847e-07
2.5 0.0333333 7.66833e-07
2.56667 0.0333333 6.61827e-07
2.63333 0.0333333 5.22521e-07
2.7 0.0333333 3.54217e-07
2.76667 0.0333333 1.6431e-07
2.83333 0.0333333 3.61405e-08
2.9 0.0333333 2.31575e-07
2.96667 0.0333333 4.03016e-07
3.03333 0.0333333 5.31796e-07
3.1 0.0333333 6.05032e-07
3.16667 0.0333333 6.20152e-07
3.23333 0.0333333 5.85671e-07
3.3 0.0333333 5.17612e-07
3.36667 0.0333333 4.33724e-07
3.43333 0.0333333 3.48595e-07
3.5 0.0333333 2.71466e-07
3.56667 0.0333333 2.06537e-07
3.63333 0.0333333 1.54509e-07
3.7 0.0333333 1.14191e-07
3.76667 0.0333333 8.3657e-08
3.83333 0.0333333 6.08974e-08
3.9 0.0333333 4.41203e-08
3.96667 0.0333333 3.18501e-08
4.03333 0.0333333 2.29258e-08
4.1 0.0333333 1.64608e-08
4.16667 0.0333333 1.17903e-08
4.23333 0.0333333 8.42244e-09
4.3 0.0333333 5.99654e-09
4.36667 0.0333333 4.24986e-09
4.43333 0.0333333 2.99186e-09
4.5 0.0333333 2.0849e-09
4.56667 0.0333333 1.42991e-09
4.63333 0.0333333 9.55951e-10
4.7 0.0333333 6.12743e-10
4.76667 0.0333333 3.65452e-10
4.83333 0.0333333 1.91291e-10
4.9 0.0333333 7.74725e-11
4.96667 0.0333333 1.98521e-11
0.0333333 0.1 2.27121e-05
0.1 0.1 3.06912e-05
0.166667 0.1 4.32656e-05
0.233333 0.1 5.51673e-05
0.3 0.1 5.92081e-05
0.366667 0.1 5.03831e-05
0.433333 0.1 2.9059e-05
0.5 0.1 1.2508e-06
0.566667 0.1 2.46739e-05
0.633333 0.1 4.22545e-05
0.7 0.1 4.92536e-05
0.766667 0.1 4.72347e-05
0.833333 0.1 3.93845e-05
0.9 0.1 2.90208e-05
0.966667 0.1 1.87812e-05
1.03333 0.1 1.02575e-05
1.1 0.1 4.10308e-06
1.16667 0.1 2.8509e-07
1.23333 0.1 1.66983e-06
1.3 0.1 2.28535e-06
1.36667 0.1 2.00819e-06
1.43333 0.1 1.2608e-06
1.5 0.1 3.8251e-07
1.56667 0.1 3.86772e-07
1.63333 0.1 9.11256e-07
1.7 0.1 1.15078e-06
1.76667 0.1 1.13784e-06
1.83333 0.1 9.45399e-07
1.9 0.1 6.55439e-07
1.96667 0.1 3.37289e-07
2.03333 0.1 3.8699e-08
2.1 0.1 2.13498e-07
2.16667 0.1 4.08154e-07
2.23333 0.1 5.43947e-07
2.3 0.1 6.24688e-07
2.36667 0.1 6.56188e-07
2.43333 0.1 6.44489e-07
2.5 0.1 5.95069e-07
2.56667 0.1 5.12722e-07
2.63333 0.1 4.019e-07
2.7 0.1 2.67398e-07
2.76667 0.1 1.15302e-07
2.83333 0.1 4.59396e-08
2.9 0.1 2.04677e-07
2.96667 0.1 3.46299e-07
3.03333 0.1 4.55467e-07
3.1 0.1 5.20337e-07
3.16667 0.1 5.36919e-07
3.23333 0.1 5.10801e-07
3.3 0.1 4.54835e-07
3.36667 0.1 3.84137e-07
3.43333 0.1 3.11435e-07
3.5 0.1 2.44868e-07
3.56667 0.1 1.88215e-07
3.63333 0.1 1.42267e-07
3.7 0.1 1.06204e-07
3.76667 0.1 7.85437e-08
3.83333 0.1 5.76769e-08
3.9 0.1 4.2123e-08
3.96667 0.1 3.06316e-08
4.03333 0.1 2.21973e-08
4.1 0.1 1.60373e-08
4.16667 0.1 1.15548e-08
4.23333 0.1 8.30168e-09
4.3 0.1 5.94523e-09
4.36667 0.1 4.24029e-09
4.43333 0.1 3.00736e-09
4.5 0.1 2.11564e-09
4.56667 0.1 1.47027e-09
4.63333 0.1 1.00283e-09
4.7 0.1 6.64478e-10
4.76667 0.1 4.21092e-10
4.83333 0.1 2.50037e-10
4.9 0.1 1.38275e-10
4.96667 0.1 8.13376e-11
0.0333333 0.166667 5.346e-05
0.1 0.166667 4.88814e-05
0.166667 0.166667 4.13269e-05
0.233333 0.166667 3.2379e-05
0.3 0.166667 2.55197e-05
0.366667 0.166667 2.19304e-05
0.433333 0.166667 1.70606e-05
0.5 0.166667 4.91603e-06
0.566667 0.166667 1.22075e-05
0.633333 0.166667 2.71402e-05
0.7 0.166667 3.65133e-05
0.766667 0.166667 3.9234e-05
0.833333 0.166667 3.5993e-05
0.9 0.166667 2.90931e-05
0.966667 0.166667 2.10306e-05
1.03333 0.166667 1.35371e-05
1.1 0.166667 7.45909e-06
1.16667 0.166667 3.11889e-06
1.23333 0.166667 3.93996e-07
1.3 0.166667 1.07184e-06
1.36667 0.166667 1.60837e-06
1.43333 0.166667 1.51615e-06
1.5 0.166667 1.06055e-06
1.56667 0.166667 4.70787e-07
1.63333 0.166667 7.23945e-08
1.7 0.166667 4.58533e-07
1.76667 0.166667 6.52927e-07
1.83333 0.166667 6.78142e-07
1.9 0.166667 5.84949e-07
1.96667 0.166667 4.28189e-07
2.03333 0.166667 2.52134e-07
2.1 0.166667 8.65749e-08
2.16667 0.166667 5.1704e-08
2.23333 0.166667 1.55424e-07
2.3 0.166667 2.23318e-07
2.36667 0.166667 2.57448e-07
2.43333 0.166667 2.61457e-07
2.5 0.166667 2.39598e-07
2.56667 0.166667 1.96316e-07
2.63333 0.166667 1.36172e-07
2.7 0.166667 6.39065e-08
2.76667 0.166667 1.55339e-08
2.83333 0.166667 9.70815e-08
2.9 0.166667 1.7594e-07
2.96667 0.166667 2.47599e-07
3.03333 0.166667 3.0728e-07
3.1 0.166667 3.49264e-07
3.16667 0.166667 3.68054e-07
3.23333 0.166667 3.61545e-07
3.3 0.166667 3.33322e-07
3.36667 0.166667 2.91364e-07
3.43333 0.166667 2.44267e-07
3.5 0.166667 1.98368e-07
3.56667 0.166667 1.57198e-07
3.63333 0.166667 1.22199e-07
3.7 0.166667 9.35596e-08
3.76667 0.166667 7.0775e-08
3.83333 0.166667 5.30294e-08
3.9 0.166667 3.94307e-08
3.96667 0.166667 2.9139e-08
4.03333 0.166667 2.14253e-08
4.1 0.166667 1.56874e-08
4.16667 0.166667 1.14446e-08
4.23333 0.166667 8.32204e-09
4.3 0.166667 6.03229e-09
4.36667 0.166667 4.358e-09
4.43333 0.166667 3.13638e-09
4.5 0.166667 2.24645e-09
4.56667 0.166667 1.59897e-09
4.63333 0.166667 1.12859e-09
4.7 0.166667 7.87949e-10
4.76667 0.166667 5.43387e-10
4.83333 0.166667 3.72075e-10
4.9 0.166667 2.60355e-10
4.96667 0.166667 2.03478e-10
0.0333333 0.233333 8.94685e-05
0.1 0.233333 7.11445e-05
0.166667 0.233333 3.89834e-05
0.233333 0.233333 6.76536e-06
0.3 0.233333 3.57157e-05
0.366667 0.233333 3.49797e-05
0.433333 0.233333 6.3628e-06
0.5 0.233333 9.72116e-06
0.566667 0.233333 9.02188e-06
0.633333 0.233333 1.65761e-06
0.7 0.233333 1.56257e-05
0.766667 0.233333 2.62284e-05
0.833333 0.233333 3.02934e-05
0.9 0.233333 2.87039e-05
0.966667 0.233333 2.40541e-05
1.03333 0.233333 1.83714e-05
1.1 0.233333 1.25254e-05
1.16667 0.233333 7.43255e-06
1.23333 0.233333 3.63768e-06
1.3 0.233333 9.2423e-07
1.36667 0.233333 8.71875e-07
1.43333 0.233333 1.8409e-06
1.5 0.233333 2.09002e-06
1.56667 0.233333 1.79801e-06
1.63333 0.233333 1.20673e-06
1.7 0.233333 5.69997e-07
1.76667 0.233333 4.39434e-08
1.83333 0.233333 3.11482e-07
1.9 0.233333 5.04434e-07
1.96667 0.233333 5.72339e-07
2.03333 0.233333 5.60773e-07
2.1 0.233333 5.0861e-07
2.16667 0.233333 4.43211e-07
2.23333 0.233333 3.812e-07
2.3 0.233333 3.31045e-07
2.36667 0.233333 2.95676e-07
2.43333 0.233333 2.7449e-07
2.5 0.233333 2.64677e-07
2.56667 0.233333 2.62e-07
2.63333 0.233333 2.61253e-07
2.7 0.233333 2.56677e-07
2.76667 0.233333 2.42638e-07
2.83333 0.233333 2.1489e-07
2.9 0.233333 1.72279e-07
2.96667 0.233333 1.23477e-07
3.03333 0.233333 8.709e-08
3.1 0.233333 8.0412e-08
3.16667 0.233333 1.02549e-07
3.23333 0.233333 1.34725e-07
3.3 0.233333 1.57663e-07
3.36667 0.233333 1.64039e-07
3.43333 0.233333 1.56371e-07
3.5 0.233333 1.40064e-07
3.56667 0.233333 1.19709e-07
3.63333 0.233333 9.87545e-08
3.7 0.233333 7.93028e-08
3.76667 0.233333 6.23768e-08
3.83333 0.233333 4.82799e-08
3.9 0.233333 3.68998e-08
3.96667 0.233333 2.79212e-08
4.03333 0.233333 2.09589e-08
4.1 0.233333 1.56317e-08
4.16667 0.233333 1.15977e-08
4.23333 0.233333 8.56821e-09
4.3 0.233333 6.30815e-09
4.36667 0.233333 4.63122e-09
4.43333 0.233333 3.3926e-09
4.5 0.233333 2.48132e-09
4.56667 0.233333 1.81342e-09
4.63333 0.233333 1.32601e-09
4.7 0.233333 9.72619e-10
4.76667 0.233333 7.1954e-10
4.83333 0.233333 5.43376e-10
4.9 0.233333 4.29719e-10
4.96667 0.233333 3.73382e-10
0.0333333 0.3 0.00011825
0.1 0.3 9.07228e-05
0.166667 0.3 3.99914e-05
0.233333 0.3 3.11964e-05
0.3 0.3 7.53794e-05
0.366667 0.3 0.000167115
0.433333 0.3 5.86529e-05
0.5 0.3 1.69189e-05
0.566667 0.3 4.34379e-05
0.633333 0.3 3.75067e-05
0.7 0.3 1.61396e-05
0.766667 0.3 6.58714e-06
0.833333 0.3 2.17474e-05
0.9 0.3 2.70375e-05
0.966667 0.3 2.67208e-05
1.03333 0.3 2.44529e-05
1.1 0.3 1.9594e-05
1.16667 0.3 1.37921e-05
1.23333 0.3 8.81022e-06
1.3 0.3 4.51246e-06
1.36667 0.3 9.52322e-07
1.43333 0.3 1.67234e-06
1.5 0.3 3.14161e-06
1.56667 0.3 3.4427e-06
1.63333 0.3 2.86654e-06
1.7 0.3 1.92908e-06
1.76667 0.3 9.44099e-07
1.83333 0.3 1.35969e-07
1.9 0.3 4.2278e-07
1.96667 0.3 7.58072e-07
2.03333 0.3 9.31436e-07
2.1 0.3 1.0017e-06
2.16667 0.3 1.01315e-06
2.23333 0.3 9.94994e-07
2.3 0.3 9.64418e-07
2.36667 0.3 9.29974e-07
2.43333 0.3 8.94348e-07
2.5 0.3 8.56249e-07
2.56667 0.3 8.11617e-07
2.63333 0.3 7.54355e-07
2.7 0.3 6.76916e-07
2.76667 0.3 5.71055e-07
2.83333 0.3 4.29163e-07
2.9 0.3 2.46501e-07
2.96667 0.3 1.90047e-08
3.03333 0.3 1.9691e-07
3.1 0.3 3.11852e-07
3.16667 0.3 2.86615e-07
3.23333 0.3 1.76752e-07
3.3 0.3 6.33854e-08
3.36667 0.3 1.59156e-08
3.43333 0.3 6.12919e-08
3.5 0.3 8.05149e-08
3.56667 0.3 8.32798e-08
3.63333 0.3 7.70692e-08
3.7 0.3 6.68477e-08
3.76667 0.3 5.55836e-08
3.83333 0.3 4.48754e-08
3.9 0.3 3.546e-08
3.96667 0.3 2.75714e-08
4.03333 0.3 2.11742e-08
4.1 0.3 1.61061e-08
4.16667 0.3 1.21601e-08
4.23333 0.3 9.12867e-09
4.3 0.3 6.82426e-09
4.36667 0.3 5.08752e-09
4.43333 0.3 3.78806e-09
4.5 0.3 2.82205e-09
4.56667 0.3 2.10845e-09
4.63333 0.3 1.58502e-09
4.7 0.3 1.20474e-09
4.76667 0.3 9.32855e-10
4.83333 0.3 7.44689e-10
4.9 0.3 6.24621e-10
4.96667 0.3 5.66683e-10
0.0333333 0.366667 0.000128057
0.1 0.366667 9.83346e-05
0.166667 0.366667 4.3189e-05
0.233333 0.366667 3.93153e-05
0.3 0.366667 0.000166785
0.366667 0.366667 3.33237e-05
0.433333 0.366667 9.87651e-05
0.5 0.366667 4.52928e-05
0.566667 0.366667 9.25001e-05
0.633333 0.366667 9.66021e-05
0.7 0.366667 6.94513e-05
0.766667 0.366667 3.10742e-05
0.833333 0.366667 4.58433e-06
0.9 0.366667 2.46562e-05
0.966667 0.366667 2.82667e-05
1.03333 0.366667 3.11712e-05
1.1 0.366667 2.79296e-05
1.16667 0.366667 2.16983e-05
1.23333 0.366667 1.5762e-05
1.3 0.366667 1.00509e-05
1.36667 0.366667 4.56044e-06
1.43333 0.366667 3.20573e-07
1.5 0.366667 3.83996e-06
1.56667 0.366667 5.34425e-06
1.63333 0.366667 5.00624e-06
1.7 0.366667 3.71172e-06
1.76667 0.366667 2.06899e-06
1.83333 0.366667 6.53982e-07
1.9 0.366667 3.33847e-07
1.96667 0.366667 9.49056e-07
2.03333 0.366667 1.29966e-06
2.1 0.366667 1.47969e-06
2.16667 0.366667 1.55665e-06
2.23333 0.366667 1.57448e-06
2.3 0.366667 1.55949e-06
2.36667 0.366667 1.52573e-06
2.43333 0.366667 1.479e-06
2.5 0.366667 1.4195e-06
2.56667 0.366667 1.34358e-06
2.63333 0.366667 1.2447e-06
2.7 0.366667 1.11404e-06
2.76667 0.366667 9.41076e-07
2.83333 0.366667 7.14199e-07
2.9 0.366667 4.21737e-07
2.96667 0.366667 5.16063e-08
3.03333 0.366667 4.98139e-07
3.1 0.366667 8.85925e-07
3.16667 0.366667 8.58876e-07
3.23333 0.366667 5.77539e-07
3.3 0.366667 3.1052e-07
3.36667 0.366667 1.299e-07
3.43333 0.366667 2.53164e-08
3.5 0.366667 2.91984e-08
3.56667 0.366667 5.32513e-08
3.63333 0.366667 5.99427e-08
3.7 0.366667 5.75002e-08
3.76667 0.366667 5.08577e-08
3.83333 0.366667 4.28266e-08
3.9 0.366667 3.49018e-08
3.96667 0.366667 2.77918e-08
4.03333 0.366667 2.17567e-08
4.1 0.366667 1.68159e-08
4.16667 0.366667 1.28725e-08
4.23333 0.366667 9.78359e-09
4.3 0.366667 7.39862e-09
4.36667 0.366667 5.57828e-09
4.43333 0.366667 4.20221e-09
4.5 0.366667 3.17085e-09
4.56667 0.366667 2.40423e-09
4.63333 0.366667 1.83959e-09
4.7 0.366667 1.42869e-09
4.76667 0.366667 1.13526e-09
4.83333 0.366667 9.33221e-10
4.9 0.366667 8.05694e-10
4.96667 0.366667 7.45931e-10
0.0333333 0.433333 0.000115134
0.1 0.433333 8.94543e-05
0.166667 0.433333 4.33767e-05
0.233333 0.433333 1.83504e-05
0.3 0.433333 9.81476e-05
0.366667 0.433333 0.000135578
0.433333 0.433333 2.19351e-05
0.5 0.433333 8.08823e-05
0.566667 0.433333 0.000134039
0.633333 0.433333 0.000155121
0.7 0.433333 0.00013544
0.766667 0.433333 8.64369e-05
0.833333 0.433333 2.61786e-05
0.9 0.433333 1.77545e-05
0.966667 0.433333 2.95186e-05
1.03333 0.433333 3.67126e-05
1.1 0.433333 3.50484e-05
1.16667 0.433333 2.89245e-05
1.23333 0.433333 2.27567e-05
1.3 0.433333 1.65446e-05
1.36667 0.433333 1.00811e-05
1.43333 0.433333 2.78007e-06
1.5 0.433333 3.95526e-06
1.56667 0.433333 8.00156e-06
1.63333 0.433333 8.24699e-06
1.7 0.433333 6.20218e-06
1.76667 0.433333 3.42171e-06
1.83333 0.433333 1.2059e-06
1.9 0.433333 2.32501e-07
1.96667 0.433333 1.09782e-06
2.03333 0.433333 1.58776e-06
2.1 0.433333 1.8449e-06
2.16667 0.433333 1.96312e-06
2.23333 0.433333 2.00085e-06
2.3 0.433333 1.9924e-06
2.36667 0.433333 1.95621e-06
2.43333 0.433333 1.90044e-06
2.5 0.433333 1.82646e-06
2.56667 0.433333 1.7311e-06
2.63333 0.433333 1.6079e-06
2.7 0.433333 1.44786e-06
2.76667 0.433333 1.23995e-06
2.83333 0.433333 9.71641e-07
2.9 0.433333 6.29573e-07
2.96667 0.433333 2.05247e-07
3.03333 0.433333 3.10777e-07
3.1 0.433333 1.80254e-06
3.16667 0.433333 1.85828e-06
3.23333 0.433333 1.02615e-06
3.3 0.433333 5.20868e-07
3.36667 0.433333 2.4096e-07
3.43333 0.433333 8.70821e-08
3.5 0.433333 5.94992e-09
3.56667 0.433333 3.32555e-08
3.63333 0.433333 4.88002e-08
3.7 0.433333 5.15669e-08
3.76667 0.433333 4.79637e-08
3.83333 0.433333 4.16653e-08
3.9 0.433333 3.4688e-08
3.96667 0.433333 2.80599e-08
4.03333 0.433333 2.22375e-08
4.1 0.433333 1.73596e-08
4.16667 0.433333 1.34012e-08
4.23333 0.433333 1.02611e-08
4.3 0.433333 7.81275e-09
4.36667 0.433333 5.92931e-09
4.43333 0.433333 4.49659e-09
4.5 0.433333 3.41745e-09
4.56667 0.433333 2.61235e-09
4.63333 0.433333 2.01796e-09
4.7 0.433333 1.58503e-09
4.76667 0.433333 1.27625e-09
4.83333 0.433333 1.06453e-09
4.9 0.433333 9.32246e-10
4.96667 0.433333 8.72086e-10
0.0333333 0.5 8.65068e-05
0.1 0.5 6.79376e-05
0.166667 0.5 3.56138e-05
0.233333 0.5 4.20699e-06
0.3 0.5 3.89138e-05
0.366667 0.5 2.23093e-05
0.433333 0.5 3.41179e-05
0.5 0.5 9.65623e-05
0.566667 0.5 0.000140406
0.633333 0.5 0.000162017
0.7 0.5 0.000145534
0.766667 0.5 9.63512e-05
0.833333 0.5 3.15449e-05
0.9 0.5 1.61693e-05
0.966667 0.5 3.10857e-05
1.03333 0.5 3.99229e-05
1.1 0.5 3.91346e-05
1.16667 0.5 3.34794e-05
1.23333 0.5 2.77846e-05
1.3 0.5 2.21613e-05
1.36667 0.5 1.65311e-05
1.43333 0.5 1.05835e-05
1.5 0.5 1.80811e-06
1.56667 0.5 1.15778e-05
1.63333 0.5 1.38954e-05
1.7 0.5 9.74158e-06
1.76667 0.5 4.74664e-06
1.83333 0.5 1.66696e-06
1.9 0.5 1.42636e-07
1.96667 0.5 1.17275e-06
2.03333 0.5 1.73516e-06
2.1 0.5 2.02208e-06
2.16667 0.5 2.15009e-06
2.23333 0.5 2.18824e-06
2.3 0.5 2.17586e-06
2.36667 0.5 2.13368e-06
2.43333 0.5 2.07082e-06
2.5 0.5 1.989e-06
2.56667 0.5 1.88511e-06
2.63333 0.5 1.75267e-06
2.7 0.5 1.58266e-06
2.76667 0.5 1.36418e-06
2.83333 0.5 1.08501e-06
2.9 0.5 7.33421e-07
2.96667 0.5 3.00537e-07
3.03333 0.5 1.0771e-07
3.1 0.5 2.16287e-06
3.16667 0.5 2.71168e-06
3.23333 0.5 1.23008e-06
3.3 0.5 6.06042e-07
3.36667 0.5 2.82615e-07
3.43333 0.5 1.09248e-07
3.5 0.5 1.81508e-08
3.56667 0.5 2.65292e-08
3.63333 0.5 4.51907e-08
3.7 0.5 4.97507e-08
3.76667 0.5 4.71694e-08
3.83333 0.5 4.14364e-08
3.9 0.5 3.47547e-08
3.96667 0.5 2.82651e-08
4.03333 0.5 2.24924e-08
4.1 0.5 1.76169e-08
4.16667 0.5 1.36376e-08
4.23333 0.5 1.04676e-08
4.3 0.5 7.98759e-09
4.36667 0.5 6.07484e-09
4.43333 0.5 4.61679e-09
4.5 0.5 3.51675e-09
4.56667 0.5 2.69503e-09
4.63333 0.5 2.08785e-09
4.7 0.5 1.64543e-09
4.76667 0.5 1.32993e-09
4.83333 0.5 1.11382e-09
4.9 0.5 9.79051e-10
4.96667 0.5 9.18017e-10
0.0333333 0.566667 5.4089e-05
0.1 0.566667 4.23635e-05
0.166667 0.566667 2.18038e-05
0.233333 0.566667 5.96098e-07
0.3 0.566667 6.59525e-06
0.366667 0.566667 1.08579e-05
0.433333 0.566667 4.48453e-05
0.5 0.566667 8.22697e-05
0.566667 0.566667 0.000109656
0.633333 0.566667 0.000120873
0.7 0.566667 0.000104679
0.766667 0.566667 6.55161e-05
0.833333 0.566667 1.44382e-05
0.9 0.566667 2.21118e-05
0.966667 0.566667 3.26613e-05
1.03333 0.566667 3.96954e-05
1.1 0.566667 3.8584e-05
1.16667 0.566667 3.33897e-05
1.23333 0.566667 2.83735e-05
1.3 0.566667 2.3656e-05
1.36667 0.566667 1.94708e-05
1.43333 0.566667 1.65335e-05
1.5 0.566667 2.13848e-05
1.56667 0.566667 2.02303e-05
1.63333 0.566667 2.80105e-05
1.7 0.566667 1.25852e-05
1.76667 0.566667 5.51679e-06
1.83333 0.566667 1.87315e-06
1.9 0.566667 9.3971e-08
1.96667 0.566667 1.15161e-06
2.03333 0.566667 1.69978e-06
2.1 0.566667 1.9621e-06
2.16667 0.566667 2.06649e-06
2.23333 0.566667 2.08563e-06
2.3 0.566667 2.05947e-06
2.36667 0.566667 2.00833e-06
2.43333 0.566667 1.9406e-06
2.5 0.566667 1.85737e-06
2.56667 0.566667 1.75498e-06
2.63333 0.566667 1.62649e-06
2.7 0.566667 1.46253e-06
2.76667 0.566667 1.25178e-06
2.83333 0.566667 9.81527e-07
2.9 0.566667 6.38333e-07
2.96667 0.566667 2.13881e-07
3.03333 0.566667 2.99772e-07
3.1 0.566667 1.79488e-06
3.16667 0.566667 1.85661e-06
3.23333 0.566667 1.02631e-06
3.3 0.566667 5.21074e-07
3.36667 0.566667 2.41107e-07
3.43333 0.566667 8.71759e-08
3.5 0.566667 6.00735e-09
3.56667 0.566667 3.3221e-08
3.63333 0.566667 4.87796e-08
3.7 0.566667 5.15546e-08
3.76667 0.566667 4.79564e-08
3.83333 0.566667 4.1661e-08
3.9 0.566667 3.46854e-08
3.96667 0.566667 2.80585e-08
4.03333 0.566667 2.22366e-08
4.1 0.566667 1.73591e-08
4.16667 0.566667 1.34009e-08
4.23333 0.566667 1.0261e-08
4.3 0.566667 7.81265e-09
4.36667 0.566667 5.92925e-09
4.43333 0.566667 4.49656e-09
4.5 0.566667 3.41743e-09
4.56667 0.566667 2.61234e-09
4.63333 0.566667 2.01795e-09
4.7 0.566667 1.58503e-09
4.76667 0.566667 1.27624e-09
4.83333 0.566667 1.06453e-09
4.9 0.566667 9.32244e-10
4.96667 0.566667 8.72084e-10
0.0333333 0.633333 2.75009e-05
0.1 0.633333 2.10509e-05
0.166667 0.633333 9.62936e-06
0.233333 0.633333 3.26036e-07
0.3 0.633333 7.77374e-07
0.366667 0.633333 1.32155e-05
0.433333 0.633333 3.17522e-05
0.5 0.633333 4.97378e-05
0.566667 0.633333 5.88923e-05
0.633333 0.633333 5.06795e-05
0.7 0.633333 2.86349e-05
0.766667 0.633333 3.47164e-06
0.833333 0.633333 1.9966e-05
0.9 0.633333 3.10086e-05
0.966667 0.633333 3.27293e-05
1.03333 0.633333 3.56023e-05
1.1 0.633333 3.31958e-05
1.16667 0.633333 2.82401e-05
1.23333 0.633333 2.36838e-05
1.3 0.633333 1.93961e-05
1.36667 0.633333 1.53651e-05
1.43333 0.633333 1.21706e-05
1.5 0.633333 1.05858e-05
1.56667 0.633333 2.57607e-05
1.63333 0.633333 3.23602e-05
1.7 0.633333 1.22125e-05
1.76667 0.633333 5.12089e-06
1.83333 0.633333 1.64162e-06
1.9 0.633333 1.4792e-07
1.96667 0.633333 1.05926e-06
2.03333 0.633333 1.49717e-06
2.1 0.633333 1.6807e-06
2.16667 0.633333 1.73149e-06
2.23333 0.633333 1.71643e-06
2.3 0.633333 1.67083e-06
2.36667 0.633333 1.61154e-06
2.43333 0.633333 1.54462e-06
2.5 0.633333 1.4696e-06
2.56667 0.633333 1.38193e-06
2.63333 0.633333 1.27422e-06
2.7 0.633333 1.13699e-06
2.76667 0.633333 9.59154e-07
2.83333 0.633333 7.28704e-07
2.9 0.633333 4.33646e-07
2.96667 0.633333 6.15629e-08
3.03333 0.633333 4.91176e-07
3.1 0.633333 8.82501e-07
3.16667 0.633333 8.58045e-07
3.23333 0.633333 5.77787e-07
3.3 0.633333 3.10866e-07
3.36667 0.633333 1.30152e-07
3.43333 0.633333 2.54797e-08
3.5 0.633333 2.90974e-08
3.56667 0.633333 5.31902e-08
3.63333 0.633333 5.99061e-08
3.7 0.633333 5.74784e-08
3.76667 0.633333 5.08448e-08
3.83333 0.633333 4.2819e-08
3.9 0.633333 3.48973e-08
3.96667 0.633333 2.77891e-08
4.03333 0.633333 2.17551e-08
4.1 0.633333 1.6815e-08
4.16667 0.633333 1.2872e-08
4.23333 0.633333 9.78328e-09
4.3 0.633333 7.39843e-09
4.36667 0.633333 5.57817e-09
4.43333 0.633333 4.20215e-09
4.5 0.633333 3.17081e-09
4.56667 0.633333 2.4042e-09
4.63333 0.633333 1.83958e-09
4.7 0.633333 1.42868e-09
4.76667 0.633333 1.13526e-09
4.83333 0.633333 9.33216e-10
4.9 0.633333 8.05691e-10
4.96667 0.633333 7.45928e-10
0.0333333 0.7 1.03224e-05
0.1 0.7 7.2225e-06
0.166667 0.7 1.51241e-06
0.233333 0.7 2.54669e-06
0.3 0.7 1.53314e-06
0.366667 0.7 4.26997e-06
0.433333 0.7 1.14763e-05
0.5 0.7 1.59754e-05
0.566667 0.7 1.39837e-05
0.633333 0.7 4.31495e-06
0.7 0.7 9.86148e-06
0.766667 0.7 2.28375e-05
0.833333 0.7 3.03986e-05
0.9 0.7 3.17818e-05
0.966667 0.7 3.03519e-05
1.03333 0.7 2.8257e-05
1.1 0.7 2.41402e-05
1.16667 0.7 1.92819e-05
1.23333 0.7 1.50357e-05
1.3 0.7 1.09423e-05
1.36667 0.7 6.56522e-06
1.43333 0.7 9.47447e-07
1.5 0.7 9.17128e-06
1.56667 0.7 1.96995e-05
1.63333 0.7 1.68098e-05
1.7 0.7 8.60683e-06
1.76667 0.7 3.51218e-06
1.83333 0.7 9.4973e-07
1.9 0.7 3.34015e-07
1.96667 0.7 9.36053e-07
2.03333 0.7 1.17744e-06
2.1 0.7 1.23621e-06
2.16667 0.7 1.21009e-06
2.23333 0.7 1.15086e-06
2.3 0.7 1.08408e-06
2.36667 0.7 1.02045e-06
2.43333 0.7 9.62303e-07
2.5 0.7 9.07227e-07
2.56667 0.7 8.49929e-07
2.63333 0.7 7.83246e-07
2.7 0.7 6.98783e-07
2.76667 0.7 5.8764e-07
2.83333 0.7 4.41694e-07
2.9 0.7 2.55764e-07
2.96667 0.7 2.5288e-08
3.03333 0.7 1.93369e-07
3.1 0.7 3.10489e-07
3.16667 0.7 2.86538e-07
3.23333 0.7 1.77145e-07
3.3 0.7 6.38038e-08
3.36667 0.7 1.56094e-08
3.43333 0.7 6.10918e-08
3.5 0.7 8.03902e-08
3.56667 0.7 8.32039e-08
3.63333 0.7 7.70236e-08
3.7 0.7 6.68206e-08
3.76667 0.7 5.55675e-08
3.83333 0.7 4.48659e-08
3.9 0.7 3.54544e-08
3.96667 0.7 2.75681e-08
4.03333 0.7 2.11723e-08
4.1 0.7 1.61049e-08
4.16667 0.7 1.21595e-08
4.23333 0.7 9.12827e-09
4.3 0.7 6.82403e-09
4.36667 0.7 5.08738e-09
4.43333 0.7 3.78798e-09
4.5 0.7 2.822e-09
4.56667 0.7 2.10842e-09
4.63333 0.7 1.585e-09
4.7 0.7 1.20473e-09
4.76667 0.7 9.32848e-10
4.83333 0.7 7.44684e-10
4.9 0.7 6.24617e-10
4.96667 0.7 5.6668e-10
0.0333333 0.766667 1.68871e-06
0.1 0.766667 3.99548e-07
0.166667 0.766667 2.52458e-06
0.233333 0.766667 5.28978e-06
0.3 0.766667 6.72493e-06
0.366667 0.766667 7.14255e-06
0.433333 0.766667 8.03997e-06
0.5 0.766667 1.10397e-05
0.566667 0.766667 1.67962e-05
0.633333 0.766667 2.42773e-05
0.7 0.766667 3.10998e-05
0.766667 0.766667 3.47758e-05
0.833333 0.766667 3.42647e-05
0.9 0.766667 3.05615e-05
0.966667 0.766667 2.54502e-05
1.03333 0.766667 2.00704e-05
1.1 0.766667 1.47336e-05
1.16667 0.766667 1.00686e-05
1.23333 0.766667 6.3514e-06
1.3 0.766667 3.09624e-06
1.36667 0.766667 2.43198e-07
1.43333 0.766667 4.13602e-06
1.5 0.766667 7.79973e-06
1.56667 0.766667 8.78434e-06
1.63333 0.766667 6.7537e-06
1.7 0.766667 3.62635e-06
1.76667 0.766667 1.22394e-06
1.83333 0.766667 8.2734e-08
1.9 0.766667 6.65963e-07
1.96667 0.766667 8.47967e-07
2.03333 0.766667 8.32383e-07
2.1 0.766667 7.35328e-07
2.16667 0.766667 6.18415e-07
2.23333 0.766667 5.11213e-07
2.3 0.766667 4.25486e-07
2.36667 0.766667 3.63597e-07
2.43333 0.766667 3.23195e-07
2.5 0.766667 2.99641e-07
2.56667 0.766667 2.87165e-07
2.63333 0.766667 2.79394e-07
2.7 0.766667 2.69719e-07
2.76667 0.766667 2.51898e-07
2.83333 0.766667 2.21252e-07
2.9 0.766667 1.76322e-07
2.96667 0.766667 1.25645e-07
3.03333 0.766667 8.78393e-08
3.1 0.766667 8.02656e-08
3.16667 0.766667 1.02002e-07
3.23333 0.766667 1.34128e-07
3.3 0.766667 1.57179e-07
3.36667 0.766667 1.63702e-07
3.43333 0.766667 1.56153e-07
3.5 0.766667 1.39929e-07
3.56667 0.766667 1.19627e-07
3.63333 0.766667 9.87054e-08
3.7 0.766667 7.92736e-08
3.76667 0.766667 6.23595e-08
3.83333 0.766667 4.82697e-08
3.9 0.766667 3.68938e-08
3.96667 0.766667 2.79177e-08
4.03333 0.766667 2.09569e-08
4.1 0.766667 1.56305e-08
4.16667 0.766667 1.1597e-08
4.23333 0.766667 8.56779e-09
4.3 0.766667 6.3079e-09
4.36667 0.766667 4.63108e-09
4.43333 0.766667 3.39251e-09
4.5 0.766667 2.48127e-09
4.56667 0.766667 1.81339e-09
4.63333 0.766667 1.326e-09
4.7 0.766667 9.72608e-10
4.76667 0.766667 7.19533e-10
4.83333 0.766667 5.43372e-10
4.9 0.766667 4.29716e-10
4.96667 0.766667 3.73379e-10
0.0333333 0.833333 1.06662e-06
0.1 0.833333 1.91132e-06
0.166667 0.833333 4.1538e-06
0.233333 0.833333 7.58574e-06
0.3 0.833333 1.20898e-05
0.366667 0.833333 1.76167e-05
0.433333 0.833333 2.41921e-05
0.5 0.833333 3.13527e-05
0.566667 0.833333 3.80559e-05
0.633333 0.833333 4.28041e-05
0.7 0.833333 4.41734e-05
0.766667 0.833333 4.155e-05
0.833333 0.833333 3.55469e-05
0.9 0.833333 2.76995e-05
0.966667 0.833333 1.96608e-05
1.03333 0.833333 1.25489e-05
1.1 0.833333 6.87806e-06
1.16667 0.833333 2.8033e-06
1.23333 0.833333 1.03642e-07
1.3 0.833333 1.61927e-06
1.36667 0.833333 2.72564e-06
1.43333 0.833333 3.32417e-06
1.5 0.833333 3.21118e-06
1.56667 0.833333 2.28776e-06
1.63333 0.833333 9.02306e-07
1.7 0.833333 3.27284e-07
1.76667 0.833333 1.0297e-06
1.83333 0.833333 1.22228e-06
1.9 0.833333 1.09938e-06
1.96667 0.833333 8.38476e-07
2.03333 0.833333 5.49478e-07
2.1 0.833333 2.89103e-07
2.16667 0.833333 8.03009e-08
2.23333 0.833333 7.22208e-08
2.3 0.833333 1.72297e-07
2.36667 0.833333 2.26932e-07
2.43333 0.833333 2.43673e-07
2.5 0.833333 2.29568e-07
2.56667 0.833333 1.90943e-07
2.63333 0.833333 1.33579e-07
2.7 0.833333 6.29824e-08
2.76667 0.833333 1.54333e-08
2.83333 0.833333 9.63277e-08
2.9 0.833333 1.74768e-07
2.96667 0.833333 2.46198e-07
3.03333 0.833333 3.05833e-07
3.1 0.833333 3.47936e-07
3.16667 0.833333 3.66957e-07
3.23333 0.833333 3.60721e-07
3.3 0.833333 3.32751e-07
3.36667 0.833333 2.90991e-07
3.43333 0.833333 2.44033e-07
3.5 0.833333 1.98225e-07
3.56667 0.833333 1.57112e-07
3.63333 0.833333 1.22148e-07
3.7 0.833333 9.35293e-08
3.76667 0.833333 7.07571e-08
3.83333 0.833333 5.30189e-08
3.9 0.833333 3.94245e-08
3.96667 0.833333 2.91354e-08
4.03333 0.833333 2.14232e-08
4.1 0.833333 1.56862e-08
4.16667 0.833333 1.14439e-08
4.23333 0.833333 8.32162e-09
4.3 0.833333 6.03204e-09
4.36667 0.833333 4.35786e-09
4.43333 0.833333 3.13629e-09
4.5 0.833333 2.2464e-09
4.56667 0.833333 1.59895e-09
4.63333 0.833333 1.12858e-09
4.7 0.833333 7.87939e-10
4.76667 0.833333 5.43381e-10
4.83333 0.833333 3.72071e-10
4.9 0.833333 2.60353e-10
4.96667 0.833333 2.03476e-10
0.0333333 0.9 9.52332e-07
0.1 0.9 1.95953e-06
0.166667 0.9 4.52378e-06
0.233333 0.9 9.19255e-06
0.3 0.9 1.62479e-05
0.366667 0.9 2.53458e-05
0.433333 0.9 3.54128e-05
0.5 0.9 4.47461e-05
0.566667 0.9 5.14583e-05
0.633333 0.9 5.40098e-05
0.7 0.9 5.17273e-05
0.766667 0.9 4.50746e-05
0.833333 0.9 3.5503e-05
0.9 0.9 2.4913e-05
0.966667 0.9 1.50156e-05
1.03333 0.9 6.93204e-06
1.1 0.9 1.17068e-06
1.16667 0.9 2.30009e-06
1.23333 0.9 3.91766e-06
1.3 0.9 4.12053e-06
1.36667 0.9 3.27408e-06
1.43333 0.9 1.76699e-06
1.5 0.9 8.46516e-09
1.56667 0.9 1.56951e-06
1.63333 0.9 2.60754e-06
1.7 0.9 2.96166e-06
1.76667 0.9 2.73757e-06
1.83333 0.9 2.17754e-06
1.9 0.9 1.51194e-06
1.96667 0.9 8.86337e-07
2.03333 0.9 3.66116e-07
2.1 0.9 3.27368e-08
2.16667 0.9 3.1817e-07
2.23333 0.9 5.06854e-07
2.3 0.9 6.16442e-07
2.36667 0.9 6.62324e-07
2.43333 0.9 6.56737e-07
2.5 0.9 6.08963e-07
2.56667 0.9 5.26038e-07
2.63333 0.9 4.13676e-07
2.7 0.9 2.77346e-07
2.76667 0.9 1.23464e-07
2.83333 0.9 3.93817e-08
2.9 0.9 1.99507e-07
2.96667 0.9 3.42311e-07
3.03333 0.9 4.52473e-07
3.1 0.9 5.18164e-07
3.16667 0.9 5.35401e-07
3.23333 0.9 5.09783e-07
3.3 0.9 4.54177e-07
3.36667 0.9 3.83724e-07
3.43333 0.9 3.11182e-07
3.5 0.9 2.44716e-07
3.56667 0.9 1.88125e-07
3.63333 0.9 1.42214e-07
3.7 0.9 1.06172e-07
3.76667 0.9 7.85254e-08
3.83333 0.9 5.76662e-08
3.9 0.9 4.21167e-08
3.96667 0.9 3.06279e-08
4.03333 0.9 2.21952e-08
4.1 0.9 1.60361e-08
4.16667 0.9 1.15541e-08
4.23333 0.9 8.30126e-09
4.3 0.9 5.94498e-09
4.36667 0.9 4.24015e-09
4.43333 0.9 3.00728e-09
4.5 0.9 2.1156e-09
4.56667 0.9 1.47024e-09
4.63333 0.9 1.00281e-09
4.7 0.9 6.64469e-10
4.76667 0.9 4.21087e-10
4.83333 0.9 2.50035e-10
4.9 0.9 1.38274e-10
4.96667 0.9 8.13368e-11
0.0333333 0.966667 3.18625e-07
0.1 0.966667 1.4882e-06
0.166667 0.966667 4.44756e-06
0.233333 0.966667 1.001e-05
0.3 0.966667 1.85473e-05
0.366667 0.966667 2.94822e-05
0.433333 0.966667 4.11986e-05
0.5 0.966667 5.14381e-05
0.566667 0.966667 5.79897e-05
0.633333 0.966667 5.93783e-05
0.7 0.966667 5.53173e-05
0.766667 0.966667 4.67542e-05
0.833333 0.966667 3.55006e-05
0.9 0.966667 2.36234e-05
0.966667 0.966667 1.28731e-05
1.03333 0.966667 4.36738e-06
1.1 0.966667 1.43521e-06
1.16667 0.966667 4.62652e-06
1.23333 0.966667 5.63279e-06
1.3 0.966667 4.95013e-06
1.36667 0.966667 3.09231e-06
1.43333 0.966667 6.5144e-07
1.5 0.966667 1.73538e-06
1.56667 0.966667 3.51384e-06
1.63333 0.966667 4.37796e-06
1.7 0.966667 4.34829e-06
1.76667 0.966667 3.69172e-06
1.83333 0.966667 2.74738e-06
1.9 0.966667 1.78324e-06
1.96667 0.966667 9.47423e-07
2.03333 0.966667 2.90874e-07
2.1 0.966667 1.89863e-07
2.16667 0.966667 5.20026e-07
2.23333 0.966667 7.29022e-07
2.3 0.966667 8.42975e-07
2.36667 0.966667 8.82508e-07
2.43333 0.966667 8.62842e-07
2.5 0.966667 7.94784e-07
2.56667 0.966667 6.86019e-07
2.63333 0.966667 5.42545e-07
2.7 0.966667 3.7029e-07
2.76667 0.966667 1.76909e-07
2.83333 0.966667 2.64752e-08
2.9 0.966667 2.24322e-07
2.96667 0.966667 3.97704e-07
3.03333 0.966667 5.28012e-07
3.1 0.966667 6.02417e-07
3.16667 0.966667 6.18401e-07
3.23333 0.966667 5.84534e-07
3.3 0.966667 5.16894e-07
3.36667 0.966667 4.33282e-07
3.43333 0.966667 3.48328e-07
3.5 0.966667 2.71307e-07
3.56667 0.966667 2.06443e-07
3.63333 0.966667 1.54453e-07
3.7 0.966667 1.14159e-07
3.76667 0.966667 8.36381e-08
3.83333 0.966667 6.08863e-08
3.9 0.966667 4.41139e-08
3.96667 0.966667 3.18463e-08
4.03333 0.966667 2.29237e-08
4.1 0.966667 1.64596e-08
4.16667 0.966667 1.17896e-08
4.23333 0.966667 8.42201e-09
4.3 0.966667 5.99629e-09
4.36667 0.966667 4.24971e-09
4.43333 0.966667 2.99178e-09
4.5 0.966667 2.08485e-09
4.56667 0.966667 1.42988e-09
4.63333 0.966667 9.55935e-10
4.7 0.966667 6.12734e-10
4.76667 0.966667 3.65448e-10
4.83333 0.966667 1.91289e-10
4.9 0.966667 7.74717e-11
4.96667 0.966667 1.98519e-11
