0
0
-3.29766e-08
0
0
-6.91273e-08
0
0
-1.86508e-07
0
0
-5.44346e-07
-1.834e-22
-5.68472e-13
-1.72129e-05
0
4.22503e-13
-9.00276e-05
0
0
-7.93843e-06
0
0
-4.24147e-05
0
0
-3.31174e-07
0
0
-1.02087e-06
0
-1.15849e-12
-1.92288e-05
-4.74548e-21
8.52891e-13
-9.74504e-05
0
0
-4.05827e-07
0
0
-1.24156e-06
2.85832e-22
-1.58912e-12
-1.96182e-05
-4.91082e-21
1.19266e-12
-9.63545e-05
0
0
-3.85526e-07
0
0
-1.13843e-06
3.05184e-22
-1.57264e-12
-1.6755e-05
2.64337e-21
1.24402e-12
-7.81895e-05
0
0
-2.6543e-07
0
0
-7.46701e-07
4.85605e-22
-9.51202e-13
-9.78576e-06
-1.32561e-21
7.25945e-13
-3.58474e-05
0
0
-7.59939e-08
0
0
-2.31869e-07
-5.1433e-22
-3.0651e-13
-3.46028e-06
-2.89049e-22
2.14281e-13
-6.80071e-06
0
0
1.23631e-07
0
0
1.91395e-07
0
-9.72753e-15
7.44195e-07
1.08469e-21
-4.08569e-16
1.21156e-06
0
0
2.74095e-07
0
0
3.91408e-07
-7.06371e-22
-1.76935e-14
1.69277e-06
-4.38192e-21
2.78625e-16
2.58235e-06
0
0
3.43294e-07
0
0
3.74215e-07
1.37697e-21
-1.26266e-14
2.12143e-06
-1.59192e-21
5.00268e-16
2.55094e-06
0
0
3.33487e-07
0
0
2.2909e-07
-6.53501e-22
-5.17519e-15
2.05267e-06
-2.97019e-21
3.09031e-16
1.71203e-06
0
0
2.69926e-07
0
0
4.75805e-08
-9.00685e-22
-9.79726e-16
1.65176e-06
-1.46671e-21
1.047e-16
6.41651e-07
0
0
1.84483e-07
0
0
-1.14483e-07
2.64565e-22
-4.16746e-18
1.11989e-06
-2.42398e-21
1.01843e-17
-3.23585e-07
0
0
1.03424e-07
0
0
-2.33833e-07
-2.2072e-22
1.93993e-18
6.20126e-07
-1.69384e-21
-2.11744e-19
-1.0464e-06
0
0
4.18581e-08
0
0
-3.05456e-07
-3.41447e-22
4.07044e-18
2.44577e-07
-1.70135e-21
-1.4012e-20
-1.49722e-06
0
0
3.86284e-09
0
0
-3.32325e-07
-2.63303e-22
-3.53127e-17
1.59188e-08
-0
1.17761e-18
-1.69238e-06
0
0
-1.39107e-08
0
0
-3.20386e-07
1.55032e-23
9.28187e-17
-8.88504e-08
7.65245e-22
-3.11673e-18
-1.66471e-06
0
0
-1.78118e-08
0
0
-2.76813e-07
-3.69356e-24
8.79527e-17
-1.10022e-07
2.74271e-21
-1.75744e-18
-1.45362e-06
0
0
-1.39828e-08
0
0
-2.09805e-07
3.66381e-23
-1.33548e-17
-8.53981e-08
-2.35619e-21
1.34909e-19
-1.10464e-06
0
0
-6.96453e-09
0
0
-1.28787e-07
0
-8.39804e-18
-4.23261e-08
9.62368e-22
-7.80297e-20
-6.71151e-07
0
0
4.15771e-10
0
0
-4.42177e-08
1.64115e-23
7.14345e-18
2.39964e-09
1.10317e-21
-3.16994e-19
-2.13807e-07
0
0
6.64285e-09
0
0
3.33784e-08
4.14621e-23
2.24177e-17
3.98475e-08
-5.07749e-22
-1.18954e-18
2.05196e-07
0
0
1.10821e-08
0
0
9.51183e-08
4.84267e-23
3.48618e-17
6.63079e-08
1.44225e-22
-2.10924e-18
5.32761e-07
0
0
1.36645e-08
0
0
1.35571e-07
2.6893e-23
3.68709e-17
8.14413e-08
-4.25683e-23
-2.43056e-18
7.36536e-07
0
0
1.46667e-08
0
0
1.53787e-07
5.76823e-23
3.04785e-17
8.69937e-08
0
-2.14211e-18
8.11712e-07
0
0
1.45371e-08
0
0
1.52961e-07
4.52094e-23
1.68725e-17
8.57569e-08
5.67894e-22
-1.24743e-18
7.78941e-07
0
0
1.37515e-08
0
0
1.38848e-07
4.62921e-23
-3.5929e-18
8.06717e-08
2.38038e-22
2.58835e-19
6.74225e-07
0
0
1.27057e-08
0
0
1.1773e-07
0
-3.67472e-20
7.4166e-08
1.2039e-22
1.26036e-20
5.35946e-07
0
0
1.16637e-08
0
0
9.47961e-08
-9.23618e-23
2.31497e-19
6.78253e-08
6.94474e-23
-2.13019e-20
3.94835e-07
0
0
1.07551e-08
0
0
7.34002e-08
4.51062e-23
-8.0417e-23
6.23982e-08
-3.02477e-22
-1.19759e-22
2.69776e-07
0
0
1.00065e-08
0
0
5.51408e-08
8.68579e-23
-1.02596e-24
5.80047e-08
1.38309e-22
-9.85023e-23
1.68745e-07
0
0
9.38345e-09
0
0
4.037e-08
2.7478e-23
1.08626e-23
5.44022e-08
-6.00342e-23
-5.51266e-23
9.2293e-08
0
0
8.8257e-09
0
0
2.87688e-08
-7.70978e-23
-3.69929e-25
5.12041e-08
0
1.67849e-22
3.72281e-08
0
0
8.27023e-09
0
0
1.9782e-08
4.7349e-23
1.05125e-24
4.80166e-08
7.62732e-23
-2.18601e-23
-7.40136e-10
0
0
7.66263e-09
0
0
1.28677e-08
-6.43935e-23
7.24687e-24
4.45042e-08
7.21458e-23
1.04855e-22
-2.55544e-08
0
0
6.96133e-09
0
0
7.60186e-09
-3.82617e-23
-8.94469e-24
4.04126e-08
-2.00746e-22
-2.10931e-23
-4.0252e-08
0
0
6.13863e-09
0
0
3.69839e-09
0
9.13033e-24
3.55722e-08
-3.04193e-22
-2.20402e-23
-4.69105e-08
0
0
5.18119e-09
0
0
9.8726e-10
5.73192e-23
-1.04296e-23
2.99004e-08
-1.62436e-22
-1.65581e-22
-4.68225e-08
0
0
4.09158e-09
0
0
-6.22946e-10
2.39454e-23
1.93614e-23
2.34104e-08
-1.41123e-22
0
-4.07515e-08
0
0
2.8917e-09
0
0
-1.18922e-09
-3.88435e-23
-8.64692e-24
1.62311e-08
-7.94251e-23
8.49317e-23
-2.92171e-08
0
0
1.62772e-09
0
0
-7.83696e-10
-1.51761e-23
2.14729e-24
8.63809e-09
-6.4662e-23
6.20599e-23
-1.28053e-08
0
0
3.75402e-10
0
0
4.5104e-10
-7.89953e-23
-4.87689e-24
1.08714e-09
-3.00658e-22
1.68583e-22
7.48812e-09
0
0
-7.58766e-10
0
0
2.24829e-09
1.56269e-23
-5.40169e-24
-5.77341e-09
-7.21257e-23
-1.08162e-22
2.99165e-08
0
0
-1.64798e-09
0
0
4.18999e-09
-9.62672e-24
3.86456e-24
-1.11584e-08
2.27928e-23
-1.50601e-22
5.17883e-08
0
0
-2.17432e-09
0
0
5.74594e-09
-1.62574e-23
-3.98734e-24
-1.43201e-08
-1.05399e-23
-3.42829e-22
6.96821e-08
0
0
-2.2733e-09
0
0
6.40386e-09
2.17478e-24
-1.47202e-23
-1.48314e-08
9.96979e-25
3.70627e-23
8.02692e-08
0
0
-1.97277e-09
0
0
5.85386e-09
2.12494e-24
-4.58016e-24
-1.28489e-08
-4.07331e-23
3.44726e-23
8.15437e-08
0
0
-1.39705e-09
0
0
4.12533e-09
9.82885e-25
-1.45358e-23
-9.15494e-09
-0
0
7.37741e-08
0
0
-7.24459e-10
0
0
1.57825e-09
-8.32111e-24
4.70174e-24
-4.88629e-09
-3.79367e-23
-2.57502e-23
5.94667e-08
0
0
-1.19914e-10
0
0
-1.25582e-09
0
-1.0565e-24
-1.08954e-09
-6.92851e-23
2.69268e-22
4.22825e-08
0
0
3.17443e-10
0
0
-3.88381e-09
-1.43268e-24
-1.9743e-24
1.6212e-09
2.63072e-23
0
2.56059e-08
0
0
5.66073e-10
0
0
-5.99401e-09
2.85641e-25
-2.26097e-24
3.13192e-09
-9.57328e-24
-7.13767e-23
1.15965e-08
0
0
6.58956e-10
0
0
-7.48287e-09
-1.21102e-26
1.56283e-24
3.66801e-09
2.53785e-24
-8.61904e-24
1.04156e-09
0
0
6.49702e-10
0
0
-8.39791e-09
-2.19506e-25
2.6298e-24
3.57305e-09
-3.95334e-24
1.22389e-23
-6.2449e-09
0
0
5.87716e-10
0
0
-8.85807e-09
-1.63044e-25
3.90539e-24
3.15518e-09
-8.08552e-24
8.56512e-24
-1.09019e-08
0
0
5.07889e-10
0
0
-8.99353e-09
-3.91063e-25
-1.63753e-24
2.62847e-09
-6.81059e-24
1.48349e-23
-1.3646e-08
0
0
4.30429e-10
0
0
-8.91528e-09
8.18261e-25
1.4177e-24
2.11581e-09
-0
-2.04103e-24
-1.50897e-08
0
0
3.6474e-10
0
0
-8.70659e-09
2.34899e-25
2.78558e-25
1.67429e-09
3.39377e-25
1.397e-24
-1.56922e-08
0
0
3.13609e-10
0
0
-8.42538e-09
1.08239e-24
-5.89141e-25
1.32112e-09
-1.34315e-24
0
-1.57737e-08
0
0
2.76359e-10
0
0
-8.10993e-09
1.28359e-25
2.04499e-25
1.05268e-09
-9.92419e-25
4.53522e-24
-1.55468e-08
0
0
2.50837e-10
0
0
-7.78469e-09
-9.88034e-26
-9.92659e-26
8.56491e-10
1.05556e-24
-8.79316e-25
-1.51489e-08
0
0
2.34522e-10
0
0
-7.46474e-09
-5.8649e-25
-7.3048e-27
7.17788e-10
-4.7701e-25
2.97823e-25
-1.46666e-08
0
0
2.25063e-10
0
0
-7.15914e-09
2.63876e-25
1.36516e-26
6.22756e-10
6.21357e-25
-1.00716e-24
-1.41537e-08
0
0
2.20489e-10
0
0
-6.87306e-09
-8.50491e-26
-1.28464e-25
5.5977e-10
-4.16559e-25
5.44155e-25
-1.3643e-08
0
0
2.19246e-10
0
0
-6.60932e-09
-3.68232e-26
-1.04681e-26
5.1964e-10
-2.02748e-25
-1.83474e-25
-1.31538e-08
0
0
2.20162e-10
0
0
-6.36927e-09
-5.41982e-26
-2.14737e-27
4.95395e-10
6.26819e-26
-2.47026e-25
-1.26977e-08
0
0
2.22374e-10
0
0
-6.1534e-09
4.69676e-26
2.53319e-26
4.81896e-10
-1.73606e-26
2.90389e-25
-1.2281e-08
0
0
2.25268e-10
0
0
-5.9617e-09
-4.10093e-26
-1.40518e-27
4.7544e-10
2.51569e-26
-8.33487e-26
-1.19071e-08
0
0
2.28408e-10
0
0
-5.7939e-09
3.11306e-26
1.34129e-27
4.734e-10
-1.00712e-26
3.70468e-26
-1.15775e-08
0
0
2.31496e-10
0
0
-5.64961e-09
-4.32885e-27
-1.62118e-27
4.7394e-10
2.39732e-26
0
-1.12927e-08
0
0
2.34327e-10
0
0
-5.5284e-09
6.48636e-27
4.64367e-27
4.75788e-10
1.52849e-26
-3.20799e-26
-1.10527e-08
0
0
2.36761e-10
0
0
-5.42985e-09
1.60495e-26
-5.1651e-27
4.78071e-10
-9.02747e-27
2.05406e-26
-1.08572e-08
0
0
2.38704e-10
0
0
-5.35362e-09
3.84645e-27
9.53103e-28
4.80201e-10
3.9216e-27
-6.31473e-27
-1.07057e-08
0
0
2.40096e-10
0
0
-5.2994e-09
4.88748e-27
-4.43552e-28
4.81765e-10
4.20166e-28
3.55731e-27
-1.05979e-08
0
0
2.40892e-10
0
0
-5.26699e-09
5.10149e-28
-3.13765e-28
4.82473e-10
-8.45266e-28
5.86894e-28
-1.05336e-08
0
0
1.20553e-10
0
0
-2.62811e-09
0
0
2.41215e-10
0
0
-5.25615e-09
5.72422e-22
8.51689e-23
-5.63731e-21
-1.62335e-21
4.06322e-21
-2.81052e-20
0
0
0
0
0
-6.98229e-21
-5.7894e-22
-4.69504e-22
8.62564e-22
4.92894e-21
1.48425e-20
9.75904e-20
1.35736e-21
-2.10948e-22
0
1.308e-20
-3.91996e-20
-6.55264e-21
-7.48533e-22
2.4122e-22
1.45095e-21
6.34847e-21
-5.3227e-21
5.54099e-21
-1.82449e-21
0
-1.15564e-21
-4.96257e-21
4.68974e-21
2.2821e-20
4.73058e-22
-1.45237e-12
-7.21862e-06
3.37519e-22
2.87922e-12
-4.15181e-05
-3.07362e-21
1.8302e-12
1.14193e-05
-4.09066e-21
5.05133e-13
2.2438e-05
2.13997e-21
2.47376e-12
2.07571e-05
-5.58096e-21
-5.34912e-13
5.09527e-05
-2.17404e-21
1.7474e-12
2.11238e-05
-0
-7.81493e-13
5.29195e-05
-5.36381e-21
6.82519e-13
1.35036e-05
-6.82233e-21
-5.10647e-13
3.39907e-05
3.06312e-21
1.19263e-13
6.50789e-06
-1.59808e-20
-1.79503e-13
1.29488e-05
-9.27102e-22
-3.39633e-17
2.3109e-06
-1.02807e-20
-1.8364e-17
-6.65346e-07
0
-1.15646e-16
1.23519e-06
-1.54363e-21
-1.13637e-17
-2.14039e-06
-9.53005e-22
1.84947e-17
4.51101e-07
4.67024e-21
2.77676e-18
-3.0426e-06
2.39221e-22
2.27016e-16
-6.80665e-09
1.20972e-20
-8.6928e-18
-3.41767e-06
2.02305e-22
-6.34369e-16
-2.0253e-07
-1.4168e-21
2.12829e-17
-3.33881e-06
4.09778e-23
-6.0918e-16
-2.29789e-07
1.9192e-20
1.15192e-17
-2.88809e-06
1.23303e-23
9.30138e-17
-1.69379e-07
3.32973e-21
-7.56352e-19
-2.15726e-06
4.97378e-23
5.83144e-17
-7.63233e-08
1.10192e-20
6.86768e-19
-1.25419e-06
7.73664e-23
-4.99099e-17
1.68766e-08
-5.00177e-21
2.41432e-18
-3.04336e-07
1.00792e-22
-1.57331e-16
9.3238e-08
-0
8.8135e-18
5.59761e-07
-3.99594e-23
-2.4506e-16
1.45818e-07
1.84526e-21
1.54355e-17
1.22233e-06
1.79813e-22
-2.58961e-16
1.743e-07
-9.59156e-22
1.76409e-17
1.61285e-06
9.74496e-23
-2.13245e-16
1.82671e-07
-1.23027e-22
1.54197e-17
1.72391e-06
-7.71383e-23
-1.17243e-16
1.77151e-07
1.46938e-22
8.89357e-18
1.60677e-06
5.31714e-23
2.47238e-17
1.64213e-07
-1.19294e-22
-1.82846e-18
1.34632e-06
-5.40322e-23
2.5516e-19
1.49067e-07
-4.1529e-22
-8.83654e-20
1.02926e-06
-2.43212e-22
-1.55853e-18
1.34957e-07
7.3228e-22
1.51597e-19
7.21197e-07
-1.06498e-22
5.02667e-22
1.2325e-07
-2.69238e-22
-2.35829e-22
4.58891e-07
0
-6.68403e-23
1.13982e-07
2.13141e-22
-6.42865e-23
2.54733e-07
2.47102e-22
2.87953e-23
1.0649e-07
-3.62732e-22
3.22722e-22
1.06021e-07
-1.39637e-22
1.91277e-24
9.98821e-08
-1.44249e-22
-1.86984e-22
3.4498e-09
-4.31635e-23
-4.09301e-24
9.33061e-08
-1.40175e-22
1.70634e-22
-6.3404e-08
7.87709e-23
-3.43585e-24
8.60609e-08
1.33441e-22
8.2033e-23
-1.0345e-07
-7.06531e-23
-7.54001e-24
7.76252e-08
-9.96556e-22
1.2412e-22
-1.23279e-07
-6.21998e-23
-2.4357e-23
6.76541e-08
1.14032e-22
-2.60154e-22
-1.27285e-07
-3.75395e-22
-3.35768e-23
5.59765e-08
6.13511e-22
4.66696e-22
-1.18147e-07
4.514e-23
4.46362e-23
4.26097e-08
5.37665e-22
7.14555e-22
-9.74046e-08
-3.69223e-23
-2.58e-23
2.77979e-08
-7.64553e-22
-3.3722e-22
-6.60432e-08
-1.16571e-22
1.00087e-23
1.20763e-08
1.26207e-22
1.23686e-22
-2.51203e-08
1.09746e-22
1.30667e-23
-3.65106e-09
3.98797e-22
-3.37627e-22
2.35337e-08
-3.09376e-23
-9.11369e-24
-1.80558e-08
0
-1.4527e-22
7.6536e-08
-1.96106e-23
-1.97254e-24
-2.9444e-08
-4.94384e-22
6.10762e-22
1.28321e-07
-2.51835e-23
-1.23066e-23
-3.60776e-08
1.59935e-22
-7.77076e-23
1.71286e-07
6.06062e-24
-2.43579e-23
-3.68247e-08
-7.17551e-23
0
1.97489e-07
2.14603e-23
-1.89638e-24
-3.18871e-08
-6.15209e-23
7.06401e-23
2.01782e-07
3.38887e-23
1.997e-23
-2.30341e-08
9.81316e-23
-6.8572e-22
1.84617e-07
3.09393e-23
-9.59277e-24
-1.297e-08
1.03007e-22
-3.64947e-22
1.52202e-07
1.78975e-24
-1.16882e-23
-4.17033e-09
1.94667e-22
2.90261e-22
1.13592e-07
2.6412e-23
5.47006e-24
2.00201e-09
-1.77346e-22
1.89488e-22
7.68055e-08
1.43934e-23
7.70663e-24
5.40762e-09
2.97717e-23
6.97163e-23
4.65183e-08
1.00102e-24
-8.25689e-24
6.65751e-09
2.35085e-23
1.33364e-22
2.4033e-08
-1.93694e-24
-1.37454e-23
6.55818e-09
3.3992e-23
9.39763e-23
8.54998e-09
-5.12588e-24
-3.60013e-24
5.78253e-09
3.86114e-23
-8.17679e-24
-1.51632e-09
-9.10636e-24
7.40979e-25
4.77662e-09
2.88174e-23
3.38618e-23
-7.74387e-09
-6.61627e-24
4.47843e-24
3.78926e-09
-1.72767e-23
-1.16165e-23
-1.13973e-08
-6.06098e-24
-1.46854e-24
2.93432e-09
1.294e-23
1.32274e-23
-1.33887e-08
-8.5054e-24
2.56974e-24
2.24633e-09
-1.52911e-24
-2.16207e-23
-1.43383e-08
-3.57266e-24
4.64915e-25
1.7191e-09
1.51056e-24
1.22413e-24
-1.46524e-08
-3.47471e-24
4.53543e-25
1.3293e-09
2.67571e-24
-6.64086e-24
-1.45912e-08
-2.78717e-24
-1.55126e-25
1.04917e-09
1.23957e-24
-5.62002e-25
-1.43184e-08
-1.98513e-24
9.23076e-26
8.52691e-10
-1.07028e-25
-1.89969e-24
-1.39358e-08
-1.25557e-24
1.84588e-25
7.17969e-10
5.92203e-25
-2.82145e-24
-1.35063e-08
-9.05798e-25
-2.56707e-26
6.27691e-10
-3.39475e-25
-1.72905e-25
-1.30679e-08
1.7091e-25
-1.97207e-27
5.68714e-10
8.25331e-26
3.49069e-25
-1.26436e-08
5.22529e-25
0
5.31344e-10
-7.20505e-26
-5.46909e-25
-1.22468e-08
6.87864e-25
1.47071e-27
5.08581e-10
-2.82403e-25
1.56901e-25
-1.18854e-08
1.18008e-24
-4.01439e-27
4.95456e-10
1.11526e-25
-1.04541e-25
-1.15637e-08
9.60106e-25
1.21131e-27
4.88485e-10
-4.24712e-26
2.53505e-25
-1.12839e-08
9.98157e-25
3.54909e-27
4.8525e-10
8.29188e-27
1.50515e-26
-1.10472e-08
8.00605e-25
-3.1034e-28
4.84091e-10
1.05828e-26
7.21108e-26
-1.08537e-08
5.45765e-25
9.34549e-28
4.83869e-10
1.30992e-27
-2.9441e-27
-1.07036e-08
3.29255e-25
1.357e-27
4.83805e-10
4.60221e-27
1.65705e-26
-1.05967e-08
1.23561e-25
-3.33566e-28
4.83358e-10
1.81784e-27
-9.99997e-27
-1.0533e-08
0
0
2.41355e-10
0
0
-5.25603e-09
0
1.3093e-22
8.76105e-22
-1.83445e-21
-0
2.26354e-20
0
0
2.4849e-22
0
0
-7.40917e-21
-4.40181e-22
1.21437e-21
2.13593e-21
0
-0
-2.30619e-20
-1.60284e-21
4.29867e-23
-1.0324e-21
1.22867e-20
-5.76155e-20
-5.23331e-20
-7.31782e-21
0
-8.53772e-23
-9.8068e-21
5.70573e-20
-3.27523e-20
-1.78434e-22
-8.33781e-22
5.14631e-22
-2.98185e-21
7.07144e-20
-3.22505e-20
-8.55121e-22
0
5.30432e-22
1.46572e-20
2.89837e-20
-1.18869e-20
-2.00582e-21
9.96188e-22
0
3.99212e-21
2.40866e-21
7.06569e-21
4.52549e-21
2.43845e-21
9.62791e-22
3.51122e-21
1.8916e-20
-1.92976e-20
-2.45736e-21
-3.39298e-22
-4.0807e-21
-3.24575e-20
3.60327e-20
-4.94278e-21
3.85402e-21
-5.04147e-22
7.85402e-22
-2.83412e-20
1.65995e-20
-3.36584e-20
3.85113e-21
4.08748e-13
1.52118e-05
-2.93304e-20
-8.71487e-13
4.03792e-05
1.20666e-21
2.52733e-15
3.67703e-06
-2.82416e-20
1.49541e-15
-1.40064e-06
2.26406e-21
-1.66142e-15
1.86024e-06
-2.12078e-21
-2.40178e-16
-3.65156e-06
-8.77562e-22
9.25006e-16
5.95899e-07
-2.14297e-21
4.61744e-17
-4.97236e-06
8.23145e-23
-1.62599e-15
-9.30686e-08
1.67084e-20
3.69743e-17
-5.46264e-06
2.63621e-22
3.62536e-15
-3.53832e-07
7.86346e-21
-1.12416e-16
-5.25036e-06
-1.79295e-22
3.3384e-15
-3.60903e-07
1.78568e-20
-5.86414e-17
-4.46544e-06
5.04517e-23
-5.07215e-16
-2.46241e-07
3.12076e-21
2.75351e-18
-3.24543e-06
3.47796e-23
-3.32597e-16
-9.17065e-08
1.04257e-20
-4.97321e-18
-1.75258e-06
1.7762e-22
2.85357e-16
5.67024e-08
4.10999e-21
-1.51767e-17
-1.84646e-07
7.98927e-23
9.03557e-16
1.7518e-07
-2.98402e-21
-5.36547e-17
1.2365e-06
9.67935e-23
1.41541e-15
2.53827e-07
-4.70405e-22
-9.26762e-17
2.30609e-06
1.10282e-22
1.49663e-15
2.9253e-07
-0
-1.04748e-16
2.89526e-06
6.04489e-23
1.22664e-15
2.983e-07
2.21982e-22
-9.0473e-17
2.99383e-06
-5.80947e-22
6.67582e-16
2.82154e-07
1.15161e-21
-5.14546e-17
2.70521e-06
3.37813e-23
-1.38685e-16
2.55504e-07
3.90326e-22
1.04128e-17
2.19382e-06
-6.95017e-23
-1.43168e-18
2.27225e-07
7.44539e-22
4.90798e-19
1.61883e-06
0
8.44293e-18
2.02367e-07
-3.7196e-21
-8.38832e-19
1.09041e-06
-3.15125e-22
-2.36158e-21
1.82604e-07
0
1.32807e-21
6.61114e-07
-8.9197e-22
4.5392e-22
1.67445e-07
-3.83794e-22
-2.33836e-22
3.40499e-07
-7.93912e-22
-3.12096e-23
1.55441e-07
1.97277e-22
-3.11155e-22
1.15479e-07
-9.41701e-22
-4.65723e-24
1.44969e-07
1.97305e-22
6.74356e-23
-3.4305e-08
-1.0551e-21
-2.12543e-23
1.34602e-07
-5.78407e-22
-6.156e-23
-1.28192e-07
-1.29185e-21
-1.2181e-23
1.23227e-07
0
3.55953e-22
-1.81384e-07
-1.02006e-21
2.14207e-23
1.10034e-07
-1.21258e-21
6.00377e-22
-2.04538e-07
-1.37663e-21
1.99426e-23
9.44951e-08
-6.38009e-22
1.26296e-22
-2.04483e-07
-8.95638e-22
4.55649e-23
7.6335e-08
2.87899e-22
6.82265e-23
-1.85213e-07
-5.69074e-22
6.11943e-23
5.55488e-08
-1.01672e-21
-5.9936e-22
-1.48859e-07
-3.12527e-22
5.45692e-23
3.24504e-08
4.37611e-22
1.07765e-21
-9.65877e-08
-4.14495e-22
7.03542e-23
7.76495e-09
5.47941e-22
-3.67082e-22
-2.94911e-08
0
2.95226e-23
-1.7238e-08
-2.49085e-21
1.01012e-22
5.03865e-08
-1.35071e-22
5.00971e-23
-4.05955e-08
-2.2238e-22
-3.29403e-22
1.3874e-07
-5.82034e-23
5.51108e-23
-5.95773e-08
-6.96352e-22
3.5061e-22
2.2745e-07
-1.55312e-22
-3.56091e-23
-7.09653e-08
0
2.40984e-22
3.03631e-07
1.78942e-23
-2.59619e-23
-7.21272e-08
-2.3553e-22
-4.75508e-22
3.51613e-07
2.59744e-23
-7.61786e-23
-6.27468e-08
-2.22418e-23
1.11023e-21
3.59426e-07
-4.94698e-24
-6.91392e-23
-4.5874e-08
1.5586e-22
1.46243e-21
3.2651e-07
3.83127e-23
-9.91014e-23
-2.684e-08
1.74801e-22
3.21819e-22
2.65455e-07
1.48374e-22
-2.44525e-23
-1.05598e-08
1.38854e-22
1.25521e-22
1.95122e-07
8.23311e-23
2.33183e-24
5.28477e-10
2.9118e-23
1.40359e-22
1.31114e-07
9.4781e-23
1.60004e-23
6.51752e-09
6.54125e-23
3.37614e-23
8.09627e-08
4.17188e-23
1.60154e-23
8.78846e-09
1.65255e-22
-1.19239e-22
4.5347e-08
8.25455e-24
6.9965e-24
8.85385e-09
-1.24578e-23
9.97099e-23
2.1614e-08
-2.16585e-23
5.20729e-24
7.84897e-09
-0
1.14777e-23
6.47351e-09
-3.52796e-23
-4.79232e-24
6.47759e-09
9.55862e-23
3.15172e-23
-2.8523e-09
-4.51705e-23
9.25189e-25
5.1162e-09
2.33197e-23
-1.6158e-23
-8.39552e-09
-3.37005e-23
1.0552e-24
3.93304e-09
2.67122e-23
4.77122e-23
-1.15415e-08
-3.21288e-23
-5.91578e-25
2.97899e-09
-1.16362e-23
-4.99005e-24
-1.31982e-08
-2.35889e-23
-6.50253e-25
2.24634e-09
4.93929e-24
-1.69294e-23
-1.39467e-08
-1.81163e-23
4.35903e-25
1.70306e-09
5.68332e-24
1.14689e-23
-1.4153e-08
-1.26029e-23
3.44151e-25
1.31096e-09
3.98999e-25
-3.87945e-24
-1.40454e-08
-6.2514e-24
1.34964e-25
1.03425e-09
-9.77643e-25
3.66953e-24
-1.37653e-08
-5.82664e-24
-1.07823e-25
8.42832e-10
-9.55873e-25
0
-1.33993e-08
-2.65872e-24
-2.31399e-25
7.12944e-10
7.46023e-25
1.42999e-24
-1.30006e-08
-1.32658e-25
1.28808e-25
6.26543e-10
-2.72307e-25
-4.80931e-25
-1.2601e-08
2.90479e-24
-1.60569e-27
5.70327e-10
5.28665e-25
9.683e-25
-1.22198e-08
4.90983e-24
-1.07414e-26
5.34692e-10
-8.52085e-26
5.03827e-25
-1.18683e-08
6.50204e-24
-5.02485e-27
5.12814e-10
8.19275e-26
-1.91665e-25
-1.15528e-08
6.70293e-24
1.54887e-26
4.9991e-10
1.95094e-26
1.42427e-25
-1.1277e-08
6.09941e-24
-7.56058e-27
4.92659e-10
3.65838e-26
-3.61075e-25
-1.10427e-08
4.94458e-24
4.33981e-27
4.88775e-10
-2.08545e-26
-6.57051e-26
-1.08509e-08
3.42149e-24
8.2358e-27
4.86696e-10
1.80768e-27
1.50163e-26
-1.07019e-08
1.90669e-24
2.5818e-27
4.85352e-10
-5.64528e-27
3.55449e-26
-1.05958e-08
6.82938e-25
1.88538e-27
4.84012e-10
-8.35979e-28
-3.80079e-27
-1.05325e-08
0
0
2.41455e-10
0
0
-5.2559e-09
-1.63013e-22
0
-4.10686e-22
-1.45483e-20
-0
9.97623e-20
0
0
3.22141e-22
0
0
-2.61327e-20
5.50959e-22
-7.2079e-22
-1.99449e-22
1.14058e-20
4.62437e-20
-3.19104e-20
1.36666e-21
-9.50588e-22
6.28118e-22
-1.2154e-20
3.46344e-20
3.98979e-20
4.79555e-21
2.69042e-21
2.10005e-21
-9.20379e-21
1.31771e-19
6.54007e-20
-4.94702e-22
-5.66237e-21
2.09834e-21
-3.5041e-21
-2.78093e-19
5.79368e-20
-1.29798e-21
-4.72629e-21
0
-2.26467e-20
-5.67001e-21
-2.29025e-20
-1.69249e-21
5.66097e-21
6.16198e-22
-5.93079e-20
-8.85996e-21
-1.10907e-21
0
7.53354e-22
-3.69694e-22
1.35604e-20
-4.19271e-20
1.21551e-20
-7.37589e-21
-1.57691e-21
1.79393e-21
-7.55791e-20
-3.3282e-20
3.31633e-20
-1.09004e-20
1.28275e-21
-3.84603e-21
-4.7103e-20
-7.36207e-20
-2.40509e-20
-1.42615e-21
1.02661e-12
3.46466e-05
-7.24998e-20
-3.03618e-12
0.000102883
-6.93846e-21
-1.81068e-13
9.90638e-06
-4.95883e-20
-4.33422e-13
1.46265e-05
3.46522e-21
-4.14019e-15
2.52954e-06
-3.63977e-20
-4.15528e-16
-5.64852e-06
-6.40302e-21
2.73902e-15
6.62188e-07
5.25244e-20
-8.26727e-17
-7.31525e-06
-1.66133e-21
-1.79684e-13
-3.33489e-07
2.05047e-20
9.43106e-14
-1.27469e-05
-7.09896e-22
-3.72796e-13
-1.01018e-06
2.90282e-20
1.15523e-13
-1.53718e-05
2.18362e-22
-3.60389e-13
-1.25189e-06
3.96943e-20
5.48691e-14
-1.20136e-05
-3.72718e-24
-1.53569e-13
-7.2983e-07
4.64583e-20
2.17038e-15
-6.22826e-06
3.0331e-23
3.66923e-15
-7.9095e-08
1.62637e-20
5.48442e-17
-2.1062e-06
-2.33993e-22
-2.0583e-15
1.33347e-07
1.81e-20
7.56535e-17
2.64642e-07
-2.45729e-22
-4.6075e-15
2.99645e-07
7.60371e-21
3.03616e-16
2.43191e-06
-4.03323e-22
-7.59708e-15
4.05788e-07
6.74864e-21
5.10329e-16
4.04747e-06
-8.1341e-22
-8.00809e-15
4.50793e-07
2.0632e-21
5.72386e-16
4.87085e-06
-3.87138e-22
-6.54298e-15
4.45381e-07
2.27866e-24
4.86873e-16
4.87628e-06
-2.24024e-21
-3.51077e-15
4.07942e-07
2.65229e-22
2.71645e-16
4.25918e-06
-1.7528e-21
7.14241e-16
3.57774e-07
1.50681e-21
-5.37226e-17
3.32727e-06
-2.34253e-21
7.34482e-18
3.09097e-07
4.29476e-21
-2.46301e-18
2.35969e-06
-2.44805e-21
-4.14407e-17
2.69025e-07
-1.92154e-22
4.12648e-18
1.52602e-06
-2.2678e-21
1.31087e-20
2.38803e-07
4.74829e-21
-9.76033e-22
8.85898e-07
-3.89224e-21
-1.87036e-21
2.16546e-07
-1.38588e-21
-1.79995e-22
4.30542e-07
-4.29631e-21
1.95396e-22
1.99408e-07
0
9.39881e-22
1.23932e-07
-4.18434e-21
-5.8081e-24
1.84706e-07
-7.18925e-22
1.28091e-22
-7.283e-08
-4.14482e-21
-9.22842e-23
1.70293e-07
-2.35139e-21
1.05147e-21
-1.91751e-07
-5.38763e-21
-7.67433e-23
1.54581e-07
0
-1.54115e-21
-2.5596e-07
-4.2416e-21
-7.31208e-23
1.36458e-07
-6.39138e-22
-3.81519e-22
-2.80786e-07
-5.14092e-21
1.31637e-23
1.15193e-07
-2.95608e-21
4.83262e-22
-2.75615e-07
-4.30056e-21
1.09275e-22
9.03884e-08
-3.57533e-22
1.74734e-22
-2.45676e-07
-4.05315e-21
1.85935e-22
6.19689e-08
-3.49277e-21
-6.26432e-22
-1.93487e-07
-3.81064e-21
1.59681e-22
3.0231e-08
-1.6516e-21
-5.36168e-22
-1.20036e-07
-2.06931e-21
2.26624e-22
-4.05626e-09
-9.27283e-22
-8.37229e-22
-2.58351e-08
-1.66548e-21
1.48876e-22
-3.94822e-08
0
-6.65123e-23
8.78964e-08
-1.08634e-21
1.39602e-22
-7.37383e-08
-1.45253e-22
0
2.17565e-07
-7.4931e-22
7.24233e-23
-1.03257e-07
-2.07892e-22
9.55866e-22
3.54478e-07
-2.45943e-22
0
-1.22892e-07
1.30157e-22
9.24377e-22
4.80708e-07
-3.89475e-23
-1.36122e-22
-1.26749e-07
-1.46972e-22
-1.69241e-22
5.67224e-07
2.87534e-23
-1.93198e-22
-1.11897e-07
1.50626e-23
5.58925e-22
5.84786e-07
2.05029e-22
-4.53743e-23
-8.25108e-08
2.72334e-22
4.18551e-22
5.25854e-07
1.34394e-22
-4.67647e-23
-4.89137e-08
5.37455e-23
-6.76602e-22
4.15194e-07
3.05707e-22
-1.92834e-23
-2.09871e-08
3.83886e-22
-4.26347e-23
2.93168e-07
2.47005e-22
3.11021e-24
-2.87682e-09
8.42894e-22
-9.22944e-22
1.89648e-07
2.27855e-22
7.20004e-24
6.49485e-09
1.51494e-22
1.72855e-22
1.14531e-07
1.62158e-22
5.1462e-23
1.00753e-08
4.82956e-22
2.6953e-22
6.44907e-08
6.14767e-23
1.09574e-23
1.04524e-08
-0
4.11933e-23
3.26253e-08
-1.73125e-23
3.49812e-23
9.33747e-09
-1.5283e-23
6.34429e-23
1.2889e-08
-6.71528e-23
1.11543e-23
7.71329e-09
-7.84321e-24
3.84776e-23
9.35284e-10
-7.083e-23
8.9307e-24
6.08096e-09
-1.98955e-23
-2.94657e-23
-6.13258e-09
-6.01282e-23
3.44008e-24
4.65808e-09
-4.00131e-24
4.0041e-23
-1.01756e-08
-4.06689e-23
1.02595e-24
3.50984e-09
9.9878e-24
3.32015e-23
-1.23667e-08
-2.89945e-23
1.3804e-24
2.62766e-09
2.97471e-24
-2.35177e-23
-1.34368e-08
-1.56681e-23
8.44346e-25
1.97298e-09
1.95979e-24
2.56025e-23
-1.38383e-08
-1.30063e-23
-2.12151e-25
1.4998e-09
5.78846e-24
-9.8225e-24
-1.38502e-08
-7.27036e-24
1.47886e-25
1.16509e-09
-1.42034e-24
-9.79026e-24
-1.36435e-08
-3.64598e-24
4.07736e-25
9.32759e-10
9.26928e-25
5.53748e-24
-1.3323e-08
1.40141e-24
9.72747e-26
7.74308e-10
-1.13152e-24
1.14746e-24
-1.29525e-08
4.26401e-24
2.16831e-25
6.68144e-10
4.40935e-25
8.67875e-25
-1.25706e-08
9.04062e-24
4.88653e-26
5.98353e-10
4.81892e-25
2.13451e-24
-1.22004e-08
1.26073e-23
2.34406e-26
5.53445e-10
1.55449e-25
-1.34052e-24
-1.18559e-08
1.49094e-23
1.09184e-26
5.25262e-10
4.73636e-25
-2.87623e-25
-1.15448e-08
1.55134e-23
9.74027e-27
5.08081e-10
-8.31733e-26
-3.7948e-25
-1.12719e-08
1.36503e-23
2.92488e-26
4.97932e-10
1.22669e-25
-1.48136e-25
-1.10395e-08
1.06147e-23
1.0167e-26
4.92082e-10
1.52784e-26
2.78249e-25
-1.08489e-08
7.15647e-24
1.11054e-26
4.88663e-10
-1.32702e-26
-1.06948e-25
-1.07006e-08
3.84819e-24
5.09314e-27
4.86403e-10
3.46419e-27
1.56969e-26
-1.0595e-08
1.28087e-24
5.26869e-27
4.84442e-10
1.03105e-27
4.41965e-27
-1.05321e-08
0
0
2.4152e-10
0
0
-5.25577e-09
-1.67483e-22
-2.92608e-22
5.20666e-22
1.60359e-21
4.52487e-21
-1.08289e-20
0
0
-3.20148e-24
0
0
-1.48544e-20
-1.1779e-21
-1.64439e-21
1.26328e-21
4.95223e-21
-3.4359e-20
-9.07778e-20
4.86159e-22
-5.55383e-22
2.39523e-21
5.03368e-21
-1.59596e-19
7.24136e-20
-2.24656e-21
0
-7.33197e-21
0
-1.01162e-20
-5.97433e-20
-2.28933e-20
0
-3.77589e-21
8.16581e-20
-3.54562e-19
3.08469e-20
-1.22428e-20
3.75043e-21
6.27593e-21
2.91205e-19
5.96647e-20
6.84913e-21
-5.82134e-21
-1.27501e-20
-5.83958e-21
7.03947e-20
5.58609e-21
1.51381e-20
-2.33129e-20
-4.86058e-21
-2.41485e-21
-2.22173e-20
4.00304e-20
4.5695e-21
0
-4.84497e-21
-3.70073e-22
-7.52992e-20
-1.14102e-19
-6.39655e-21
-2.21791e-20
2.90471e-21
-7.42987e-22
-1.38696e-19
3.38527e-20
1.47727e-20
-5.97564e-21
-3.64641e-22
-3.7523e-21
-1.37429e-19
-1.03817e-19
-4.51056e-20
-2.77195e-20
-7.75823e-13
1.78214e-05
-6.88019e-20
-1.42868e-12
3.8275e-05
-5.57393e-21
2.65317e-14
3.27065e-06
-4.18716e-20
9.40383e-16
-8.04389e-06
1.0869e-20
-3.37051e-13
8.12673e-07
1.80882e-20
2.21376e-13
-1.77718e-05
-4.36423e-21
-1.03623e-12
-1.0424e-06
6.47106e-20
4.40832e-13
-3.11528e-05
1.39842e-21
1.51893e-21
2.60012e-23
8.89117e-20
7.50435e-21
-1.89513e-21
0
1.04254e-21
2.22634e-22
6.08693e-20
7.79101e-22
4.39602e-21
7.51162e-23
-6.88203e-13
-1.93678e-06
-0
-9.67225e-15
-1.23848e-05
-2.24904e-22
-1.49046e-13
-4.57966e-07
5.63458e-20
-3.53922e-14
-3.05246e-06
-6.22456e-22
1.88722e-13
7.17785e-07
1.79762e-20
-1.10227e-13
2.10196e-06
-1.64367e-21
5.23884e-13
1.7743e-06
4.4256e-21
-3.42927e-13
1.284e-05
-1.4805e-21
8.45441e-13
2.90601e-06
-4.31947e-21
-5.83541e-13
2.90324e-05
-3.22865e-21
9.06311e-13
3.3599e-06
4.59869e-21
-6.47983e-13
3.97036e-05
-3.04418e-21
7.36128e-13
3.13555e-06
-2.04598e-23
-5.4275e-13
4.05279e-05
-3.77009e-21
3.86411e-13
2.06125e-06
7.45329e-22
-2.94965e-13
2.76931e-05
-4.09199e-21
1.17088e-13
1.08077e-06
-6.44983e-21
-9.95871e-14
1.38288e-05
-4.64701e-21
-1.16389e-15
3.93946e-07
0
1.15007e-16
3.30539e-06
-4.73672e-21
3.93959e-16
3.32773e-07
-6.05842e-21
-4.03449e-17
2.04509e-06
-6.77447e-21
-3.33432e-17
2.89421e-07
-3.89933e-21
4.40145e-18
1.13965e-06
-7.41418e-21
4.88632e-18
2.59006e-07
-1.0457e-21
-9.27999e-19
5.29769e-07
-8.06526e-21
-5.00274e-19
2.36377e-07
-2.70631e-22
2.04127e-19
1.36745e-07
-9.18669e-21
-3.46047e-20
2.17393e-07
2.72451e-22
-4.87998e-20
-1.06389e-07
-1.10472e-20
4.6958e-20
1.99036e-07
-1.07188e-21
1.21132e-20
-2.484e-07
-1.11409e-20
-2.19423e-20
1.79202e-07
-1.80744e-21
-3.82507e-21
-3.21921e-07
-1.07609e-20
8.24768e-21
1.5646e-07
1.4646e-21
2.14616e-21
-3.47454e-07
-1.15291e-20
-2.90313e-21
1.29875e-07
-2.26511e-21
-1.27794e-21
-3.37037e-07
-1.20784e-20
1.01004e-21
9.8903e-08
-2.68078e-21
3.6064e-22
-2.97062e-07
-1.06914e-20
-1.63689e-22
6.33515e-08
3.6783e-22
1.02732e-21
-2.30272e-07
-8.30689e-21
4.0667e-22
2.33988e-08
-1.28206e-21
3.19272e-22
-1.37181e-07
-5.67214e-21
2.45295e-22
-2.033e-08
-1.63001e-21
9.3295e-22
-1.71458e-08
-5.15531e-21
4.33495e-22
-6.66209e-08
-4.44791e-22
4.76181e-21
1.30611e-07
-2.53969e-21
4.35171e-22
-1.13413e-07
-4.16987e-21
-2.44406e-21
3.05608e-07
-7.07405e-22
2.53911e-22
-1.57282e-07
-1.52062e-21
6.04847e-22
5.03341e-07
-1.96649e-22
1.64212e-22
-1.92186e-07
-9.87322e-22
3.31415e-22
7.08073e-07
-2.13845e-22
-2.39271e-23
-2.0717e-07
-4.95697e-22
3.24158e-21
8.75907e-07
9.36864e-24
-2.3846e-22
-1.89417e-07
-3.64929e-23
-2.91277e-21
9.30468e-07
1.41069e-22
-1.62633e-22
-1.40672e-07
6.38598e-22
1.36449e-21
8.298e-07
3.67613e-22
-1.84801e-22
-8.19939e-08
3.0044e-22
-1.36877e-21
6.2419e-07
1.7263e-22
3.90525e-23
-3.53763e-08
1.15649e-22
1.74831e-21
4.10691e-07
3.57106e-22
4.1543e-23
-7.70078e-09
-9.52963e-23
-4.13205e-22
2.49999e-07
3.7527e-22
9.94126e-23
5.66836e-09
1.09722e-22
8.44735e-22
1.4539e-07
3.50995e-22
9.34892e-23
1.06997e-08
-1.81336e-22
-3.65251e-22
8.0634e-08
1.79452e-22
2.5455e-23
1.14627e-08
1.93932e-22
-4.84117e-22
4.13065e-08
2.44633e-23
2.69911e-23
1.03223e-08
1.01513e-22
2.08331e-22
1.76883e-08
-6.03743e-23
2.42659e-23
8.53869e-09
-4.3583e-23
4.89178e-23
3.65609e-09
-6.80896e-23
5.36705e-24
6.72527e-09
7.09844e-23
2.94811e-23
-4.5562e-09
-4.97518e-23
8.26206e-24
5.14096e-09
4.47344e-23
0
-9.24557e-09
-2.75108e-23
5.98415e-24
3.8623e-09
1.56687e-23
-5.24147e-23
-1.18097e-08
-1.23291e-23
3.52624e-24
2.88015e-09
1.55859e-23
1.02961e-23
-1.30991e-08
3.77562e-24
9.20761e-25
2.15132e-09
-1.21219e-23
-9.28089e-24
-1.36315e-08
5.57931e-24
8.59904e-25
1.62436e-09
4.34591e-24
-1.51496e-23
-1.37223e-08
1.31658e-23
1.07064e-25
1.2513e-09
5.33823e-24
8.10774e-24
-1.35639e-08
1.15831e-23
4.04559e-25
9.91945e-10
5.23095e-24
6.1778e-24
-1.3273e-08
1.24327e-23
7.96007e-26
8.14663e-10
-0
-1.7594e-24
-1.29209e-08
1.41201e-23
1.64875e-27
6.95482e-10
-1.24617e-25
-4.62183e-24
-1.25505e-08
1.77443e-23
4.26277e-26
6.16753e-10
1.21142e-25
-8.64734e-25
-1.21876e-08
2.17792e-23
2.58156e-26
5.65742e-10
-4.69241e-25
0
-1.18476e-08
2.37206e-23
2.70959e-26
5.33407e-10
2.82381e-25
9.9193e-25
-1.15395e-08
2.32899e-23
2.39358e-26
5.13409e-10
-1.34709e-25
2.42458e-25
-1.12684e-08
1.95324e-23
-7.35587e-28
5.01349e-10
-0
3.52576e-25
-1.10372e-08
1.46959e-23
2.37436e-26
4.94203e-10
5.78982e-27
-4.60556e-26
-1.08474e-08
9.52984e-24
1.71761e-26
4.89903e-10
3.02471e-26
-7.85146e-27
-1.06997e-08
4.95457e-24
1.51435e-26
4.87048e-10
-3.96307e-27
4.00575e-26
-1.05944e-08
1.53918e-24
5.67832e-27
4.84695e-10
-3.56016e-27
4.78273e-27
-1.05317e-08
0
0
2.41556e-10
0
0
-5.25564e-09
0
4.41439e-22
-1.88751e-22
3.65475e-21
-1.28453e-20
2.44467e-20
0
0
-6.31437e-22
0
0
1.62979e-20
4.8533e-22
2.17058e-21
-1.36561e-21
5.32454e-21
-3.998e-21
-5.93745e-20
1.73956e-21
0
-1.60078e-21
6.939e-21
4.21744e-20
4.25306e-20
2.08999e-21
-6.23594e-21
3.21778e-21
-1.52526e-21
3.58551e-20
-1.15308e-20
-3.25756e-21
2.12423e-20
7.5588e-21
1.30277e-19
1.5865e-19
-2.80339e-20
-1.93143e-20
-2.07109e-20
6.70084e-21
1.80131e-19
1.69802e-19
-8.10121e-21
-2.65504e-20
-1.49686e-21
1.15811e-20
-8.94826e-20
1.11448e-20
-1.19162e-19
-3.52167e-20
1.35483e-20
1.91769e-20
-5.28797e-20
2.78218e-20
1.15475e-20
-1.94944e-20
1.85396e-21
1.92066e-21
-1.47452e-19
-4.80271e-20
7.65363e-20
9.65243e-20
-2.64265e-22
1.58846e-21
-1.82965e-19
2.18108e-19
6.08679e-20
1.11346e-19
1.68717e-22
-5.11031e-22
-1.94862e-19
-5.63405e-20
7.80843e-20
1.21392e-19
-1.6677e-12
2.50959e-05
-1.07911e-19
-3.1066e-12
6.31002e-05
5.03421e-20
-4.17721e-13
4.645e-06
-5.26769e-20
3.91462e-13
-1.85064e-05
-7.82449e-21
-1.61968e-12
9.03719e-07
-6.61609e-21
8.75155e-13
-3.9769e-05
-7.50672e-21
7.81254e-22
-8.29504e-24
-0
-1.72112e-20
-0
-7.97266e-22
2.93277e-22
-1.91319e-22
5.47134e-20
-1.1487e-20
-6.0408e-21
-2.4579e-22
-7.01989e-22
8.50111e-23
3.88059e-20
-4.91814e-21
-4.20457e-21
0
-2.03314e-21
7.23727e-23
3.89673e-20
-2.74993e-22
2.78241e-21
-2.78293e-22
-4.28119e-13
-9.07574e-07
3.68874e-20
-1.11093e-13
-3.38088e-06
-1.16902e-21
7.22556e-13
1.87713e-06
5.87586e-20
-4.26395e-13
7.48146e-06
-2.50475e-21
-7.48122e-21
-1.56643e-22
-4.80666e-21
1.20136e-20
0
-3.04965e-21
-5.43896e-21
-2.14964e-22
3.10623e-21
-2.56834e-21
6.41245e-21
-3.91584e-21
-5.30642e-21
-9.23024e-23
2.99607e-21
-6.94978e-21
-5.25451e-21
-4.987e-21
-4.22492e-21
-4.06524e-22
4.02169e-23
3.16586e-21
-2.89533e-21
-5.67839e-21
-2.1501e-21
-6.74519e-23
6.13383e-21
1.64067e-21
3.70465e-21
-8.05129e-21
6.63582e-13
3.16807e-06
2.85436e-21
-5.13176e-13
4.71808e-05
-7.65478e-21
1.17159e-13
1.16385e-06
4.69805e-21
-1.05909e-13
1.53008e-05
-9.98732e-21
-8.31026e-16
3.89899e-07
-1.89131e-21
7.95213e-17
2.6417e-06
-1.07271e-20
-6.01643e-18
3.31301e-07
0
9.2239e-19
1.41912e-06
-1.02906e-20
8.78807e-19
2.92259e-07
0
-1.92216e-19
6.40492e-07
-1.15849e-20
-9.13281e-20
2.64286e-07
0
4.23973e-20
1.59558e-07
-1.40639e-20
-5.46225e-21
2.41438e-07
-1.1859e-21
-9.69696e-21
-1.28087e-07
-1.49808e-20
8.08422e-21
2.1973e-07
2.91738e-22
3.62413e-21
-2.91217e-07
-1.86594e-20
-4.02587e-21
1.9653e-07
-8.44044e-22
-2.66868e-22
-3.72956e-07
-1.7522e-20
1.36617e-21
1.70101e-07
-2.9293e-21
-2.22129e-22
-3.99197e-07
-1.79737e-20
-5.88123e-22
1.39318e-07
4.95e-22
-6.28021e-22
-3.84623e-07
-1.67558e-20
1.17382e-22
1.03492e-07
3.16079e-21
4.28263e-22
-3.36747e-07
-1.62186e-20
1.99878e-22
6.22926e-08
-7.06504e-21
4.4421e-22
-2.585e-07
-1.56425e-20
2.1946e-22
1.57265e-08
1.76445e-21
-2.21059e-21
-1.49865e-07
-1.12033e-20
2.6599e-22
-3.5846e-08
-9.00953e-22
-1.8549e-21
-8.86051e-09
-6.9565e-21
5.94034e-22
-9.16649e-08
-1.73022e-21
-2.47211e-21
1.67862e-07
-3.89712e-21
5.89411e-22
-1.5049e-07
-5.83721e-22
8.33869e-22
3.84651e-07
-1.8107e-21
7.09882e-22
-2.10418e-07
-2.87183e-22
-2.20121e-21
6.46323e-07
-5.49536e-22
4.21925e-22
-2.68225e-07
3.81073e-22
2.0426e-22
9.55775e-07
-3.79182e-22
2.56889e-22
-3.14458e-07
-8.09544e-22
-1.39979e-21
1.29177e-06
2.90428e-23
-1.66788e-22
-3.16583e-07
-4.18177e-23
4.00276e-21
1.50945e-06
1.84963e-22
-7.09227e-23
-2.38029e-07
9.8176e-23
-2.36255e-21
1.34763e-06
6.47655e-22
1.02398e-22
-1.27295e-07
1.0843e-21
-1.67183e-21
9.08222e-07
4.65067e-22
1.72454e-22
-5.13182e-08
7.87981e-22
-3.60599e-22
5.33182e-07
5.5144e-22
1.78918e-22
-1.26589e-08
6.9141e-22
-5.38266e-22
3.03191e-07
6.41375e-22
1.32753e-22
4.58231e-09
1.14696e-22
3.71322e-22
1.69978e-07
6.15269e-22
1.24665e-22
1.09164e-08
4.1313e-22
5.82336e-22
9.25726e-08
4.0297e-22
6.90009e-23
1.20336e-08
2.38958e-22
-7.11915e-22
4.73662e-08
8.89586e-23
2.52725e-23
1.09086e-08
2.15173e-22
-7.7808e-23
2.08873e-08
-4.14592e-23
2.54873e-23
9.03449e-09
7.4114e-23
1.10917e-22
5.40445e-09
-5.47105e-23
9.93175e-24
7.11185e-09
4.72631e-23
6.31319e-23
-3.57169e-09
-1.54275e-23
1.13611e-23
5.42964e-09
-2.865e-23
4.40209e-23
-8.67703e-09
2.28315e-23
-1.25678e-25
4.07222e-09
1.91459e-23
-8.2977e-23
-1.14744e-08
4.19086e-23
-2.89575e-25
3.03005e-09
-4.76787e-24
2.68227e-23
-1.28979e-08
4.86476e-23
-1.13771e-24
2.25693e-09
9.4503e-24
6.58895e-24
-1.3509e-08
4.38033e-23
-4.36708e-25
1.69799e-09
3.49749e-24
-6.39391e-24
-1.36468e-08
3.92237e-23
2.19425e-25
1.30217e-09
2.86651e-24
6.18764e-24
-1.35168e-08
3.58549e-23
-7.09231e-26
1.02684e-09
2.81096e-25
-1.04861e-23
-1.32434e-08
3.17905e-23
-3.18908e-25
8.38432e-10
-0
3.31562e-24
-1.2902e-08
2.77709e-23
-9.74976e-26
7.11571e-10
1.34089e-25
-1.99892e-24
-1.25384e-08
2.87732e-23
7.11675e-26
6.27572e-10
1.04331e-24
3.59789e-24
-1.21797e-08
2.93929e-23
2.76398e-26
5.72962e-10
-3.15879e-25
1.7893e-24
-1.18424e-08
2.95811e-23
-5.43438e-27
5.38179e-10
1.52154e-25
-1.38365e-24
-1.15361e-08
2.83825e-23
2.43031e-26
5.16519e-10
5.81063e-26
3.6323e-25
-1.12661e-08
2.27167e-23
5.47154e-27
5.03332e-10
-0
3.32979e-25
-1.10357e-08
1.63836e-23
2.12849e-26
4.95421e-10
7.50884e-26
1.69455e-25
-1.08464e-08
1.02105e-23
2.84135e-26
4.90603e-10
3.2754e-26
2.20511e-26
-1.0699e-08
5.11155e-24
1.57925e-26
4.87402e-10
-1.2913e-26
5.99772e-27
-1.05939e-08
1.4832e-24
6.53781e-27
4.84828e-10
3.88409e-27
4.97706e-27
-1.05314e-08
0
0
2.41575e-10
0
0
-5.25549e-09
-2.06738e-21
7.90781e-22
-2.26728e-21
3.52256e-22
-3.42423e-21
3.78311e-20
0
0
-2.80581e-21
0
0
-2.17841e-20
-1.41275e-21
0
-2.26745e-22
4.15638e-22
-2.14729e-20
-1.32914e-20
-5.72304e-22
8.77138e-22
4.42079e-22
-2.27703e-21
3.83034e-20
3.89971e-21
4.89303e-21
0
-2.97143e-21
2.46504e-21
8.86213e-20
-2.45518e-21
0
8.7263e-21
-2.62014e-21
3.65174e-20
-8.15486e-20
0
-1.17696e-20
-8.8521e-21
7.66237e-21
-1.39481e-20
-5.03588e-20
3.06799e-20
-1.06786e-20
-5.63627e-21
9.54726e-21
-2.19256e-20
-1.03015e-19
1.37794e-19
-1.30967e-20
3.71268e-21
5.1748e-21
-9.13619e-20
-2.32608e-20
-1.23814e-19
-2.60966e-20
4.61116e-21
1.42037e-22
-1.73792e-19
-1.50604e-19
-8.62574e-20
8.94715e-20
1.08183e-21
-2.99824e-21
-2.39315e-19
1.25952e-19
3.77826e-20
6.98109e-20
1.37189e-22
-3.17066e-21
-2.09565e-19
-9.51712e-20
-1.85887e-20
1.46247e-19
-1.78252e-12
2.12379e-05
-1.48993e-19
-2.40636e-12
4.28618e-05
6.73461e-20
-1.12943e-12
5.37834e-06
-1.39762e-20
9.71199e-13
-3.10363e-05
5.42973e-21
-2.72653e-21
-3.80593e-22
3.49838e-20
5.32885e-20
-6.61698e-21
-9.00181e-21
3.74281e-21
-1.27205e-23
4.75506e-20
-8.53587e-21
1.23104e-20
-3.383e-21
9.65801e-22
5.43978e-23
1.2777e-20
2.092e-20
2.87717e-21
2.67159e-22
4.19243e-21
3.35283e-22
5.80882e-21
3.27495e-21
1.41726e-21
3.8323e-22
2.07228e-21
-7.41709e-23
9.66802e-20
0
-0
-1.84843e-22
-1.45292e-13
-1.88901e-07
-8.53149e-20
-3.35609e-13
-3.94525e-06
-9.76867e-22
2.15914e-12
4.28953e-06
5.40539e-20
-1.28975e-12
2.14554e-05
-1.99964e-21
9.72216e-22
-1.26832e-22
5.90952e-20
1.42483e-20
-3.56936e-21
-2.72073e-21
-6.90549e-21
1.97142e-23
-3.11793e-20
1.20932e-21
-5.15731e-21
-3.67202e-21
-6.77721e-21
4.93252e-22
-4.2472e-21
-0
2.1748e-20
-5.18143e-21
-7.07946e-21
3.08094e-23
1.53053e-22
-5.60917e-21
-5.03072e-21
-6.2222e-21
-3.33873e-21
-4.15528e-23
-7.18039e-22
-1.32191e-21
-1.17367e-20
-9.27019e-21
-1.92812e-21
-2.64983e-23
-8.8392e-21
-1.27072e-21
-1.59482e-20
-9.29934e-21
5.16177e-13
2.86091e-06
6.77869e-21
-4.10797e-13
4.37791e-05
-1.08393e-20
7.17945e-14
9.23875e-07
1.01156e-21
-6.6055e-14
1.11658e-05
-1.1235e-20
3.66791e-16
3.60784e-07
3.38623e-21
-4.40256e-17
1.7028e-06
-1.26733e-20
-5.25015e-17
3.13735e-07
-1.2038e-21
8.9572e-18
7.58141e-07
-1.36811e-20
5.52657e-18
2.8126e-07
6.20881e-22
-1.90969e-18
1.95327e-07
-1.61897e-20
2.11179e-19
2.55497e-07
-6.23787e-22
4.31552e-19
-1.32187e-07
-1.75117e-20
-4.21804e-19
2.31526e-07
-1.53244e-21
-1.05356e-19
-3.13874e-07
-1.92627e-20
2.00241e-19
2.06237e-07
-3.83926e-21
2.59554e-20
-4.03124e-07
-2.18901e-20
-7.70023e-20
1.77636e-07
-2.79424e-21
-6.19576e-21
-4.30912e-07
-2.45361e-20
2.69286e-20
1.44447e-07
5.19395e-22
1.29162e-21
-4.14385e-07
-2.65688e-20
-9.47645e-21
1.05873e-07
-7.34654e-21
-1.21533e-21
-3.62139e-07
-2.58615e-20
2.84751e-21
6.14827e-08
-1.69637e-21
1.336e-21
-2.77408e-07
-2.44096e-20
-1.01777e-21
1.11513e-08
-3.15475e-21
7.14792e-22
-1.59909e-07
-2.17939e-20
2.07493e-22
-4.49738e-08
-3.79691e-21
1.47309e-21
-6.79739e-09
-1.30058e-20
2.70611e-22
-1.06522e-07
0
-1.53536e-21
1.87112e-07
-6.31365e-21
3.02653e-22
-1.7303e-07
-2.88798e-21
4.53469e-21
4.29977e-07
-1.9021e-21
3.46867e-22
-2.44298e-07
-4.594e-21
-7.26868e-21
7.35202e-07
-1.1605e-21
1.73693e-22
-3.21443e-07
-1.43774e-21
-3.94042e-21
1.12816e-06
1.62677e-22
2.38892e-22
-4.11431e-07
-1.1202e-21
-2.33486e-21
1.67295e-06
0
3.07894e-23
-4.80289e-07
-8.30398e-21
1.13443e-21
2.27434e-06
0
-9.72398e-23
-3.67407e-07
1.38929e-20
7.7999e-21
2.05298e-06
4.6902e-23
3.27363e-23
-1.69519e-07
8.56533e-22
2.61431e-21
1.17527e-06
2.18351e-22
1.04244e-22
-6.23593e-08
-0
9.05958e-22
6.15178e-07
5.44846e-22
1.34906e-22
-1.58664e-08
9.01003e-22
-2.65579e-22
3.35249e-07
6.4452e-22
1.28911e-22
3.84415e-09
1.16822e-22
7.61568e-22
1.83777e-07
1.07656e-21
6.33729e-23
1.09605e-08
1.29908e-22
-1.17349e-21
9.89514e-08
5.86908e-22
8.90429e-23
1.22884e-08
2.0984e-22
1.93455e-22
5.0483e-08
1.17405e-22
3.3594e-23
1.11809e-08
1.65655e-22
4.41193e-22
2.2484e-08
-2.19381e-23
8.64682e-24
9.26587e-09
-0
7.69322e-23
6.2567e-09
-1.92981e-23
-2.69419e-24
7.29185e-09
3.89229e-23
-1.8627e-22
-3.10018e-09
4.45699e-23
-4.29632e-24
5.56356e-09
-0
7.01189e-23
-8.408e-09
8.97459e-23
-4.71678e-24
4.16926e-09
1.97481e-23
-5.15506e-23
-1.13169e-08
1.08891e-22
-1.89176e-24
3.09914e-09
-7.38234e-24
3.85876e-23
-1.28035e-08
1.01195e-22
-2.19064e-24
2.3055e-09
7.32091e-24
-1.65236e-23
-1.34514e-08
9.32654e-23
-1.5772e-24
1.73178e-09
-0
-9.57836e-24
-1.3611e-08
7.38698e-23
-1.12803e-24
1.32549e-09
-3.55656e-24
-2.02443e-24
-1.34942e-08
5.80409e-23
-5.6811e-25
1.04282e-09
1.163e-24
4.48094e-24
-1.32289e-08
4.81762e-23
-1.85911e-25
8.4931e-10
8.53374e-25
2.84e-25
-1.28927e-08
4.09603e-23
-2.05841e-25
7.18929e-10
-1.38782e-25
-2.84659e-24
-1.25322e-08
3.775e-23
-7.37145e-26
6.32515e-10
-1.35016e-25
-1.58291e-24
-1.21756e-08
3.50172e-23
-5.4212e-26
5.76258e-10
4.57957e-25
1.80519e-25
-1.18396e-08
3.38593e-23
-1.87182e-26
5.40354e-10
-6.30445e-26
-1.74337e-25
-1.15341e-08
3.03972e-23
-4.08671e-26
5.17933e-10
9.03183e-26
-6.1371e-25
-1.12648e-08
2.37119e-23
2.19955e-26
5.04229e-10
4.24914e-26
1.78425e-25
-1.10347e-08
1.65398e-23
3.51598e-26
4.95967e-10
-5.1936e-26
-5.63056e-26
-1.08457e-08
1.00975e-23
2.53229e-26
4.90913e-10
-5.66974e-27
-1.0713e-25
-1.06985e-08
4.83701e-24
1.53361e-26
4.87555e-10
8.95535e-27
-6.11906e-27
-1.05935e-08
1.31896e-24
1.11563e-26
4.84884e-10
-0
-5.05943e-27
-1.05311e-08
0
0
2.41583e-10
0
0
-5.25535e-09
-4.68668e-22
7.12514e-22
-1.14587e-21
3.67513e-22
-1.13635e-21
0
0
0
-4.09638e-21
0
0
4.9356e-21
2.77153e-21
4.92564e-22
0
-1.32836e-21
-1.14118e-20
-2.21713e-21
3.84183e-21
3.18926e-21
-3.38958e-22
-9.73014e-21
1.13042e-20
2.67462e-21
8.04717e-21
-5.62354e-21
2.49069e-23
-3.27468e-20
2.92629e-20
1.17348e-21
6.06659e-21
5.35765e-21
1.04697e-21
1.11381e-20
2.21034e-21
-3.02816e-20
2.09596e-21
8.72041e-21
6.67745e-22
2.67613e-20
-4.05315e-20
-2.14498e-20
-2.28392e-21
0
5.34754e-21
1.28108e-20
5.75961e-20
-9.0889e-20
-2.56727e-21
3.21247e-21
-8.76862e-22
-1.60465e-19
2.54571e-19
3.06298e-20
-3.17898e-20
-9.04304e-22
-6.83695e-22
-1.65958e-19
-2.25764e-19
1.09482e-19
1.32016e-19
6.18374e-22
-1.69538e-21
-2.63718e-19
3.54716e-19
-3.86443e-20
8.38649e-20
-1.27879e-12
5.57968e-05
-2.23938e-19
-9.09943e-12
0.000165104
1.15946e-19
-9.53905e-13
1.50462e-05
-1.39569e-19
-1.09474e-12
1.47271e-05
6.16111e-21
-1.54904e-12
5.3949e-06
-6.44822e-20
1.33384e-12
-4.18954e-05
-2.71553e-21
-5.44297e-22
-5.69954e-22
-5.71367e-20
-7.6234e-20
5.07742e-21
-4.47761e-21
3.48755e-22
-1.79779e-22
-6.55982e-20
1.84111e-20
1.39481e-21
-5.01133e-21
-8.67347e-22
1.25385e-22
3.23331e-21
-8.44449e-21
4.73768e-21
-1.04408e-21
7.18024e-21
5.68036e-22
-5.85404e-21
-2.41549e-21
-2.097e-21
-1.06375e-22
-1.80632e-12
-3.61058e-06
-5.10243e-21
-1.34911e-13
-1.693e-05
-3.04325e-23
6.53469e-13
1.2114e-06
1.23281e-19
-5.71235e-13
-3.1903e-06
-3.63739e-22
7.28995e-21
-3.00538e-22
3.33442e-20
5.38107e-21
4.0736e-21
-1.39296e-21
6.00421e-21
9.79389e-23
-3.82541e-20
-7.62525e-21
4.16261e-21
-1.43664e-21
-2.27397e-21
2.44561e-22
2.34039e-20
-3.44177e-21
-1.18216e-20
-2.48498e-21
-6.4089e-21
1.72674e-21
7.1107e-21
-1.32404e-20
1.41426e-20
-2.52624e-21
-5.79482e-21
2.96806e-22
1.10283e-21
1.00231e-20
2.06751e-20
-6.10162e-21
-4.96776e-21
-1.44855e-22
1.18252e-20
2.34735e-21
7.37157e-21
-6.82984e-21
-3.95661e-21
1.22419e-22
-8.30162e-21
-2.8826e-21
-3.443e-21
-8.94397e-21
-2.92412e-21
4.34887e-22
3.61013e-21
-3.87187e-21
6.26516e-21
-7.9225e-21
1.91056e-13
1.57919e-06
-2.11985e-21
-1.63291e-13
2.25881e-05
-1.10476e-20
-1.38771e-15
3.74192e-07
-2.34101e-21
1.4682e-16
1.94902e-06
-8.83465e-21
1.9861e-16
3.21241e-07
-2.47908e-21
-2.93863e-17
8.69681e-07
-7.04734e-21
-2.17281e-17
2.85832e-07
-2.22612e-21
6.18348e-18
2.42485e-07
-1.07971e-20
-2.75114e-19
2.58566e-07
-2.54612e-21
-1.38373e-18
-1.15889e-07
-1.42317e-20
1.36309e-18
2.33786e-07
-3.11809e-22
3.32332e-19
-3.12182e-07
-1.64253e-20
-6.68416e-19
2.08034e-07
-1.0491e-21
-8.50288e-20
-4.08094e-07
-1.89296e-20
2.58173e-19
1.79147e-07
-4.52908e-21
2.38396e-20
-4.38667e-07
-2.12879e-20
-9.20217e-20
1.45763e-07
-2.10153e-21
-6.79363e-21
-4.23054e-07
-2.38638e-20
3.10374e-20
1.07045e-07
1.43661e-21
1.20445e-21
-3.70844e-07
-2.76545e-20
-1.13597e-20
6.25411e-08
2.35448e-21
-1.5445e-22
-2.8576e-07
-3.42267e-20
3.12417e-21
1.21157e-08
-4.67994e-21
-1.77932e-21
-1.67761e-07
-3.47109e-20
-1.45803e-21
-4.40888e-08
-3.19044e-21
1.30181e-21
-1.41186e-08
-2.51125e-20
-6.6193e-23
-1.05704e-07
5.26417e-22
-1.49828e-21
1.80291e-07
-9.52169e-21
-3.22811e-22
-1.72267e-07
-2.9121e-21
2.37162e-21
4.23591e-07
-2.49826e-21
-5.2306e-23
-2.43577e-07
-3.39951e-21
-4.29043e-21
7.29155e-07
-6.11279e-22
-8.64156e-23
-3.20746e-07
-2.6992e-21
4.41784e-21
1.12231e-06
1.35866e-22
3.8313e-23
-4.10726e-07
-2.56099e-22
3.7353e-21
1.66702e-06
-1.92511e-23
-3.2219e-22
-4.79591e-07
-8.85079e-21
-4.3798e-21
2.26846e-06
-5.11991e-22
-8.2265e-22
-3.66912e-07
1.28314e-20
-1.08635e-20
2.04882e-06
0
-6.26667e-23
-1.6928e-07
-2.12264e-22
-2.53983e-21
1.1733e-06
2.99707e-22
2.3455e-24
-6.22508e-08
1.57669e-22
-3.45141e-21
6.143e-07
8.78874e-22
7.85685e-23
-1.58138e-08
-2.99431e-22
3.57925e-22
3.34839e-07
1.09427e-21
9.42606e-23
3.87037e-09
3.49742e-22
-1.99802e-22
1.83584e-07
8.47419e-22
7.77656e-23
1.09738e-08
-6.48573e-23
6.61604e-22
9.88622e-08
3.88838e-22
1.77398e-23
1.22953e-08
1.04803e-22
2.86829e-22
5.0444e-08
7.56521e-23
1.98238e-23
1.11845e-08
-0
-2.20584e-22
2.24691e-08
-8.34106e-24
-4.58864e-24
9.26773e-09
-7.61464e-23
-9.95544e-23
6.2532e-09
2.70419e-23
-7.99166e-24
7.29283e-09
3.89028e-23
-4.12219e-23
-3.09866e-09
1.02474e-22
-1.78756e-23
5.56408e-09
-1.47562e-23
1.2236e-22
-8.40454e-09
1.50761e-22
-9.52017e-24
4.16953e-09
3.94833e-23
4.55117e-23
-1.13129e-08
1.69664e-22
-6.88457e-24
3.0993e-09
7.3804e-24
2.63518e-23
-1.27998e-08
1.53715e-22
-4.6958e-24
2.30558e-09
1.58586e-23
-1.2922e-23
-1.3448e-08
1.31323e-22
-3.21954e-24
1.73183e-09
1.08417e-23
1.10077e-23
-1.36082e-08
1.02823e-22
-2.06269e-24
1.32552e-09
5.92677e-24
9.54357e-24
-1.34918e-08
8.11084e-23
-1.03335e-24
1.04284e-09
5.81434e-25
-7.46812e-24
-1.3227e-08
6.31469e-23
-7.86697e-25
8.4932e-10
2.84431e-25
1.44183e-24
-1.28911e-08
5.02176e-23
-4.41397e-25
7.18935e-10
2.77542e-25
1.64338e-24
-1.25309e-08
4.23832e-23
-1.76914e-25
6.3252e-10
-0
1.5534e-24
-1.21745e-08
3.73565e-23
-7.77693e-26
5.76261e-10
8.50446e-25
-2.08743e-24
-1.18388e-08
3.44573e-23
-3.42329e-26
5.40356e-10
-2.52167e-25
4.35839e-25
-1.15334e-08
3.09067e-23
-1.02954e-27
5.17935e-10
9.03149e-26
2.40894e-25
-1.12642e-08
2.33807e-23
2.89083e-26
5.04231e-10
1.84124e-25
-6.54223e-25
-1.10343e-08
1.60351e-23
1.63654e-26
4.95969e-10
3.89509e-26
2.15837e-25
-1.08453e-08
9.47115e-24
2.57981e-26
4.90914e-10
4.53568e-26
5.63839e-26
-1.06981e-08
4.42352e-24
1.7449e-26
4.87556e-10
4.47757e-27
6.73094e-26
-1.05932e-08
1.16559e-24
9.723e-27
4.84885e-10
-1.35e-27
5.05941e-27
-1.05308e-08
0
0
2.41583e-10
0
0
-5.25521e-09
4.94949e-22
-1.05754e-12
-1.08962e-05
-3.41823e-22
6.29306e-13
-7.00921e-06
0
0
-5.65391e-06
0
0
-3.7356e-06
1.11394e-21
-1.3888e-12
-7.71118e-06
6.96186e-21
1.15833e-12
-6.17798e-07
-2.72558e-21
3.30839e-12
1.68668e-05
-2.59444e-21
1.79538e-12
3.00066e-05
-4.23265e-21
9.33307e-22
-9.38664e-22
2.74945e-20
1.24275e-22
-9.13432e-21
-2.78465e-21
3.45284e-21
-2.03441e-21
-2.1764e-20
2.64515e-20
-5.74964e-21
-2.35736e-20
0
2.25101e-22
-9.47289e-20
-1.62951e-20
-5.48325e-20
-2.98807e-20
-4.34145e-21
3.31488e-22
-7.09613e-20
-1.46681e-19
1.52597e-19
-1.12494e-20
6.83793e-22
1.61475e-21
-1.16673e-19
1.43081e-19
-0
-2.41533e-20
9.90039e-22
3.28991e-22
-1.8222e-19
-2.24027e-19
-6.37476e-20
4.20407e-20
-1.31323e-22
-2.3286e-21
-2.06721e-19
-9.99488e-20
1.87426e-20
9.58742e-20
-1.15113e-12
3.78623e-05
-2.17954e-19
-4.96385e-12
0.00010078
7.24583e-20
6.60076e-14
8.35902e-06
-1.38916e-19
5.58142e-15
-9.99513e-06
1.2008e-20
-1.40594e-12
4.32722e-06
-4.60832e-20
1.09714e-12
-3.90141e-05
-2.08054e-20
-2.72589e-21
-6.38531e-22
-0
3.66401e-20
7.48657e-21
-9.46847e-21
0
-1.95618e-23
-6.08557e-20
-1.82883e-20
1.36814e-21
-2.29424e-21
-6.54023e-22
-4.94517e-23
1.57484e-20
1.35923e-20
-1.02614e-21
6.86104e-22
6.46365e-21
-2.30099e-22
3.11881e-20
-9.93067e-22
-3.36646e-21
-2.0969e-22
-1.02824e-12
-2.04553e-06
5.6472e-20
-8.48113e-14
-1.13199e-05
1.78827e-22
1.40773e-12
2.62143e-06
1.21684e-20
-7.1767e-13
-2.14363e-06
4.19497e-22
7.70714e-21
3.80312e-22
-6.27974e-21
-1.15413e-20
-3.4284e-21
6.79904e-23
5.25048e-21
2.9575e-22
-1.76061e-20
1.39621e-20
4.48933e-21
-2.40961e-22
7.83871e-21
2.30647e-21
-5.12479e-21
3.94822e-21
3.16062e-21
1.09872e-21
2.25238e-21
2.31816e-22
5.43002e-20
3.47773e-21
-3.7988e-21
-4.08358e-21
-2.87556e-21
1.77787e-21
-1.86535e-20
5.46364e-21
2.00109e-21
-6.25548e-21
-3.89638e-21
1.71457e-22
1.55208e-20
-2.57523e-21
-3.8664e-21
-1.08069e-20
-2.96573e-21
1.79141e-22
-8.89583e-21
-1.17656e-21
1.07571e-20
-1.54584e-20
-1.92339e-21
-1.44897e-21
-7.50773e-21
4.70249e-21
-6.48099e-21
-1.45307e-20
2.96822e-13
2.21779e-06
1.08255e-20
-2.54784e-13
3.4362e-05
-1.34889e-20
-2.14177e-15
3.68754e-07
3.54358e-21
2.2591e-16
2.10482e-06
-3.41064e-21
3.09371e-16
3.13351e-07
1.24003e-21
-4.46588e-17
9.55038e-07
-1.12791e-21
-3.54977e-17
2.77178e-07
-1.58017e-21
9.29139e-18
2.94183e-07
-6.29227e-22
4.78516e-19
2.50093e-07
9.43819e-22
-2.05977e-18
-8.06253e-08
-3.37161e-21
1.74865e-18
2.26097e-07
-3.06879e-21
4.88843e-19
-2.85362e-07
-7.03542e-21
-9.01894e-19
2.01587e-07
-2.93912e-22
-1.2433e-19
-3.86234e-07
-8.71916e-21
3.53169e-19
1.74347e-07
5.53339e-22
3.26165e-20
-4.20557e-07
-1.25969e-20
-1.26146e-19
1.43013e-07
-5.12037e-22
-1.06686e-20
-4.08701e-07
-1.68616e-20
4.26169e-20
1.0678e-07
-2.38559e-21
2.31502e-21
-3.61001e-07
-2.32656e-20
-1.52535e-20
6.52572e-08
-1.00139e-20
9.51487e-23
-2.81792e-07
-3.03993e-20
3.8769e-21
1.84218e-08
1.90119e-21
1.37138e-21
-1.7174e-07
-3.56855e-20
-2.47753e-21
-3.33813e-08
-3.57833e-21
6.04204e-22
-2.92014e-08
-3.22052e-20
-2.31531e-22
-8.94001e-08
-2.97557e-21
-2.83548e-21
1.49012e-07
-1.0049e-20
-7.61988e-22
-1.48399e-07
-1.44618e-21
1.04144e-22
3.67171e-07
-1.56317e-21
-4.61357e-22
-2.08475e-07
-3.22752e-21
3.32924e-21
6.30052e-07
8.88098e-22
-5.40479e-22
-2.66409e-07
1.47678e-22
1.83735e-21
9.40555e-07
1.08961e-21
-1.18025e-21
-3.12773e-07
4.25266e-22
-2.0211e-21
1.27764e-06
-3.97429e-22
-1.10338e-21
-3.15135e-07
-3.50393e-22
-2.56096e-21
1.49732e-06
-1.30927e-21
-7.13664e-22
-2.37016e-07
-2.74672e-22
4.16807e-21
1.33918e-06
-1.7737e-21
-4.5769e-22
-1.26728e-07
1.90391e-21
5.57134e-21
9.03563e-07
-2.57005e-22
-1.12188e-22
-5.10322e-08
9.32779e-22
3.27733e-22
5.30882e-07
2.61447e-23
-6.52656e-23
-1.25152e-08
5.87502e-22
6.45761e-22
3.02078e-07
2.74637e-22
-1.75854e-23
4.65542e-09
5.70045e-22
-3.42681e-22
1.69444e-07
2.17123e-22
-1.4491e-23
1.0954e-08
2.53132e-22
1.81346e-22
9.2324e-08
5.91019e-23
-2.55607e-23
1.20531e-08
-6.80529e-23
-6.41246e-24
4.72574e-08
2.33773e-24
-1.46184e-23
1.09188e-08
-1.25208e-22
1.08049e-22
2.08464e-08
1.78514e-23
-2.64674e-23
9.03982e-09
1.10958e-22
1.66351e-22
5.3955e-09
8.39011e-23
-2.24108e-23
7.11466e-09
1.22699e-22
-1.5781e-22
-3.56652e-09
1.59324e-22
-1.26099e-23
5.43114e-09
4.29236e-23
4.00146e-23
-8.66646e-09
2.09713e-22
-1.29824e-23
4.07302e-09
2.86914e-23
-9.01838e-24
-1.14626e-08
2.0847e-22
-1.06438e-23
3.03049e-09
9.52839e-24
-4.38881e-23
-1.28867e-08
1.87484e-22
-6.35458e-24
2.25718e-09
9.44441e-24
-7.82383e-24
-1.34991e-08
1.55614e-22
-4.01769e-24
1.69812e-09
9.32192e-24
2.36282e-23
-1.36384e-08
1.21641e-22
-2.67957e-24
1.30225e-09
-0
-9.93722e-24
-1.35097e-08
9.61815e-23
-1.82569e-24
1.02689e-09
2.81e-24
-1.516e-24
-1.32376e-08
7.1689e-23
-6.55334e-25
8.38462e-10
-1.9239e-24
5.95089e-24
-1.28973e-08
5.49752e-23
-3.98968e-25
7.1159e-10
4.02174e-25
9.13761e-25
-1.25345e-08
4.48213e-23
-2.29605e-25
6.27585e-10
1.17351e-24
4.59293e-25
-1.21766e-08
3.87327e-23
-9.20276e-26
5.72972e-10
3.78996e-25
5.62338e-25
-1.18399e-08
3.44029e-23
-2.41947e-26
5.38186e-10
1.82561e-25
-4.07448e-25
-1.1534e-08
3.02159e-23
-2.34259e-26
5.16525e-10
1.162e-25
5.81159e-25
-1.12644e-08
2.21774e-23
8.88057e-27
5.03337e-10
-2.73208e-26
0
-1.10343e-08
1.5047e-23
2.8064e-26
4.95424e-10
-5.00548e-26
-6.41174e-26
-1.08452e-08
8.78684e-24
2.79417e-26
4.90606e-10
-1.09172e-26
0
-1.06979e-08
4.04062e-24
1.4919e-26
4.87405e-10
1.29122e-26
1.79929e-26
-1.0593e-08
1.02635e-24
8.981e-27
4.8483e-10
-3.88383e-27
0
-1.05305e-08
0
0
2.41576e-10
0
0
-5.25507e-09
-7.58633e-22
1.56572e-14
9.13763e-07
-1.31648e-21
-2.02779e-16
1.29048e-06
0
0
1.44655e-07
0
0
1.9396e-07
-3.24038e-21
-2.24913e-14
2.0676e-06
3.75215e-21
-5.01741e-16
3.11761e-06
-1.60827e-21
3.27998e-12
2.396e-05
-1.02269e-20
-8.63804e-14
3.55603e-05
-7.66786e-21
2.50875e-21
-3.95923e-21
-5.81552e-21
-5.36593e-21
1.82416e-20
-9.31605e-21
3.44196e-21
-3.99608e-21
4.22106e-21
-1.65084e-20
1.64431e-20
-6.66046e-21
2.35521e-22
-2.28664e-21
1.15106e-20
-6.22525e-20
-3.06917e-20
7.86876e-21
4.58437e-21
-6.49476e-21
-3.70962e-20
2.73245e-20
-5.26437e-20
-1.2567e-21
-3.65485e-21
-2.44252e-21
-9.0823e-20
2.03928e-19
-1.09668e-19
6.83247e-21
4.45221e-22
-9.85318e-21
-1.43058e-19
-3.88125e-20
-7.74156e-20
-3.45037e-21
-7.60436e-23
-1.45682e-21
-1.56829e-19
1.77377e-20
7.00602e-20
-1.35226e-20
-8.23744e-13
2.26748e-05
-1.33735e-19
-1.832e-12
4.99159e-05
-3.15764e-21
2.90657e-14
5.72044e-06
-6.98066e-20
8.28855e-16
-9.22071e-06
-8.42092e-21
-9.01132e-13
2.81714e-06
-7.24749e-20
5.44928e-13
-2.69427e-05
-2.3674e-20
-1.15448e-21
-5.27292e-22
-4.48378e-20
1.88826e-20
-3.16271e-21
-1.01993e-20
-2.13454e-21
4.83261e-22
3.17503e-21
-5.599e-21
-3.89194e-21
-4.50383e-21
8.21666e-22
5.9971e-22
1.7637e-20
-8.43883e-21
6.81791e-21
2.81011e-21
-1.49067e-12
-3.15709e-06
1.05121e-20
6.51644e-14
-2.20617e-05
1.36333e-21
-4.08122e-13
-9.66157e-07
-0
-3.79243e-14
-7.96978e-06
-1.98374e-21
1.27912e-12
2.52326e-06
8.5762e-20
-6.68701e-13
-1.59602e-06
-2.36297e-21
1.31411e-20
-6.55875e-23
-6.7385e-20
-1.09631e-20
-2.28556e-21
-1.01465e-21
1.29059e-20
6.68287e-23
2.55529e-20
1.30653e-20
-4.44612e-21
7.86598e-22
5.61379e-21
-1.33333e-21
-2.69873e-20
-1.99754e-20
-4.27719e-21
1.36576e-21
2.40632e-21
-8.94926e-22
3.69483e-21
-0
-3.33987e-20
-3.31568e-21
-8.02452e-22
1.02869e-21
-2.28751e-20
5.79397e-21
3.14601e-20
-1.07804e-20
-8.47907e-22
2.85726e-21
-8.52482e-21
1.85075e-21
3.84205e-21
-1.4169e-20
3.36071e-22
4.56073e-22
1.22642e-20
-4.78835e-22
3.5864e-21
-1.59393e-20
1.57841e-21
-3.92693e-21
5.65734e-21
-1.13794e-21
-3.25312e-21
-1.28306e-20
3.0048e-13
2.23542e-06
-6.411e-21
-2.54112e-13
3.55839e-05
-5.35525e-21
-2.19128e-15
3.43343e-07
2.30268e-21
2.24342e-16
2.12289e-06
4.36765e-21
3.21958e-16
2.89775e-07
0
-4.40268e-17
9.9168e-07
1.09282e-20
-3.8871e-17
2.55286e-07
-9.08431e-22
9.07327e-18
3.39002e-07
1.1595e-20
1.45972e-18
2.30092e-07
-2.99537e-22
-1.98758e-18
-3.2427e-08
1.18973e-20
1.44349e-18
2.0836e-07
-1.30767e-21
4.68051e-19
-2.36659e-07
8.94173e-21
-8.02873e-19
1.86588e-07
-2.7698e-21
-1.17359e-19
-3.39233e-07
9.55454e-21
3.20337e-19
1.62647e-07
-3.24493e-21
3.22613e-20
-3.77289e-07
6.81002e-21
-1.15088e-19
1.35251e-07
-1.04666e-21
-7.8674e-21
-3.71266e-07
-4.79623e-22
3.86917e-20
1.03678e-07
-1.2659e-21
2.94269e-21
-3.3178e-07
-8.07552e-21
-1.3897e-20
6.76458e-08
-1.49112e-21
-9.69829e-22
-2.63681e-07
-1.4988e-20
3.25947e-21
2.72879e-08
2.59093e-21
3.82584e-22
-1.68519e-07
-1.6198e-20
-2.23955e-21
-1.67958e-08
-3.53571e-21
0
-4.61517e-08
-1.04758e-20
-4.33507e-22
-6.34055e-08
5.20759e-22
2.9009e-21
1.03973e-07
-1.81716e-21
-1.05251e-21
-1.10491e-07
9.05282e-23
1.80792e-22
2.81294e-07
3.03748e-21
-8.10074e-22
-1.54642e-07
4.64154e-22
-9.06237e-22
4.81325e-07
2.72539e-21
-9.96364e-22
-1.89836e-07
-2.61078e-21
1.1037e-21
6.88474e-07
1.09266e-21
-9.91291e-22
-2.05164e-07
-6.31809e-22
-8.098e-22
8.59197e-07
-4.96155e-22
-8.22871e-22
-1.87846e-07
-2.28998e-22
-3.91867e-21
9.17419e-07
-1.65847e-21
-8.27696e-22
-1.39578e-07
-9.99961e-23
2.63017e-21
8.20786e-07
-1.93025e-21
-4.88405e-22
-8.13212e-08
1.05288e-22
-1.90019e-21
6.1872e-07
-1.30028e-21
-4.08551e-22
-3.50006e-08
-3.02035e-22
3.82279e-22
4.07708e-07
-6.2885e-22
-1.6907e-22
-7.50051e-09
-3.76081e-22
8.26079e-22
2.48471e-07
-3.7777e-22
-1.12299e-22
5.77369e-09
2.71746e-22
-1.7912e-22
1.44637e-07
-1.86077e-22
-8.26271e-23
1.0755e-08
3.60209e-22
-1.91258e-22
8.02784e-08
-7.81573e-23
-5.45812e-23
1.14917e-08
2.25102e-22
-3.6593e-22
4.11515e-08
-1.33417e-23
-3.60907e-23
1.03376e-08
5.05585e-23
-1.76234e-22
1.76319e-08
5.09181e-23
-4.08635e-23
8.54676e-09
1.04282e-22
-1.14115e-22
3.6463e-09
1.26466e-22
-3.36047e-23
6.72956e-09
9.73701e-23
-7.36878e-23
-4.54552e-09
1.8987e-22
-2.53215e-23
5.14325e-09
-1.78597e-23
1.74761e-23
-9.22731e-09
2.38246e-22
-1.53911e-23
3.86353e-09
4.46996e-24
-5.07161e-23
-1.179e-08
2.32847e-22
-9.69707e-24
2.88082e-09
-2.00144e-23
-2.28771e-23
-1.30806e-08
2.00184e-22
-7.0498e-24
2.15169e-09
4.40359e-24
1.08265e-23
-1.36153e-08
1.62679e-22
-4.03978e-24
1.62457e-09
-0
1.0447e-24
-1.37086e-08
1.30398e-22
-2.84075e-24
1.25142e-09
-4.26776e-24
-1.55092e-23
-1.35524e-08
9.93742e-23
-1.55886e-24
9.92019e-10
2.09124e-24
2.37591e-24
-1.32637e-08
7.39015e-23
-6.23308e-25
8.1471e-10
2.55527e-24
-1.59936e-24
-1.29133e-08
5.65938e-23
-4.07238e-25
6.95513e-10
-4.98286e-25
-3.22437e-25
-1.25443e-08
4.53358e-23
-2.20659e-25
6.16774e-10
3.63315e-25
-2.2338e-24
-1.21825e-08
3.73552e-23
-1.31811e-25
5.65757e-10
-1.17281e-25
9.1475e-25
-1.18435e-08
3.26908e-23
-1.72094e-26
5.33418e-10
-0
2.23977e-25
-1.15361e-08
2.83382e-23
-2.94254e-26
5.13418e-10
-1.07748e-25
-5.90315e-25
-1.12656e-08
2.03612e-23
1.90924e-26
5.01357e-10
-6.32774e-26
4.51835e-25
-1.10349e-08
1.36048e-23
2.10615e-26
4.94209e-10
1.15781e-26
-2.42735e-25
-1.08454e-08
7.9314e-24
1.86338e-26
4.89908e-10
-0
5.2342e-26
-1.0698e-08
3.60944e-24
1.44729e-26
4.87052e-10
7.92526e-27
0
-1.05929e-08
8.96039e-25
8.37951e-27
4.84699e-10
-3.55978e-27
9.56531e-27
-1.05303e-08
0
0
2.41558e-10
0
0
-5.25495e-09
-1.9675e-21
1.1501e-15
1.20409e-06
-9.18653e-22
-1.76066e-17
1.86046e-06
0
0
1.97732e-07
0
0
2.88923e-07
-7.08387e-21
-1.88635e-14
2.49166e-06
-5.17658e-21
7.60797e-18
3.8804e-06
-6.34142e-21
1.55807e-12
1.65499e-05
-0
-1.994e-13
2.70058e-05
-1.00701e-20
1.79021e-21
-9.34175e-21
8.09534e-21
1.34274e-21
3.64106e-20
-9.22604e-21
3.368e-22
-5.70612e-21
6.68047e-21
-2.58048e-20
-5.2404e-20
1.08656e-20
-1.06207e-21
-3.40175e-21
-4.94842e-20
1.53217e-20
-0
-3.01479e-20
-3.53102e-22
9.35652e-21
-4.72054e-20
-9.18719e-20
2.56871e-20
-2.53332e-20
1.36139e-21
1.03869e-20
-6.50089e-20
8.74837e-20
5.8627e-20
-1.72432e-20
5.12454e-22
-5.33283e-21
-9.67539e-20
-9.70471e-20
-1.57014e-20
-2.68984e-20
7.49616e-14
3.22889e-05
-1.03935e-19
-2.19477e-12
8.5166e-05
-3.80743e-20
-3.06557e-13
1.15272e-05
-9.64053e-20
-4.73167e-13
1.57122e-05
-4.02405e-20
2.12435e-16
3.73173e-06
-8.32921e-20
-4.34233e-16
-7.72003e-06
-3.72591e-20
-3.1124e-13
1.67397e-06
-3.05009e-21
1.62178e-13
-1.56279e-05
-1.72083e-20
-7.63872e-13
-1.69998e-07
2.34946e-20
2.80501e-13
-2.3471e-05
-5.30607e-21
-1.01796e-12
-1.73167e-06
-6.19441e-22
2.60371e-13
-2.74472e-05
7.36078e-22
-8.02217e-13
-1.96354e-06
2.2774e-21
1.17751e-13
-1.96556e-05
6.05279e-21
-3.66703e-13
-1.2278e-06
6.7521e-20
1.42525e-14
-1.15521e-05
-3.09407e-23
4.29109e-15
-1.8315e-07
2.503e-20
2.73392e-16
-5.19529e-06
-9.50939e-21
7.19732e-13
1.59472e-06
-3.16323e-21
-3.83307e-13
-1.61853e-06
-1.0899e-20
1.48309e-20
-4.96761e-21
2.35745e-21
1.15201e-20
-1.54583e-21
-7.06431e-21
9.74029e-21
1.4859e-22
2.62411e-20
-0
-4.59054e-21
-8.1642e-22
4.33444e-21
-4.91589e-22
1.51802e-21
-6.5348e-21
-1.28759e-20
8.38916e-22
1.32642e-21
-1.82201e-21
9.50159e-22
3.47559e-21
3.41127e-20
-3.84566e-22
-1.08041e-21
-5.72247e-22
-2.34488e-21
3.11433e-22
-7.32075e-21
-3.41136e-21
-6.10992e-22
2.01213e-22
6.61477e-21
-6.2379e-22
-1.82447e-20
-5.41157e-21
4.29493e-22
-3.8791e-22
3.01273e-21
1.06869e-21
6.92915e-21
-3.80367e-21
7.6531e-22
-2.72782e-21
-1.08293e-20
2.46306e-21
-3.18311e-21
2.5011e-21
2.37817e-13
1.91609e-06
-7.03846e-21
-1.97732e-13
3.05903e-05
9.65073e-21
-1.76727e-15
2.98962e-07
1.07004e-21
1.75199e-16
1.97806e-06
1.60358e-20
2.65546e-16
2.51467e-07
-1.65265e-21
-3.42943e-17
9.60193e-07
2.12662e-20
-3.3689e-17
2.2102e-07
-8.29168e-22
7.01881e-18
3.63071e-07
2.24273e-20
1.96279e-18
1.99224e-07
-1.35741e-22
-1.52357e-18
1.8928e-08
2.33281e-20
9.05873e-19
1.80921e-07
-5.23473e-22
3.53549e-19
-1.73008e-07
2.29524e-20
-5.62095e-19
1.62972e-07
6.2015e-22
-8.8616e-20
-2.72022e-07
2.23298e-20
2.29814e-19
1.43466e-07
-5.27546e-22
2.26913e-20
-3.12259e-07
1.89751e-20
-8.33503e-20
1.21267e-07
2.65027e-23
-6.55536e-21
-3.12805e-07
1.12523e-20
2.80674e-20
9.57693e-08
-1.62343e-21
2.01643e-21
-2.83835e-07
5.7445e-21
-1.01029e-20
6.67931e-08
-1.3498e-21
-2.89088e-22
-2.30363e-07
3.23634e-23
2.46052e-21
3.45793e-08
5.10055e-22
6.95895e-22
-1.5461e-07
-9.87504e-22
-1.76641e-21
-1.33985e-10
6.12368e-23
-1.73069e-21
-5.76824e-08
7.78804e-22
-5.15336e-22
-3.59553e-08
-4.67157e-21
-1.32755e-22
5.89428e-08
4.33203e-21
-8.30115e-22
-7.05918e-08
1.1537e-21
1.24496e-21
1.91593e-07
4.44894e-21
-7.96707e-22
-1.00493e-07
-2.77146e-21
1.03394e-21
3.31612e-07
2.605e-21
-7.65752e-22
-1.20531e-07
2.82579e-22
-5.87496e-22
4.61189e-07
9.37934e-22
-8.45423e-22
-1.24829e-07
0
1.43705e-21
5.51389e-07
-4.42828e-22
-8.41e-22
-1.1044e-07
2.17638e-24
-4.78658e-22
5.72838e-07
-1.0947e-21
-6.51034e-22
-8.14951e-08
3.28426e-22
8.36469e-22
5.17607e-07
-1.22465e-21
-5.01946e-22
-4.82645e-08
-3.08551e-22
-2.8173e-22
4.1001e-07
-1.0469e-21
-3.42566e-22
-2.06021e-08
4.27554e-22
-1.4061e-21
2.90176e-07
-7.5598e-22
-2.20048e-22
-2.66025e-09
-8.72317e-23
3.68977e-22
1.88039e-07
-4.15305e-22
-1.38858e-22
6.61306e-09
1.99595e-22
4.10328e-22
1.13715e-07
-1.81456e-22
-1.02589e-22
1.01389e-08
-1.09429e-22
2.69411e-22
6.41027e-08
-6.7164e-23
-7.49825e-23
1.04863e-08
-1.4572e-22
-4.73536e-22
3.24591e-08
1.89196e-23
-3.84104e-23
9.35556e-09
-1.52058e-23
2.95963e-22
1.28335e-08
9.40293e-23
-3.43339e-23
7.72292e-09
1.56245e-23
1.63479e-22
9.3206e-10
1.63025e-22
-2.89418e-23
6.0861e-09
2.38e-23
7.52809e-23
-6.11332e-09
1.97215e-22
-1.93198e-23
4.66084e-09
4.39049e-23
4.00317e-23
-1.01487e-08
2.24519e-22
-1.32717e-23
3.51133e-09
3.58842e-23
4.97921e-23
-1.2339e-08
2.1403e-22
-8.11827e-24
2.62847e-09
5.9398e-24
2.04466e-23
-1.34114e-08
1.92648e-22
-5.30481e-24
1.97343e-09
1.37006e-23
0
-1.38163e-08
1.53205e-22
-2.95948e-24
1.50006e-09
9.63713e-24
7.48285e-24
-1.38316e-08
1.19685e-22
-1.69245e-24
1.16525e-09
-1.4191e-24
9.4734e-25
-1.36281e-08
9.24367e-23
-9.98028e-25
9.32852e-10
4.16819e-24
1.91664e-24
-1.33104e-08
6.88643e-23
-5.61194e-25
7.74367e-10
2.2617e-25
9.17893e-24
-1.29422e-08
5.19849e-23
-1.80181e-25
6.68184e-10
-4.40721e-25
-1.92848e-24
-1.25622e-08
4.04132e-23
-1.04245e-25
5.9838e-10
1.17749e-24
0
-1.21937e-08
3.34095e-23
-1.46855e-26
5.53465e-10
1.03598e-25
5.18886e-25
-1.18504e-08
2.84028e-23
-2.55897e-26
5.25277e-10
4.98425e-26
-1.72566e-25
-1.15403e-08
2.42084e-23
-1.18933e-26
5.08093e-10
3.32614e-25
-5.31252e-25
-1.12682e-08
1.73438e-23
1.08917e-26
4.97941e-10
2.2299e-26
5.18461e-25
-1.10364e-08
1.1509e-23
1.55027e-26
4.92089e-10
2.03675e-26
-9.40533e-26
-1.08463e-08
6.66556e-24
1.15101e-26
4.88669e-10
-8.8454e-27
0
-1.06984e-08
3.03039e-24
8.02218e-27
4.86409e-10
1.0391e-26
-6.80185e-26
-1.0593e-08
7.66388e-25
5.38653e-27
4.84447e-10
-1.0309e-27
1.76782e-26
-1.05302e-08
0
0
2.41522e-10
0
0
-5.25485e-09
-4.74492e-21
-1.77116e-16
1.11292e-06
2.1082e-21
1.33826e-17
1.66979e-06
0
0
1.84803e-07
0
0
2.53152e-07
-1.04667e-20
3.20676e-15
2.23135e-06
5.6287e-22
2.70808e-17
3.35942e-06
-4.5391e-21
4.23652e-13
8.63016e-06
4.00566e-21
-8.24184e-14
1.42732e-05
-1.28503e-20
1.85555e-12
2.49475e-05
-1.1169e-20
-4.69986e-13
4.5787e-05
-8.98649e-21
-1.74262e-22
-4.33828e-21
1.26823e-20
-1.58354e-21
-1.64539e-20
-2.64869e-21
-7.37386e-22
-8.80588e-21
-1.07205e-20
2.4476e-20
-3.0505e-20
-1.7131e-21
5.50529e-22
-5.15635e-21
-1.30534e-20
1.15932e-20
5.9899e-21
4.96762e-21
-5.0565e-22
-5.90764e-21
-3.82159e-20
-2.10992e-20
-6.68757e-21
-6.37146e-21
6.51434e-13
2.90679e-05
-5.17474e-20
-1.3781e-12
7.5021e-05
-3.75438e-20
-1.16935e-14
1.19691e-05
-5.06518e-20
-4.05179e-13
2.14313e-05
-2.47306e-20
3.42377e-15
4.29112e-06
-4.24599e-20
4.2233e-16
-3.53787e-06
-1.93647e-20
-5.58505e-16
2.43014e-06
-1.55866e-20
-1.45024e-17
-5.85462e-06
-3.65778e-20
1.46586e-15
9.20644e-07
-1.83141e-20
-8.10973e-17
-7.54611e-06
-1.59744e-20
7.72465e-15
-4.1645e-08
-2.68259e-20
-2.5062e-16
-8.51148e-06
-5.10567e-21
1.03211e-14
-4.83938e-07
-3.29007e-20
-2.4644e-16
-8.69969e-06
8.31677e-22
8.25554e-15
-5.54118e-07
7.49641e-21
-1.05953e-16
-8.06943e-06
1.72236e-21
-1.9874e-15
-4.06976e-07
-1.50491e-20
-1.29864e-18
-6.56608e-06
-2.30559e-21
8.60407e-16
-1.51939e-07
7.9003e-21
-4.88086e-17
-4.12438e-06
-7.38585e-21
2.25445e-13
7.15673e-07
2.50297e-20
-1.25811e-13
-1.49186e-06
-8.21124e-21
1.39906e-12
3.50963e-06
5.45163e-21
-8.44867e-13
1.96575e-05
-4.89978e-21
5.21066e-21
-1.20424e-21
-2.26164e-21
-6.02464e-21
3.77888e-21
1.52463e-22
2.52206e-21
7.26362e-23
-3.80765e-21
-1.75107e-21
0
1.02369e-21
4.75499e-22
-2.63015e-22
0
-1.35362e-21
6.08888e-21
1.64438e-21
-6.21676e-22
-1.79673e-22
-6.31255e-21
-1.23321e-21
-9.95134e-21
1.34519e-21
-4.33202e-22
2.76564e-22
8.39867e-21
-2.3931e-21
-3.3737e-21
3.14928e-21
-2.69647e-22
3.29489e-22
2.74494e-21
1.25269e-22
0
5.5412e-21
-2.20043e-22
-3.54433e-22
-1.60557e-21
1.92477e-21
-1.52764e-21
1.0925e-20
1.2234e-13
1.20133e-06
3.52168e-21
-9.86233e-14
1.86025e-05
1.64135e-20
-9.34738e-16
2.38483e-07
3.70283e-21
8.82216e-17
1.6728e-06
1.98702e-20
1.43888e-16
2.00481e-07
9.4376e-22
-1.72878e-17
8.48973e-07
2.24648e-20
-1.90773e-17
1.76038e-07
2.34754e-22
3.52261e-18
3.53319e-07
2.28904e-20
1.42817e-18
1.58805e-07
-2.28869e-22
-7.58217e-19
6.21037e-08
2.38743e-20
3.58701e-19
1.44696e-07
-4.93118e-22
1.75041e-19
-1.03573e-07
2.42325e-20
-2.59208e-19
1.31162e-07
-1.08362e-21
-4.34304e-20
-1.91819e-07
2.2447e-20
1.09134e-19
1.16639e-07
-3.06008e-21
1.09493e-20
-2.30997e-07
1.97889e-20
-3.99841e-20
1.00203e-07
6.10043e-22
-3.3329e-21
-2.37274e-07
1.43188e-20
1.35094e-20
8.13789e-08
-2.41866e-21
1.23453e-21
-2.19488e-07
9.61701e-21
-4.88335e-21
6.00564e-08
1.36941e-22
-1.27429e-21
-1.82246e-07
5.38592e-21
1.07363e-21
3.64942e-08
-3.52211e-22
1.65537e-22
-1.27954e-07
4.63236e-21
-8.96113e-22
1.13868e-08
-5.86838e-22
-3.66264e-22
-5.82985e-08
3.82103e-21
-3.40713e-22
-1.40162e-08
-2.11956e-21
9.07023e-22
2.44091e-08
3.74293e-21
-5.2743e-22
-3.77665e-08
1.19652e-22
-3.28714e-22
1.15771e-07
2.99823e-21
-5.37363e-22
-5.7146e-08
5.05157e-22
3.49974e-22
2.07658e-07
1.76653e-21
-5.11505e-22
-6.89437e-08
-4.09735e-22
-6.01534e-22
2.87186e-07
5.38393e-22
-5.48469e-22
-7.05225e-08
1.06194e-22
2.37446e-22
3.38613e-07
-3.05373e-22
-5.30219e-22
-6.15457e-08
1.23024e-22
-9.98103e-22
3.49775e-07
-6.87554e-22
-3.88251e-22
-4.50333e-08
-8.49688e-23
4.87014e-22
3.19845e-07
-7.56026e-22
-3.72712e-22
-2.62903e-08
1.42969e-22
7.23491e-22
2.61191e-07
-6.33299e-22
-2.49417e-22
-1.02221e-08
1.27016e-22
-3.13571e-22
1.92592e-07
-4.54826e-22
-1.91211e-22
7.25754e-10
4.18969e-22
-3.74043e-22
1.29717e-07
-2.33636e-22
-1.20003e-22
6.6287e-09
-4.3018e-23
3.03674e-22
8.02452e-08
-1.04011e-22
-8.00765e-23
8.84969e-09
2.33712e-23
7.15054e-23
4.50103e-08
-1.57327e-23
-6.29681e-23
8.8871e-09
2.22532e-22
-1.66105e-23
2.1479e-08
5.37111e-23
-4.43748e-23
7.86689e-09
2.5659e-23
1.03256e-22
6.43956e-09
9.84848e-23
-2.20735e-23
6.48722e-09
3.28082e-23
-1.02393e-22
-2.8393e-09
1.4897e-22
-1.85961e-23
5.12138e-09
-1.32766e-23
2.69213e-23
-8.36356e-09
1.70767e-22
-1.09036e-23
3.93584e-09
6.65842e-24
-1.83457e-23
-1.15044e-08
1.86219e-22
-8.31896e-24
2.98051e-09
-0
-2.74386e-23
-1.31624e-08
1.72883e-22
-4.38915e-24
2.24718e-09
-1.64328e-24
1.01555e-23
-1.39147e-08
1.49947e-22
-3.09487e-24
1.70353e-09
-1.62128e-24
-1.03202e-23
-1.41257e-08
1.25123e-22
-1.123e-24
1.31123e-09
-3.98492e-24
-2.32731e-24
-1.40226e-08
9.70894e-23
-7.76031e-25
1.03441e-09
-3.9065e-25
4.71734e-24
-1.37465e-08
7.24729e-23
-4.55632e-25
8.42933e-10
3.82023e-25
0
-1.3384e-08
5.3918e-23
-1.22126e-25
7.13009e-10
1.11825e-24
4.76616e-25
-1.29881e-08
4.00669e-23
-6.30888e-26
6.26587e-10
-3.62865e-25
1.12208e-24
-1.25909e-08
3.04199e-23
-2.00708e-26
5.70359e-10
-0
-4.30325e-25
-1.22116e-08
2.43761e-23
-9.76483e-28
5.34715e-10
-4.25872e-25
5.03797e-25
-1.18616e-08
2.0714e-23
-1.09363e-26
5.12832e-10
6.14249e-26
1.43741e-25
-1.15473e-08
1.76224e-23
-1.54885e-26
4.99924e-10
1.95039e-26
1.58245e-25
-1.12725e-08
1.25858e-23
1.71442e-26
4.9267e-10
-1.82874e-26
1.65056e-25
-1.1039e-08
8.26056e-24
7.42163e-27
4.88785e-10
8.34002e-27
1.31406e-26
-1.08478e-08
4.77242e-24
1.71122e-26
4.86703e-10
-2.16879e-26
5.60591e-26
-1.06992e-08
2.19754e-24
3.48082e-27
4.85359e-10
8.4664e-27
4.44299e-27
-1.05933e-08
5.64471e-25
2.35268e-27
4.84019e-10
-5.01501e-27
7.60138e-27
-1.05302e-08
0
0
2.41458e-10
0
0
-5.25479e-09
-3.28397e-21
-1.8404e-16
8.08418e-07
-6.08993e-22
-1.8621e-18
1.14179e-06
0
0
1.34411e-07
0
0
1.59621e-07
-6.67249e-21
7.1948e-16
1.60255e-06
-1.0251e-21
-1.97231e-17
2.30052e-06
-6.89001e-21
-6.875e-15
2.4145e-06
-4.99655e-22
1.19428e-16
3.35464e-06
-7.71714e-21
2.89277e-13
8.46847e-06
2.69112e-21
-7.80802e-14
1.37115e-05
-5.63011e-21
6.96262e-13
1.61934e-05
-0
-2.50383e-13
3.00552e-05
-7.38009e-22
9.47868e-13
2.3635e-05
-1.07218e-20
-4.90886e-13
5.0022e-05
2.84227e-21
8.17739e-13
2.43548e-05
-5.12975e-21
-5.838e-13
5.37416e-05
-1.35091e-21
3.98637e-13
1.66106e-05
-5.92775e-21
-4.26917e-13
3.70611e-05
-2.5352e-20
8.34381e-14
9.18279e-06
-1.32533e-20
-1.94508e-13
1.66439e-05
-1.16482e-20
1.16231e-16
3.68598e-06
-1.52642e-20
2.80137e-16
-7.31642e-07
-2.49542e-20
-9.61674e-16
2.5903e-06
-1.54116e-20
-1.41849e-16
-2.44446e-06
-2.14379e-20
2.56091e-16
1.49228e-06
-1.35155e-20
1.9509e-17
-3.90691e-06
-1.67584e-20
-3.40723e-16
5.93728e-07
-2.87409e-21
9.78966e-18
-4.99811e-06
-8.54195e-21
-1.45182e-15
-5.15174e-10
5.53725e-21
4.54495e-17
-5.64398e-06
-4.59064e-21
-1.99478e-15
-2.93503e-07
-8.61792e-21
4.16509e-17
-5.79643e-06
-8.33502e-22
-1.50554e-15
-3.555e-07
1.55592e-20
2.4136e-17
-5.41463e-06
3.77354e-23
7.62695e-17
-2.71895e-07
4.05292e-21
-4.14144e-18
-4.45637e-06
-1.11254e-21
1.16902e-15
-1.11673e-07
-4.47263e-21
-1.83554e-17
-2.8862e-06
-2.4373e-21
-6.24937e-15
7.88905e-08
1.73498e-21
2.88129e-16
-7.09401e-07
-2.51255e-21
3.57357e-13
1.41882e-06
-1.21842e-21
-2.156e-13
7.00845e-06
-7.13715e-22
1.37481e-21
0
2.8305e-21
-9.50774e-22
1.51157e-21
1.07943e-21
7.79858e-22
1.21983e-21
1.35398e-21
5.39505e-22
-6.59372e-21
1.62641e-21
1.73699e-22
1.50582e-21
8.29068e-22
1.10117e-21
-2.68701e-21
2.2353e-21
-1.46416e-22
1.48911e-21
2.30618e-21
1.65124e-21
5.95533e-21
3.24788e-21
-3.46367e-22
1.95376e-21
8.74421e-22
3.20823e-22
3.08799e-21
5.1873e-21
-4.18624e-22
1.98921e-21
-5.5006e-21
3.34118e-22
-4.57581e-21
7.63998e-21
2.09164e-13
1.79972e-06
3.77659e-21
-1.56357e-13
2.9672e-05
1.12436e-20
3.39694e-14
5.69903e-07
-6.80166e-22
-2.82967e-14
8.30443e-06
1.40696e-20
1.42998e-16
1.65914e-07
-3.5342e-22
-1.38485e-17
1.2342e-06
1.57099e-20
-2.25142e-17
1.39612e-07
-3.56775e-22
2.72151e-18
6.58778e-07
1.65074e-20
3.09449e-18
1.22575e-07
1.75972e-22
-5.53074e-19
3.02507e-07
1.70585e-20
-2.703e-19
1.10685e-07
1.70243e-22
1.18315e-19
8.8223e-08
1.66181e-20
-3.96582e-20
1.01159e-07
1.31518e-22
-2.67782e-20
-3.68008e-08
1.59171e-20
3.50643e-20
9.22079e-08
-2.64981e-22
6.80537e-21
-1.06039e-07
1.49429e-20
-1.52898e-20
8.2723e-08
-5.57524e-22
-1.24837e-21
-1.39732e-07
1.25402e-20
5.54776e-21
7.20478e-08
2.52354e-22
4.41752e-22
-1.49642e-07
9.39773e-21
-2.04994e-21
5.98496e-08
-2.24342e-22
3.76025e-22
-1.42334e-07
7.01553e-21
5.03292e-22
4.60613e-08
-8.79163e-22
1.02217e-22
-1.2136e-07
4.79245e-21
-3.91234e-22
3.08827e-08
-8.30089e-22
4.49068e-22
-8.87293e-08
3.53022e-21
-9.85965e-23
1.48237e-08
-6.15692e-22
4.93653e-22
-4.60007e-08
2.73501e-21
-2.30262e-22
-1.22707e-09
2.16554e-22
-8.75732e-22
4.76066e-09
2.18853e-21
-1.91387e-22
-1.59512e-08
-1.61719e-22
-5.79775e-22
6.00698e-08
1.46865e-21
-2.48552e-22
-2.76607e-08
-1.10027e-22
-7.61938e-23
1.14309e-07
7.15808e-22
-2.2153e-22
-3.46167e-08
1.24568e-22
3.10299e-22
1.59817e-07
1.81894e-22
-2.2532e-22
-3.56789e-08
-4.79302e-23
0
1.88546e-07
-1.59911e-22
-2.33263e-22
-3.10339e-08
1.03478e-22
0
1.95202e-07
-2.94356e-22
-1.99705e-22
-2.24342e-08
7.71353e-23
-3.73624e-22
1.80083e-07
-2.90033e-22
-1.6445e-22
-1.2572e-08
-3.93364e-23
3.64602e-22
1.4929e-07
-2.47571e-22
-1.33884e-22
-3.92039e-09
5.0414e-23
2.07156e-22
1.11855e-07
-1.80164e-22
-8.90841e-23
2.15172e-09
-8.87585e-23
2.20906e-22
7.58498e-08
-9.5221e-23
-6.77082e-23
5.49399e-09
6.58927e-23
1.16117e-22
4.60409e-08
-2.81052e-23
-4.6914e-23
6.706e-09
-1.77182e-23
-3.33213e-23
2.38278e-08
1.4907e-23
-2.87402e-23
6.58492e-09
9.29971e-24
-1.17409e-22
8.48906e-09
4.85383e-23
-2.17642e-23
5.79711e-09
-3.83631e-23
8.17302e-23
-1.50685e-09
6.94546e-23
-1.27024e-23
4.78454e-09
1.95208e-23
-1.6924e-23
-7.70422e-09
9.10756e-23
-6.44614e-24
3.79355e-09
-1.9665e-23
-1.54832e-23
-1.13481e-08
1.00879e-22
-5.8309e-24
2.93667e-09
7.3703e-24
-1.05786e-23
-1.334e-08
1.03353e-22
-5.74084e-25
2.24762e-09
-7.32051e-24
-1.80124e-23
-1.42943e-08
9.65693e-23
-1.34307e-24
1.71983e-09
-0
-8.56693e-24
-1.46145e-08
8.2774e-23
-2.26768e-25
1.32972e-09
1.18714e-24
7.46947e-24
-1.45594e-08
6.76727e-23
-2.56291e-25
1.04942e-09
2.91249e-24
3.93333e-24
-1.42921e-08
5.25272e-23
-7.55233e-26
8.52842e-10
-0
7.59762e-25
-1.39144e-08
3.85504e-23
0
7.18066e-10
1.11367e-24
-2.30816e-24
-1.34889e-08
2.82268e-23
1.15517e-25
6.27756e-10
1.35683e-25
-3.11194e-24
-1.30538e-08
2.06482e-23
6.80354e-26
5.6876e-10
-6.59835e-26
-3.49036e-25
-1.26321e-08
1.54499e-23
4.28425e-26
5.31377e-10
3.20052e-25
-3.12495e-25
-1.22375e-08
1.22677e-23
3.38259e-26
5.08606e-10
3.09343e-26
-5.75264e-25
-1.18779e-08
1.02742e-23
7.1366e-27
4.95475e-10
1.93239e-25
-3.13606e-25
-1.15576e-08
8.72488e-24
-3.23012e-27
4.885e-10
-4.24576e-26
-2.30447e-26
-1.12789e-08
6.22221e-24
-3.71036e-27
4.85263e-10
-0
-1.35458e-25
-1.1043e-08
4.09018e-24
4.63118e-27
4.84101e-10
6.04583e-27
-1.92288e-26
-1.08502e-08
2.37402e-24
2.36383e-27
4.83878e-10
-5.23853e-27
0
-1.07005e-08
1.088e-24
3.00284e-27
4.83813e-10
2.04501e-27
-3.2934e-27
-1.0594e-08
2.90804e-25
8.5417e-28
4.83366e-10
3.02914e-28
1.42852e-27
-1.05304e-08
0
0
2.41358e-10
0
0
-5.25477e-09
-1.68182e-21
6.63941e-18
4.13571e-07
-3.23966e-22
5.38484e-19
5.13232e-07
0
0
6.81876e-08
0
0
5.02287e-08
-2.2481e-21
8.83024e-18
8.19611e-07
-0
1.44519e-18
1.08892e-06
-3.31889e-21
4.63257e-16
1.22477e-06
-1.88881e-21
-7.6481e-18
1.59248e-06
-2.01531e-21
9.45871e-16
1.62656e-06
-1.23802e-21
-4.09402e-17
1.97406e-06
-4.55329e-22
-4.56517e-15
1.99648e-06
-1.55933e-21
1.74006e-16
2.15917e-06
4.45801e-22
-6.24738e-15
2.28557e-06
2.53435e-21
3.34228e-16
2.08244e-06
-1.70372e-21
-5.42955e-15
2.43559e-06
-0
3.91048e-16
1.7204e-06
-3.99696e-21
-2.67735e-15
2.39822e-06
-1.7124e-21
2.82259e-16
1.10634e-06
-7.36974e-21
4.74044e-16
2.15663e-06
-2.61188e-21
-9.25664e-17
3.21509e-07
-2.65791e-21
9.28585e-18
1.74094e-06
-2.61923e-21
1.08414e-18
-5.29521e-07
-7.55703e-21
7.98758e-17
1.2283e-06
-1.60189e-21
9.33557e-18
-1.34489e-06
-7.81036e-21
-5.71643e-18
7.18001e-07
-3.25047e-21
-2.55703e-19
-2.04285e-06
-3.86909e-21
3.77465e-17
2.9679e-07
1.60093e-21
-1.95541e-18
-2.56615e-06
-2.66431e-21
2.22295e-16
1.16871e-08
1.01995e-21
-6.18857e-18
-2.87711e-06
-1.24994e-21
2.94654e-16
-1.35098e-07
1.88796e-21
-6.33232e-18
-2.94912e-06
-3.86176e-22
2.34558e-16
-1.71574e-07
-0
-2.8504e-18
-2.75927e-06
3.37766e-23
-5.19454e-17
-1.35396e-07
-1.1567e-20
-2.85283e-20
-2.28608e-06
8.48294e-23
4.42659e-18
-5.95432e-08
1.17663e-21
-1.11424e-18
-1.51557e-06
-6.10853e-23
1.51131e-16
3.21186e-08
-8.90604e-22
-6.4886e-18
-4.60471e-07
1.19647e-22
5.83703e-14
4.79927e-07
-4.19767e-21
-3.4068e-14
2.13648e-06
5.49991e-22
1.67376e-13
1.2077e-06
1.57946e-21
-1.07317e-13
1.04418e-05
7.10094e-22
2.88008e-13
2.05294e-06
2.05353e-22
-1.92008e-13
2.39919e-05
1.04098e-21
3.2747e-13
2.44626e-06
-1.10124e-21
-2.22906e-13
3.37074e-05
1.26142e-21
2.88055e-13
2.39777e-06
-1.5255e-21
-1.98843e-13
3.63052e-05
1.8159e-21
2.00865e-13
1.99037e-06
-1.07717e-21
-1.4093e-13
3.17141e-05
2.75572e-21
9.26037e-14
1.17161e-06
2.62135e-21
-6.67332e-14
1.91471e-05
3.8503e-21
2.51602e-14
5.16457e-07
-3.67484e-22
-2.01111e-14
8.23985e-06
5.00709e-21
-4.64826e-16
1.05936e-07
0
3.84459e-17
1.14716e-06
5.82243e-21
3.73632e-17
8.54556e-08
-6.03082e-22
-3.56862e-18
7.01232e-07
6.47769e-21
-5.971e-18
7.20193e-08
0
7.03445e-19
4.02948e-07
6.43197e-21
8.40019e-19
6.32399e-08
-1.474e-22
-1.42725e-19
2.12478e-07
6.49236e-21
-8.00489e-20
5.71389e-08
1.1791e-23
3.03226e-20
9.42064e-08
6.25234e-21
-7.46306e-21
5.23188e-08
6.67782e-23
-6.86151e-21
2.2269e-08
5.97464e-21
8.23288e-21
4.78607e-08
4.13546e-23
1.80019e-21
-2.03089e-08
5.24272e-21
-3.69244e-21
4.31878e-08
-2.64626e-22
-5.73607e-22
-4.40007e-08
4.2839e-21
1.36394e-21
3.79586e-08
-2.71831e-22
1.57656e-22
-5.49768e-08
3.37185e-21
-4.85743e-22
3.19998e-08
5.99531e-23
-1.19307e-22
-5.67277e-08
2.45563e-21
1.47312e-22
2.52775e-08
1.03528e-22
-5.16975e-23
-5.11765e-08
1.80286e-21
-6.90293e-23
1.78953e-08
0
5.65713e-23
-3.9445e-08
1.21392e-21
-5.7216e-24
1.01148e-08
0
-6.19316e-23
-2.24265e-08
8.26027e-22
-3.41299e-23
2.3836e-09
1.65347e-22
1.34546e-22
-1.27151e-09
5.75187e-22
-3.06085e-23
-4.65502e-09
-8.0198e-23
7.19437e-23
2.2193e-08
3.48002e-22
-4.34778e-23
-1.02177e-08
-2.60427e-23
7.51459e-23
4.5222e-08
1.52622e-22
-4.78505e-23
-1.35549e-08
2.63077e-23
-7.60482e-23
6.43382e-08
2.55866e-23
-5.10323e-23
-1.42342e-08
-1.60196e-24
-1.85028e-22
7.6142e-08
-4.31932e-23
-5.58799e-23
-1.24047e-08
2.54898e-23
6.88537e-23
7.85461e-08
-7.14076e-23
-4.84541e-23
-8.84138e-09
1.70919e-23
-2.44035e-22
7.17458e-08
-5.99285e-23
-4.36597e-23
-4.67636e-09
6.05129e-23
7.7173e-23
5.82023e-08
-4.56183e-23
-3.43365e-23
-9.55948e-10
5.98447e-23
-8.27783e-23
4.15695e-08
-2.23243e-23
-2.72455e-23
1.70246e-09
-0
-4.78875e-23
2.52569e-08
-1.04641e-23
-1.8653e-23
3.17954e-09
-1.88665e-23
4.75513e-23
1.14671e-08
-5.05431e-25
-1.17212e-23
3.69514e-09
-0
4.30684e-23
1.03235e-09
6.89e-24
-5.78552e-24
3.58821e-09
1.04522e-23
-3.66964e-23
-6.1961e-09
9.86696e-24
-4.42607e-24
3.16356e-09
-1.07085e-23
0
-1.08307e-08
1.49256e-23
-2.08924e-24
2.63309e-09
8.12932e-24
0
-1.35711e-08
1.53132e-23
-3.63509e-25
2.11836e-09
2.7175e-24
6.12077e-24
-1.50199e-08
1.69398e-23
-3.48193e-25
1.67572e-09
4.05857e-24
1.39654e-24
-1.5631e-08
1.50251e-23
0
1.32193e-09
2.00913e-24
4.76203e-24
-1.57218e-08
1.25027e-23
1.85905e-25
1.05316e-09
-0
0
-1.55036e-08
1.13681e-23
2.10207e-25
8.56776e-10
3.24187e-25
8.79127e-25
-1.51135e-08
8.15795e-24
2.04531e-25
7.17967e-10
9.52576e-25
-1.19107e-24
-1.46378e-08
5.58942e-24
1.38789e-25
6.22873e-10
-1.55146e-25
1.4098e-24
-1.41304e-08
3.47067e-24
1.2705e-25
5.5985e-10
-3.78302e-25
1.3602e-25
-1.36241e-08
1.95191e-24
7.85098e-26
5.19697e-10
-0
3.66905e-25
-1.31386e-08
1.00524e-24
5.69044e-26
4.95437e-10
-3.57932e-26
1.85251e-25
-1.26854e-08
3.13143e-25
4.01357e-26
4.81929e-10
-1.73505e-26
4.97767e-25
-1.22711e-08
2.73413e-25
1.2245e-26
4.75465e-10
-0
1.11124e-25
-1.1899e-08
5.88681e-25
7.31605e-27
4.7342e-10
-4.02683e-26
1.85223e-26
-1.15709e-08
8.02312e-25
3.3897e-27
4.73955e-10
-3.83439e-27
6.13058e-26
-1.12873e-08
5.62169e-25
1.45942e-27
4.758e-10
-3.59539e-27
1.60392e-26
-1.10482e-08
3.62868e-25
9.70085e-28
4.78083e-10
3.28186e-27
-2.05397e-26
-1.08533e-08
2.02584e-25
2.8744e-28
4.80208e-10
-1.4257e-27
9.47175e-27
-1.07024e-08
9.20327e-26
3.25538e-28
4.81769e-10
-0
-1.77859e-27
-1.0595e-08
2.5508e-26
7.79176e-28
4.82479e-10
3.38033e-28
2.3475e-27
-1.05308e-08
0
0
2.41219e-10
0
0
-5.2548e-09
0
0
6.80863e-08
0
0
4.52183e-08
0
0
1.08192e-08
0
0
-1.10998e-08
0
0
1.36113e-07
0
0
1.37388e-07
0
0
2.035e-07
0
0
2.14617e-07
0
0
2.69664e-07
0
0
2.68799e-07
0
0
3.3006e-07
0
0
2.88701e-07
0
0
3.76607e-07
0
0
2.65017e-07
0
0
4.00015e-07
0
0
1.95386e-07
0
0
3.92729e-07
0
0
8.64372e-08
0
0
3.52402e-07
0
0
-4.77727e-08
0
0
2.8442e-07
0
0
-1.89701e-07
0
0
2.01092e-07
0
0
-3.22602e-07
0
0
1.18239e-07
0
0
-4.33158e-07
0
0
4.9621e-08
0
0
-5.12185e-07
0
0
2.81575e-09
0
0
-5.53804e-07
0
0
-2.16121e-08
0
0
-5.5403e-07
0
0
-2.79579e-08
0
0
-5.09586e-07
0
0
-2.22216e-08
0
0
-4.17565e-07
0
0
-9.80979e-09
0
0
-2.76511e-07
0
0
5.2676e-09
0
0
-8.96852e-08
0
0
2.01267e-08
0
0
1.29315e-07
0
0
3.24912e-08
0
0
3.51398e-07
0
0
4.05575e-08
0
0
5.34438e-07
0
0
4.33737e-08
0
0
6.3844e-07
0
0
4.12868e-08
0
0
6.46368e-07
0
0
3.5876e-08
0
0
5.73744e-07
0
0
2.9226e-08
0
0
4.57947e-07
0
0
2.30428e-08
0
0
3.36951e-07
0
0
1.81624e-08
0
0
2.34328e-07
0
0
1.472e-08
0
0
1.57587e-07
0
0
1.24322e-08
0
0
1.04259e-07
0
0
1.09197e-08
0
0
6.84922e-08
0
0
9.85993e-09
0
0
4.47061e-08
0
0
9.02056e-09
0
0
2.87357e-08
0
0
8.24771e-09
0
0
1.7812e-08
0
0
7.44444e-09
0
0
1.0216e-08
0
0
6.55332e-09
0
0
4.93303e-09
0
0
5.54531e-09
0
0
1.39056e-09
0
0
4.41476e-09
0
0
-7.24024e-10
0
0
3.17916e-09
0
0
-1.58981e-09
0
0
1.88224e-09
0
0
-1.34724e-09
0
0
5.98293e-10
0
0
-1.78297e-10
0
0
-5.67001e-10
0
0
1.62578e-09
0
0
-1.4871e-09
0
0
3.62872e-09
0
0
-2.04374e-09
0
0
5.2834e-09
0
0
-2.1715e-09
0
0
6.05969e-09
0
0
-1.89701e-09
0
0
5.62976e-09
0
0
-1.34342e-09
0
0
4.00772e-09
0
0
-6.88368e-10
0
0
1.54379e-09
0
0
-9.67712e-11
0
0
-1.23356e-09
0
0
3.31663e-10
0
0
-3.82881e-09
0
0
5.74512e-10
0
0
-5.92463e-09
0
0
6.63841e-10
0
0
-7.41124e-09
0
0
6.5249e-10
0
0
-8.33091e-09
0
0
5.89302e-10
0
0
-8.79885e-09
0
0
5.08797e-10
0
0
-8.94299e-09
0
0
4.30957e-10
0
0
-8.87307e-09
0
0
3.65056e-10
0
0
-8.67184e-09
0
0
3.13805e-10
0
0
-8.39702e-09
0
0
2.76485e-10
0
0
-8.08693e-09
0
0
2.50922e-10
0
0
-7.7661e-09
0
0
2.34581e-10
0
0
-7.44975e-09
0
0
2.25106e-10
0
0
-7.14706e-09
0
0
2.20521e-10
0
0
-6.86334e-09
0
0
2.19271e-10
0
0
-6.60149e-09
0
0
2.20181e-10
0
0
-6.36296e-09
0
0
2.22389e-10
0
0
-6.1483e-09
0
0
2.2528e-10
0
0
-5.95757e-09
0
0
2.28418e-10
0
0
-5.79053e-09
0
0
2.31504e-10
0
0
-5.64684e-09
0
0
2.34333e-10
0
0
-5.5261e-09
0
0
2.36766e-10
0
0
-5.42791e-09
0
0
2.38709e-10
0
0
-5.35193e-09
0
0
2.401e-10
0
0
-5.29789e-09
0
0
2.40893e-10
0
0
-5.26558e-09
0
0
1.20555e-10
0
0
-2.62742e-09
