0.0333333 0.0333333 3.86191e-06
0.1 0.0333333 1.18161e-05
0.166667 0.0333333 2.33797e-05
0.233333 0.0333333 3.10964e-05
0.3 0.0333333 3.03085e-05
0.366667 0.0333333 2.02994e-05
0.433333 0.0333333 4.70941e-06
0.5 0.0333333 1.0812e-05
0.566667 0.0333333 2.18469e-05
0.633333 0.0333333 2.67089e-05
0.7 0.0333333 2.60632e-05
0.766667 0.0333333 2.16835e-05
0.833333 0.0333333 1.54595e-05
0.9 0.0333333 8.92499e-06
0.966667 0.0333333 3.11273e-06
1.03333 0.0333333 1.43022e-06
1.1 0.0333333 4.53675e-06
1.16667 0.0333333 6.27927e-06
1.23333 0.0333333 6.85184e-06
1.3 0.0333333 6.50311e-06
1.36667 0.0333333 5.51027e-06
1.43333 0.0333333 4.16483e-06
1.5 0.0333333 2.74754e-06
1.56667 0.0333333 1.49011e-06
1.63333 0.0333333 5.39463e-07
1.7 0.0333333 5.6291e-08
1.76667 0.0333333 3.32608e-07
1.83333 0.0333333 3.73e-07
1.9 0.0333333 2.7108e-07
1.96667 0.0333333 1.04409e-07
2.03333 0.0333333 7.56592e-08
2.1 0.0333333 2.42104e-07
2.16667 0.0333333 3.8501e-07
2.23333 0.0333333 5.04004e-07
2.3 0.0333333 6.02664e-07
2.36667 0.0333333 6.85171e-07
2.43333 0.0333333 7.54651e-07
2.5 0.0333333 8.12524e-07
2.56667 0.0333333 8.58356e-07
2.63333 0.0333333 8.89948e-07
2.7 0.0333333 9.03611e-07
2.76667 0.0333333 8.94762e-07
2.83333 0.0333333 8.59112e-07
2.9 0.0333333 7.94518e-07
2.96667 0.0333333 7.03002e-07
3.03333 0.0333333 5.91746e-07
3.1 0.0333333 4.72068e-07
3.16667 0.0333333 3.56419e-07
3.23333 0.0333333 2.54898e-07
3.3 0.0333333 1.73016e-07
3.36667 0.0333333 1.11561e-07
3.43333 0.0333333 6.80285e-08
3.5 0.0333333 3.85026e-08
3.56667 0.0333333 1.90778e-08
3.63333 0.0333333 6.56358e-09
3.7 0.0333333 1.36865e-09
3.76667 0.0333333 6.3123e-09
3.83333 0.0333333 9.32081e-09
3.9 0.0333333 1.10802e-08
3.96667 0.0333333 1.20355e-08
4.03333 0.0333333 1.2476e-08
4.1 0.0333333 1.2591e-08
4.16667 0.0333333 1.25049e-08
4.23333 0.0333333 1.22999e-08
4.3 0.0333333 1.20308e-08
4.36667 0.0333333 1.17339e-08
4.43333 0.0333333 1.14336e-08
4.5 0.0333333 1.11458e-08
4.56667 0.0333333 1.08813e-08
4.63333 0.0333333 1.0647e-08
4.7 0.0333333 1.04475e-08
4.76667 0.0333333 1.02857e-08
4.83333 0.0333333 1.01634e-08
4.9 0.0333333 1.00815e-08
4.96667 0.0333333 1.00404e-08
0.0333333 0.1 1.5337e-05
0.1 0.1 9.08783e-06
0.166667 0.1 1.27584e-05
0.233333 0.1 1.9763e-05
0.3 0.1 2.52349e-05
0.366667 0.1 3.33724e-05
0.433333 0.1 9.84722e-06
0.5 0.1 8.52295e-07
0.566667 0.1 1.06173e-05
0.633333 0.1 1.68188e-05
0.7 0.1 1.88463e-05
0.766667 0.1 1.74617e-05
0.833333 0.1 1.38825e-05
0.9 0.1 9.34651e-06
0.966667 0.1 4.85054e-06
1.03333 0.1 1.00664e-06
1.1 0.1 1.93811e-06
1.16667 0.1 3.96847e-06
1.23333 0.1 5.16396e-06
1.3 0.1 5.62462e-06
1.36667 0.1 5.46033e-06
1.43333 0.1 4.80905e-06
1.5 0.1 3.84783e-06
1.56667 0.1 2.77699e-06
1.63333 0.1 1.78094e-06
1.7 0.1 9.86932e-07
1.76667 0.1 4.45175e-07
1.83333 0.1 1.38589e-07
1.9 0.1 1.15938e-08
1.96667 0.1 1.44113e-10
2.03333 0.1 5.09469e-08
2.1 0.1 1.28021e-07
2.16667 0.1 2.11034e-07
2.23333 0.1 2.90586e-07
2.3 0.1 3.63625e-07
2.36667 0.1 4.30125e-07
2.43333 0.1 4.91053e-07
2.5 0.1 5.47254e-07
2.56667 0.1 5.98878e-07
2.63333 0.1 6.45026e-07
2.7 0.1 6.83434e-07
2.76667 0.1 7.10069e-07
2.83333 0.1 7.18904e-07
2.9 0.1 7.02699e-07
2.96667 0.1 6.55652e-07
3.03333 0.1 5.77366e-07
3.1 0.1 4.75484e-07
3.16667 0.1 3.64279e-07
3.23333 0.1 2.59362e-07
3.3 0.1 1.71956e-07
3.36667 0.1 1.06297e-07
3.43333 0.1 6.08217e-08
3.5 0.1 3.11238e-08
3.56667 0.1 1.24869e-08
3.63333 0.1 1.1092e-09
3.7 0.1 5.67573e-09
3.76667 0.1 9.60939e-09
3.83333 0.1 1.17902e-08
3.9 0.1 1.28999e-08
3.96667 0.1 1.33596e-08
4.03333 0.1 1.34298e-08
4.1 0.1 1.32721e-08
4.16667 0.1 1.29875e-08
4.23333 0.1 1.26395e-08
4.3 0.1 1.2268e-08
4.36667 0.1 1.18984e-08
4.43333 0.1 1.15465e-08
4.5 0.1 1.12225e-08
4.56667 0.1 1.09326e-08
4.63333 0.1 1.06805e-08
4.7 0.1 1.04686e-08
4.76667 0.1 1.02981e-08
4.83333 0.1 1.01695e-08
4.9 0.1 1.00829e-08
4.96667 0.1 1.0038e-08
0.0333333 0.166667 3.03957e-05
0.1 0.166667 4.15517e-06
0.166667 0.166667 8.13666e-06
0.233333 0.166667 8.56976e-06
0.3 0.166667 5.87879e-06
0.366667 0.166667 3.83688e-05
0.433333 0.166667 2.6506e-05
0.5 0.166667 1.26819e-05
0.566667 0.166667 1.52302e-06
0.633333 0.166667 1.11211e-05
0.7 0.166667 1.55133e-05
0.766667 0.166667 1.64763e-05
0.833333 0.166667 1.53073e-05
0.9 0.166667 1.21821e-05
0.966667 0.166667 8.34719e-06
1.03333 0.166667 4.67047e-06
1.1 0.166667 1.50722e-06
1.16667 0.166667 1.10528e-06
1.23333 0.166667 3.19955e-06
1.3 0.166667 4.7492e-06
1.36667 0.166667 5.67082e-06
1.43333 0.166667 5.8932e-06
1.5 0.166667 5.44045e-06
1.56667 0.166667 4.47526e-06
1.63333 0.166667 3.2653e-06
1.7 0.166667 2.08862e-06
1.76667 0.166667 1.13958e-06
1.83333 0.166667 4.90489e-07
1.9 0.166667 1.1537e-07
1.96667 0.166667 5.84266e-08
2.03333 0.166667 1.06949e-07
2.1 0.166667 8.85544e-08
2.16667 0.166667 4.03328e-08
2.23333 0.166667 1.75276e-08
2.3 0.166667 7.58908e-08
2.36667 0.166667 1.31961e-07
2.43333 0.166667 1.8617e-07
2.5 0.166667 2.40355e-07
2.56667 0.166667 2.96772e-07
2.63333 0.166667 3.57472e-07
2.7 0.166667 4.23626e-07
2.76667 0.166667 4.94254e-07
2.83333 0.166667 5.63696e-07
2.9 0.166667 6.1855e-07
2.96667 0.166667 6.38684e-07
3.03333 0.166667 6.06282e-07
3.1 0.166667 5.1928e-07
3.16667 0.166667 3.96703e-07
3.23333 0.166667 2.69109e-07
3.3 0.166667 1.619e-07
3.36667 0.166667 8.55635e-08
3.43333 0.166667 3.76156e-08
3.5 0.166667 1.00915e-08
3.56667 0.166667 4.68886e-09
3.63333 0.166667 1.2122e-08
3.7 0.166667 1.55111e-08
3.76667 0.166667 1.67526e-08
3.83333 0.166667 1.6896e-08
3.9 0.166667 1.65079e-08
3.96667 0.166667 1.58874e-08
4.03333 0.166667 1.51887e-08
4.1 0.166667 1.44892e-08
4.16667 0.166667 1.38257e-08
4.23333 0.166667 1.3214e-08
4.3 0.166667 1.266e-08
4.36667 0.166667 1.21645e-08
4.43333 0.166667 1.17262e-08
4.5 0.166667 1.13428e-08
4.56667 0.166667 1.10122e-08
4.63333 0.166667 1.07324e-08
4.7 0.166667 1.05013e-08
4.76667 0.166667 1.03175e-08
4.83333 0.166667 1.01795e-08
4.9 0.166667 1.00858e-08
4.96667 0.166667 1.00347e-08
0.0333333 0.233333 4.55061e-05
0.1 0.233333 7.22563e-07
0.166667 0.233333 3.43561e-05
0.233333 0.233333 5.35366e-05
0.3 0.233333 4.49609e-05
0.366667 0.233333 4.92302e-07
0.433333 0.233333 4.12638e-05
0.5 0.233333 3.88333e-05
0.566667 0.233333 2.29462e-05
0.633333 0.233333 5.52808e-06
0.7 0.233333 9.93658e-06
0.766667 0.233333 1.79859e-05
0.833333 0.233333 1.96729e-05
0.9 0.233333 1.75719e-05
0.966667 0.233333 1.37345e-05
1.03333 0.233333 9.72875e-06
1.1 0.233333 6.0868e-06
1.16667 0.233333 2.71334e-06
1.23333 0.233333 4.9175e-07
1.3 0.233333 3.43706e-06
1.36667 0.233333 5.84261e-06
1.43333 0.233333 7.33428e-06
1.5 0.233333 7.64275e-06
1.56667 0.233333 6.80299e-06
1.63333 0.233333 5.19836e-06
1.7 0.233333 3.38165e-06
1.76667 0.233333 1.81247e-06
1.83333 0.233333 7.04749e-07
1.9 0.233333 5.00002e-08
1.96667 0.233333 2.69623e-07
2.03333 0.233333 3.83939e-07
2.1 0.233333 3.90881e-07
2.16667 0.233333 3.51087e-07
2.23333 0.233333 2.96898e-07
2.3 0.233333 2.4264e-07
2.36667 0.233333 1.92388e-07
2.43333 0.233333 1.44874e-07
2.5 0.233333 9.62131e-08
2.56667 0.233333 4.12481e-08
2.63333 0.233333 2.58551e-08
2.7 0.233333 1.11202e-07
2.76667 0.233333 2.20263e-07
2.83333 0.233333 3.55078e-07
2.9 0.233333 5.05496e-07
2.96667 0.233333 6.34626e-07
3.03333 0.233333 6.86996e-07
3.1 0.233333 6.26693e-07
3.16667 0.233333 4.74573e-07
3.23333 0.233333 2.95078e-07
3.3 0.233333 1.47228e-07
3.36667 0.233333 5.26592e-08
3.43333 0.233333 2.61746e-09
3.5 0.233333 2.00694e-08
3.56667 0.233333 2.83965e-08
3.63333 0.233333 2.98625e-08
3.7 0.233333 2.84014e-08
3.76667 0.233333 2.59416e-08
3.83333 0.233333 2.33607e-08
3.9 0.233333 2.10125e-08
3.96667 0.233333 1.90033e-08
4.03333 0.233333 1.73316e-08
4.1 0.233333 1.59559e-08
4.16667 0.233333 1.48254e-08
4.23333 0.233333 1.38929e-08
4.3 0.233333 1.31193e-08
4.36667 0.233333 1.2474e-08
4.43333 0.233333 1.19338e-08
4.5 0.233333 1.14813e-08
4.56667 0.233333 1.11038e-08
4.63333 0.233333 1.07921e-08
4.7 0.233333 1.05394e-08
4.76667 0.233333 1.03407e-08
4.83333 0.233333 1.01919e-08
4.9 0.233333 1.00899e-08
4.96667 0.233333 1.00314e-08
0.0333333 0.3 5.64375e-05
0.1 0.3 1.49352e-06
0.166667 0.3 5.09298e-05
0.233333 0.3 0.000104166
0.3 0.3 0.000150956
0.366667 0.3 6.82916e-05
0.433333 0.3 3.98679e-05
0.5 0.3 6.20464e-05
0.566667 0.3 5.34405e-05
0.633333 0.3 2.97618e-05
0.7 0.3 3.11436e-06
0.766667 0.3 2.50902e-05
0.833333 0.3 2.70139e-05
0.9 0.3 2.58906e-05
0.966667 0.3 2.09474e-05
1.03333 0.3 1.72202e-05
1.1 0.3 1.18066e-05
1.16667 0.3 6.35281e-06
1.23333 0.3 3.75605e-06
1.3 0.3 7.36912e-07
1.36667 0.3 5.08833e-06
1.43333 0.3 8.58169e-06
1.5 0.3 1.03382e-05
1.56667 0.3 9.92509e-06
1.63333 0.3 7.78013e-06
1.7 0.3 4.96496e-06
1.76667 0.3 2.46745e-06
1.83333 0.3 7.52516e-07
1.9 0.3 2.04056e-07
1.96667 0.3 6.35484e-07
2.03333 0.3 7.70227e-07
2.1 0.3 7.63294e-07
2.16667 0.3 7.03347e-07
2.23333 0.3 6.34207e-07
2.3 0.3 5.734e-07
2.36667 0.3 5.24456e-07
2.43333 0.3 4.84068e-07
2.5 0.3 4.4582e-07
2.56667 0.3 4.01824e-07
2.63333 0.3 3.43168e-07
2.7 0.3 2.59653e-07
2.76667 0.3 1.39136e-07
2.83333 0.3 3.30617e-08
2.9 0.3 2.72676e-07
2.96667 0.3 5.69517e-07
3.03333 0.3 8.02337e-07
3.1 0.3 8.26153e-07
3.16667 0.3 6.24396e-07
3.23333 0.3 3.41148e-07
3.3 0.3 1.22453e-07
3.36667 0.3 6.07829e-09
3.43333 0.3 4.15419e-08
3.5 0.3 5.56807e-08
3.56667 0.3 5.52183e-08
3.63333 0.3 4.9366e-08
3.7 0.3 4.22909e-08
3.76667 0.3 3.56985e-08
3.83333 0.3 3.0148e-08
3.9 0.3 2.56992e-08
3.96667 0.3 2.22206e-08
4.03333 0.3 1.95296e-08
4.1 0.3 1.74513e-08
4.16667 0.3 1.58391e-08
4.23333 0.3 1.45779e-08
4.3 0.3 1.35808e-08
4.36667 0.3 1.2784e-08
4.43333 0.3 1.21414e-08
4.5 0.3 1.16197e-08
4.56667 0.3 1.11957e-08
4.63333 0.3 1.08525e-08
4.7 0.3 1.05785e-08
4.76667 0.3 1.03649e-08
4.83333 0.3 1.02055e-08
4.9 0.3 1.00951e-08
4.96667 0.3 1.0029e-08
0.0333333 0.366667 6.00655e-05
0.1 0.366667 5.4365e-06
0.166667 0.366667 4.05329e-05
0.233333 0.366667 9.23471e-05
0.3 0.366667 0.000158762
0.366667 0.366667 0.000189624
0.433333 0.366667 4.36314e-05
0.5 0.366667 8.68401e-05
0.566667 0.366667 8.80007e-05
0.633333 0.366667 8.21894e-05
0.7 0.366667 5.39372e-05
0.766667 0.366667 1.28628e-05
0.833333 0.366667 3.84645e-06
0.9 0.366667 3.70372e-05
0.966667 0.366667 2.96512e-05
1.03333 0.366667 2.55632e-05
1.1 0.366667 1.95782e-05
1.16667 0.366667 1.24949e-05
1.23333 0.366667 8.2529e-06
1.3 0.366667 4.71568e-06
1.36667 0.366667 3.27154e-06
1.43333 0.366667 3.56605e-06
1.5 0.366667 8.50675e-06
1.56667 0.366667 9.96649e-06
1.63333 0.366667 8.25473e-06
1.7 0.366667 5.59039e-06
1.76667 0.366667 3.14791e-06
1.83333 0.366667 6.7078e-07
1.9 0.366667 5.80017e-07
1.96667 0.366667 1.07813e-06
2.03333 0.366667 1.19107e-06
2.1 0.366667 1.1403e-06
2.16667 0.366667 1.04106e-06
2.23333 0.366667 9.45475e-07
2.3 0.366667 8.71703e-07
2.36667 0.366667 8.21229e-07
2.43333 0.366667 7.88181e-07
2.5 0.366667 7.63931e-07
2.56667 0.366667 7.39026e-07
2.63333 0.366667 7.03655e-07
2.7 0.366667 6.4719e-07
2.76667 0.366667 5.56746e-07
2.83333 0.366667 4.13774e-07
2.9 0.366667 1.85709e-07
2.96667 0.366667 2.04012e-07
3.03333 0.366667 8.34458e-07
3.1 0.366667 1.15477e-06
3.16667 0.366667 8.99532e-07
3.23333 0.366667 4.0788e-07
3.3 0.366667 8.14464e-08
3.36667 0.366667 4.47093e-08
3.43333 0.366667 8.41569e-08
3.5 0.366667 8.78e-08
3.56667 0.366667 7.8438e-08
3.63333 0.366667 6.58119e-08
3.7 0.366667 5.38014e-08
3.76667 0.366667 4.36902e-08
3.83333 0.366667 3.56626e-08
3.9 0.366667 2.94852e-08
3.96667 0.366667 2.48083e-08
4.03333 0.366667 2.12914e-08
4.1 0.366667 1.86466e-08
4.16667 0.366667 1.66475e-08
4.23333 0.366667 1.5123e-08
4.3 0.366667 1.39475e-08
4.36667 0.366667 1.303e-08
4.43333 0.366667 1.2306e-08
4.5 0.366667 1.17296e-08
4.56667 0.366667 1.12687e-08
4.63333 0.366667 1.09008e-08
4.7 0.366667 1.06098e-08
4.76667 0.366667 1.03846e-08
4.83333 0.366667 1.02167e-08
4.9 0.366667 1.00996e-08
4.96667 0.366667 1.00272e-08
0.0333333 0.433333 5.62374e-05
0.1 0.433333 1.85826e-05
0.166667 0.433333 6.66715e-06
0.233333 0.433333 2.13803e-05
0.3 0.433333 1.2909e-05
0.366667 0.433333 2.87031e-05
0.433333 0.433333 8.22616e-05
0.5 0.433333 0.000105927
0.566667 0.433333 0.000111146
0.633333 0.433333 0.000133575
0.7 0.433333 0.000118822
0.766667 0.433333 6.46624e-05
0.833333 0.433333 3.06894e-05
0.9 0.433333 4.53137e-05
0.966667 0.433333 3.88764e-05
1.03333 0.433333 3.29844e-05
1.1 0.433333 2.67277e-05
1.16667 0.433333 2.07191e-05
1.23333 0.433333 1.3681e-05
1.3 0.433333 1.3581e-05
1.36667 0.433333 1.94927e-05
1.43333 0.433333 8.71683e-07
1.5 0.433333 1.38767e-05
1.56667 0.433333 2.05142e-05
1.63333 0.433333 1.69784e-05
1.7 0.433333 7.68387e-06
1.76667 0.433333 1.74704e-06
1.83333 0.433333 5.40238e-07
1.9 0.433333 9.72165e-07
1.96667 0.433333 1.49322e-06
2.03333 0.433333 1.55803e-06
2.1 0.433333 1.45024e-06
2.16667 0.433333 1.30556e-06
2.23333 0.433333 1.18018e-06
2.3 0.433333 1.09074e-06
2.36667 0.433333 1.03589e-06
2.43333 0.433333 1.00723e-06
2.5 0.433333 9.94491e-07
2.56667 0.433333 9.87685e-07
2.63333 0.433333 9.77828e-07
2.7 0.433333 9.56981e-07
2.76667 0.433333 9.17937e-07
2.83333 0.433333 8.53405e-07
2.9 0.433333 7.52844e-07
2.96667 0.433333 5.9221e-07
3.03333 0.433333 1.31382e-07
3.1 0.433333 1.69544e-06
3.16667 0.433333 1.56825e-06
3.23333 0.433333 4.17947e-07
3.3 0.433333 4.00541e-08
3.36667 0.433333 8.42993e-08
3.43333 0.433333 1.13986e-07
3.5 0.433333 1.09046e-07
3.56667 0.433333 9.32782e-08
3.63333 0.433333 7.60971e-08
3.7 0.433333 6.09003e-08
3.76667 0.433333 4.85746e-08
3.83333 0.433333 3.90133e-08
3.9 0.433333 3.17768e-08
3.96667 0.433333 2.63707e-08
4.03333 0.433333 2.23532e-08
4.1 0.433333 1.93661e-08
4.16667 0.433333 1.71335e-08
4.23333 0.433333 1.54505e-08
4.3 0.433333 1.41675e-08
4.36667 0.433333 1.31775e-08
4.43333 0.433333 1.24046e-08
4.5 0.433333 1.17954e-08
4.56667 0.433333 1.13124e-08
4.63333 0.433333 1.09296e-08
4.7 0.433333 1.06286e-08
4.76667 0.433333 1.03964e-08
4.83333 0.433333 1.02234e-08
4.9 0.433333 1.01021e-08
4.96667 0.433333 1.0026e-08
0.0333333 0.5 4.76802e-05
0.1 0.5 3.24211e-05
0.166667 0.5 2.80289e-05
0.233333 0.5 3.05281e-05
0.3 0.5 3.9135e-05
0.366667 0.5 6.40474e-05
0.433333 0.5 8.98134e-05
0.5 0.5 0.000102567
0.566667 0.5 0.000106787
0.633333 0.5 0.000133762
0.7 0.5 0.000118305
0.766667 0.5 6.92224e-05
0.833333 0.5 2.92834e-05
0.9 0.5 5.23614e-05
0.966667 0.5 4.46406e-05
1.03333 0.5 3.81466e-05
1.1 0.5 3.15658e-05
1.16667 0.5 2.41737e-05
1.23333 0.5 2.34748e-05
1.3 0.5 3.21916e-05
1.36667 0.5 3.36429e-05
1.43333 0.5 1.51867e-05
1.5 0.5 1.73119e-05
1.56667 0.5 3.66875e-05
1.63333 0.5 3.1829e-05
1.7 0.5 1.46885e-05
1.76667 0.5 2.23294e-06
1.83333 0.5 1.21709e-06
1.9 0.5 1.29651e-06
1.96667 0.5 1.80714e-06
2.03333 0.5 1.81371e-06
2.1 0.5 1.64945e-06
2.16667 0.5 1.46232e-06
2.23333 0.5 1.30878e-06
2.3 0.5 1.20253e-06
2.36667 0.5 1.13918e-06
2.43333 0.5 1.10799e-06
2.5 0.5 1.09722e-06
2.56667 0.5 1.09631e-06
2.63333 0.5 1.09663e-06
2.7 0.5 1.09183e-06
2.76667 0.5 1.07853e-06
2.83333 0.5 1.05813e-06
2.9 0.5 1.0431e-06
2.96667 0.5 1.07663e-06
3.03333 0.5 1.45209e-06
3.1 0.5 3.413e-08
3.16667 0.5 1.83115e-06
3.23333 0.5 4.12386e-07
3.3 0.5 2.03631e-08
3.36667 0.5 1.00302e-07
3.43333 0.5 1.25471e-07
3.5 0.5 1.1702e-07
3.56667 0.5 9.87715e-08
3.63333 0.5 7.98726e-08
3.7 0.5 6.34924e-08
3.76667 0.5 5.03517e-08
3.83333 0.5 4.02293e-08
3.9 0.5 3.26067e-08
3.96667 0.5 2.69355e-08
4.03333 0.5 2.27364e-08
4.1 0.5 1.96253e-08
4.16667 0.5 1.73083e-08
4.23333 0.5 1.5568e-08
4.3 0.5 1.42463e-08
4.36667 0.5 1.32302e-08
4.43333 0.5 1.24397e-08
4.5 0.5 1.18187e-08
4.56667 0.5 1.13279e-08
4.63333 0.5 1.09398e-08
4.7 0.5 1.06353e-08
4.76667 0.5 1.04006e-08
4.83333 0.5 1.02258e-08
4.9 0.5 1.0103e-08
4.96667 0.5 1.00255e-08
0.0333333 0.566667 3.7391e-05
0.1 0.566667 4.03671e-05
0.166667 0.566667 5.41282e-05
0.233333 0.566667 4.08975e-05
0.3 0.566667 4.09452e-05
0.366667 0.566667 5.70413e-05
0.433333 0.566667 7.11878e-05
0.5 0.566667 7.78683e-05
0.566667 0.566667 7.77986e-05
0.633333 0.566667 0.000104069
0.7 0.566667 9.22281e-05
0.766667 0.566667 5.90747e-05
0.833333 0.566667 2.39559e-05
0.9 0.566667 5.34831e-05
0.966667 0.566667 4.50587e-05
1.03333 0.566667 3.84453e-05
1.1 0.566667 3.2456e-05
1.16667 0.566667 2.51058e-05
1.23333 0.566667 3.01037e-05
1.3 0.566667 4.61181e-05
1.36667 0.566667 3.64201e-05
1.43333 0.566667 2.57213e-05
1.5 0.566667 2.57497e-05
1.56667 0.566667 7.23277e-05
1.63333 0.566667 6.34647e-05
1.7 0.566667 2.1791e-05
1.76667 0.566667 4.63776e-06
1.83333 0.566667 2.09319e-06
1.9 0.566667 1.37694e-06
1.96667 0.566667 1.88537e-06
2.03333 0.566667 1.86285e-06
2.1 0.566667 1.67106e-06
2.16667 0.566667 1.46305e-06
2.23333 0.566667 1.29427e-06
2.3 0.566667 1.17636e-06
2.36667 0.566667 1.10318e-06
2.43333 0.566667 1.0627e-06
2.5 0.566667 1.04227e-06
2.56667 0.566667 1.03039e-06
2.63333 0.566667 1.01723e-06
2.7 0.566667 9.94453e-07
2.76667 0.566667 9.54803e-07
2.83333 0.566667 8.91341e-07
2.9 0.566667 7.94619e-07
2.96667 0.566667 6.43708e-07
3.03333 0.566667 2.13906e-07
3.1 0.566667 1.6318e-06
3.16667 0.566667 1.55636e-06
3.23333 0.566667 4.2187e-07
3.3 0.566667 4.27245e-08
3.36667 0.566667 8.27631e-08
3.43333 0.566667 1.13144e-07
3.5 0.566667 1.08586e-07
3.56667 0.566667 9.30248e-08
3.63333 0.566667 7.59547e-08
3.7 0.566667 6.0818e-08
3.76667 0.566667 4.85254e-08
3.83333 0.566667 3.89827e-08
3.9 0.566667 3.17569e-08
3.96667 0.566667 2.63572e-08
4.03333 0.566667 2.23437e-08
4.1 0.566667 1.93591e-08
4.16667 0.566667 1.71283e-08
4.23333 0.566667 1.54465e-08
4.3 0.566667 1.41644e-08
4.36667 0.566667 1.3175e-08
4.43333 0.566667 1.24026e-08
4.5 0.566667 1.17938e-08
4.56667 0.566667 1.13111e-08
4.63333 0.566667 1.09286e-08
4.7 0.566667 1.06277e-08
4.76667 0.566667 1.03957e-08
4.83333 0.566667 1.02228e-08
4.9 0.566667 1.01015e-08
4.96667 0.566667 1.00254e-08
0.0333333 0.633333 1.29527e-06
0.1 0.633333 6.21601e-06
0.166667 0.633333 1.24771e-05
0.233333 0.633333 5.65467e-06
0.3 0.633333 2.64363e-05
0.366667 0.633333 3.80014e-05
0.433333 0.633333 4.5625e-05
0.5 0.633333 4.66943e-05
0.566667 0.633333 3.98338e-05
0.633333 0.633333 3.87076e-05
0.7 0.633333 1.95489e-05
0.766667 0.633333 7.32723e-07
0.833333 0.633333 1.52263e-05
0.9 0.633333 4.79093e-05
0.966667 0.633333 3.96081e-05
1.03333 0.633333 3.38697e-05
1.1 0.633333 2.74322e-05
1.16667 0.633333 2.57237e-05
1.23333 0.633333 2.7231e-05
1.3 0.633333 4.41679e-05
1.36667 0.633333 3.17934e-05
1.43333 0.633333 1.76841e-05
1.5 0.633333 6.7765e-08
1.56667 0.633333 7.53412e-05
1.63333 0.633333 7.95919e-05
1.7 0.633333 2.3592e-05
1.76667 0.633333 5.31929e-06
1.83333 0.633333 2.17264e-06
1.9 0.633333 1.19143e-06
1.96667 0.633333 1.70412e-06
2.03333 0.633333 1.68951e-06
2.1 0.633333 1.50604e-06
2.16667 0.633333 1.30368e-06
2.23333 0.633333 1.13619e-06
2.3 0.633333 1.01475e-06
2.36667 0.633333 9.33293e-07
2.43333 0.633333 8.80086e-07
2.5 0.633333 8.42476e-07
2.56667 0.633333 8.08459e-07
2.63333 0.633333 7.66702e-07
2.7 0.633333 7.05722e-07
2.76667 0.633333 6.12215e-07
2.83333 0.633333 4.67472e-07
2.9 0.633333 2.38803e-07
2.96667 0.633333 1.51185e-07
3.03333 0.633333 7.94341e-07
3.1 0.633333 1.13624e-06
3.16667 0.633333 8.98036e-07
3.23333 0.633333 4.12837e-07
3.3 0.633333 8.54863e-08
3.36667 0.633333 4.2297e-08
3.43333 0.633333 8.27951e-08
3.5 0.633333 8.7041e-08
3.56667 0.633333 7.80121e-08
3.63333 0.633333 6.55686e-08
3.7 0.633333 5.36586e-08
3.76667 0.633333 4.36033e-08
3.83333 0.633333 3.56076e-08
3.9 0.633333 2.94488e-08
3.96667 0.633333 2.47832e-08
4.03333 0.633333 2.12734e-08
4.1 0.633333 1.86333e-08
4.16667 0.633333 1.66374e-08
4.23333 0.633333 1.51153e-08
4.3 0.633333 1.39414e-08
4.36667 0.633333 1.30252e-08
4.43333 0.633333 1.23021e-08
4.5 0.633333 1.17265e-08
4.56667 0.633333 1.12662e-08
4.63333 0.633333 1.08987e-08
4.7 0.633333 1.06081e-08
4.76667 0.633333 1.03832e-08
4.83333 0.633333 1.02154e-08
4.9 0.633333 1.00984e-08
4.96667 0.633333 1.00261e-08
0.0333333 0.7 3.98827e-06
0.1 0.7 2.77391e-06
0.166667 0.7 8.36996e-06
0.233333 0.7 5.39929e-06
0.3 0.7 1.42995e-05
0.366667 0.7 2.11507e-05
0.433333 0.7 2.381e-05
0.5 0.7 2.07921e-05
0.566667 0.7 1.05764e-05
0.633333 0.7 8.17109e-06
0.7 0.7 2.5882e-05
0.766667 0.7 3.26987e-05
0.833333 0.7 3.63728e-05
0.9 0.7 3.43277e-05
0.966667 0.7 2.94311e-05
1.03333 0.7 2.52475e-05
1.1 0.7 2.0705e-05
1.16667 0.7 2.05963e-05
1.23333 0.7 1.8216e-05
1.3 0.7 3.05878e-05
1.36667 0.7 1.75827e-05
1.43333 0.7 1.02802e-06
1.5 0.7 3.44993e-05
1.56667 0.7 6.26979e-05
1.63333 0.7 4.65079e-05
1.7 0.7 1.92847e-05
1.76667 0.7 4.82809e-06
1.83333 0.7 1.61366e-06
1.9 0.7 7.41464e-07
1.96667 0.7 1.25638e-06
2.03333 0.7 1.28778e-06
2.1 0.7 1.15208e-06
2.16667 0.7 9.85843e-07
2.23333 0.7 8.40261e-07
2.3 0.7 7.27791e-07
2.36667 0.7 6.44789e-07
2.43333 0.7 5.81911e-07
2.5 0.7 5.28434e-07
2.56667 0.7 4.73641e-07
2.63333 0.7 4.06836e-07
2.7 0.7 3.16698e-07
2.76667 0.7 1.90311e-07
2.83333 0.7 1.22829e-08
2.9 0.7 2.34169e-07
2.96667 0.7 5.41099e-07
3.03333 0.7 7.86602e-07
3.1 0.7 8.22079e-07
3.16667 0.7 6.27258e-07
3.23333 0.7 3.4584e-07
3.3 0.7 1.26283e-07
3.36667 0.7 8.50845e-09
3.43333 0.7 4.01137e-08
3.5 0.7 5.48586e-08
3.56667 0.7 5.47436e-08
3.63333 0.7 4.9087e-08
3.7 0.7 4.2122e-08
3.76667 0.7 3.55925e-08
3.83333 0.7 3.00788e-08
3.9 0.7 2.5652e-08
3.96667 0.7 2.21872e-08
4.03333 0.7 1.95051e-08
4.1 0.7 1.74329e-08
4.16667 0.7 1.5825e-08
4.23333 0.7 1.45669e-08
4.3 0.7 1.35722e-08
4.36667 0.7 1.27771e-08
4.43333 0.7 1.21358e-08
4.5 0.7 1.16153e-08
4.56667 0.7 1.11921e-08
4.63333 0.7 1.08496e-08
4.7 0.7 1.0576e-08
4.76667 0.7 1.03628e-08
4.83333 0.7 1.02036e-08
4.9 0.7 1.00933e-08
4.96667 0.7 1.00274e-08
0.0333333 0.766667 5.13792e-06
0.1 0.766667 1.10629e-06
0.166667 0.766667 5.32679e-06
0.233333 0.766667 6.74649e-06
0.3 0.766667 6.88617e-06
0.366667 0.766667 8.89227e-06
0.433333 0.766667 7.95162e-06
0.5 0.766667 3.17006e-06
0.566667 0.766667 6.13811e-06
0.633333 0.766667 1.68081e-05
0.7 0.766667 2.1538e-05
0.766667 0.766667 2.5342e-05
0.833333 0.766667 2.55818e-05
0.9 0.766667 2.30974e-05
0.966667 0.766667 1.95575e-05
1.03333 0.766667 1.61579e-05
1.1 0.766667 1.31461e-05
1.16667 0.766667 1.01991e-05
1.23333 0.766667 6.92987e-06
1.3 0.766667 1.00177e-05
1.36667 0.766667 8.36175e-06
1.43333 0.766667 9.99067e-06
1.5 0.766667 2.56568e-05
1.56667 0.766667 3.04296e-05
1.63333 0.766667 2.30118e-05
1.7 0.766667 1.14651e-05
1.76667 0.766667 3.26054e-06
1.83333 0.766667 9.08535e-07
1.9 0.766667 2.93725e-07
1.96667 0.766667 7.30143e-07
2.03333 0.766667 7.87318e-07
2.1 0.766667 7.00296e-07
2.16667 0.766667 5.77169e-07
2.23333 0.766667 4.61028e-07
2.3 0.766667 3.64167e-07
2.36667 0.766667 2.85568e-07
2.43333 0.766667 2.19212e-07
2.5 0.766667 1.57663e-07
2.56667 0.766667 9.33563e-08
2.63333 0.766667 1.88883e-08
2.7 0.766667 7.28715e-08
2.76667 0.766667 1.8811e-07
2.83333 0.766667 3.29432e-07
2.9 0.766667 4.87122e-07
2.96667 0.766667 6.24006e-07
3.03333 0.766667 6.83459e-07
3.1 0.766667 6.28133e-07
3.16667 0.766667 4.78279e-07
3.23333 0.766667 2.98915e-07
3.3 0.766667 1.50181e-07
3.36667 0.766667 5.46079e-08
3.43333 0.766667 3.80952e-09
3.5 0.766667 1.93568e-08
3.56667 0.766667 2.79689e-08
3.63333 0.766667 2.96007e-08
3.7 0.766667 2.8236e-08
3.76667 0.766667 2.5833e-08
3.83333 0.766667 2.32865e-08
3.9 0.766667 2.09598e-08
3.96667 0.766667 1.89647e-08
4.03333 0.766667 1.73027e-08
4.1 0.766667 1.59337e-08
4.16667 0.766667 1.48081e-08
4.23333 0.766667 1.38792e-08
4.3 0.766667 1.31085e-08
4.36667 0.766667 1.24654e-08
4.43333 0.766667 1.19269e-08
4.5 0.766667 1.14757e-08
4.56667 0.766667 1.10993e-08
4.63333 0.766667 1.07884e-08
4.7 0.766667 1.05363e-08
4.76667 0.766667 1.0338e-08
4.83333 0.766667 1.01895e-08
4.9 0.766667 1.00877e-08
4.96667 0.766667 1.00294e-08
0.0333333 0.833333 4.01898e-06
0.1 0.833333 2.12953e-07
0.166667 0.833333 2.37282e-06
0.233333 0.833333 2.88026e-06
0.3 0.833333 1.47002e-08
0.366667 0.833333 2.77983e-07
0.433333 0.833333 4.02348e-06
0.5 0.833333 8.93483e-06
0.566667 0.833333 1.33858e-05
0.633333 0.833333 1.70399e-05
0.7 0.833333 1.93589e-05
0.766667 0.833333 1.94996e-05
0.833333 0.833333 1.75262e-05
0.9 0.833333 1.4164e-05
0.966667 0.833333 1.03364e-05
1.03333 0.833333 6.67261e-06
1.1 0.833333 3.34923e-06
1.16667 0.833333 2.41037e-07
1.23333 0.833333 2.85695e-06
1.3 0.833333 6.08794e-06
1.36667 0.833333 3.24243e-07
1.43333 0.833333 9.06699e-06
1.5 0.833333 1.35792e-05
1.56667 0.833333 1.33127e-05
1.63333 0.833333 9.44564e-06
1.7 0.833333 4.65332e-06
1.76667 0.833333 6.35149e-07
1.83333 0.833333 5.51867e-07
1.9 0.833333 2.26434e-07
1.96667 0.833333 4.18514e-07
2.03333 0.833333 3.97141e-07
2.1 0.833333 2.97471e-07
2.16667 0.833333 1.8296e-07
2.23333 0.833333 7.81147e-08
2.3 0.833333 1.12143e-08
2.36667 0.833333 8.69402e-08
2.43333 0.833333 1.53504e-07
2.5 0.833333 2.15623e-07
2.56667 0.833333 2.77453e-07
2.63333 0.833333 3.42245e-07
2.7 0.833333 4.1191e-07
2.76667 0.833333 4.85904e-07
2.83333 0.833333 5.58759e-07
2.9 0.833333 6.1698e-07
2.96667 0.833333 6.40061e-07
3.03333 0.833333 6.09706e-07
3.1 0.833333 5.23578e-07
3.16667 0.833333 4.00824e-07
3.23333 0.833333 2.72429e-07
3.3 0.833333 1.64261e-07
3.36667 0.833333 8.7107e-08
3.43333 0.833333 3.85786e-08
3.5 0.833333 1.06838e-08
3.56667 0.833333 4.32097e-09
3.63333 0.833333 1.18875e-08
3.7 0.833333 1.53564e-08
3.76667 0.833333 1.66465e-08
3.83333 0.833333 1.68206e-08
3.9 0.833333 1.64525e-08
3.96667 0.833333 1.58456e-08
4.03333 0.833333 1.51567e-08
4.1 0.833333 1.44643e-08
4.16667 0.833333 1.3806e-08
4.23333 0.833333 1.31984e-08
4.3 0.833333 1.26476e-08
4.36667 0.833333 1.21546e-08
4.43333 0.833333 1.17181e-08
4.5 0.833333 1.13363e-08
4.56667 0.833333 1.10069e-08
4.63333 0.833333 1.0728e-08
4.7 0.833333 1.04977e-08
4.76667 0.833333 1.03144e-08
4.83333 0.833333 1.01768e-08
4.9 0.833333 1.00833e-08
4.96667 0.833333 1.00323e-08
0.0333333 0.9 2.10964e-06
0.1 0.9 6.87829e-07
0.166667 0.9 1.10503e-06
0.233333 0.9 2.73761e-06
0.3 0.9 5.37596e-06
0.366667 0.9 8.79451e-06
0.433333 0.9 1.25781e-05
0.5 0.9 1.6118e-05
0.566667 0.9 1.87201e-05
0.633333 0.9 1.97844e-05
0.7 0.9 1.89448e-05
0.766667 0.9 1.62338e-05
0.833333 0.9 1.21219e-05
0.9 0.9 7.34089e-06
0.966667 0.9 2.59872e-06
1.03333 0.9 1.63058e-06
1.1 0.9 5.14297e-06
1.16667 0.9 7.90178e-06
1.23333 0.9 9.89904e-06
1.3 0.9 1.10429e-05
1.36667 0.9 7.72626e-06
1.43333 0.9 7.3983e-06
1.5 0.9 5.7281e-06
1.56667 0.9 3.27664e-06
1.63333 0.9 9.89218e-07
1.7 0.9 5.19962e-07
1.76667 0.9 1.19676e-06
1.83333 0.9 7.67182e-07
1.9 0.9 6.80151e-07
1.96667 0.9 4.64306e-07
2.03333 0.9 2.32812e-07
2.1 0.9 3.05884e-08
2.16667 0.9 1.31767e-07
2.23333 0.9 2.58376e-07
2.3 0.9 3.5771e-07
2.36667 0.9 4.37974e-07
2.43333 0.9 5.0547e-07
2.5 0.9 5.64293e-07
2.56667 0.9 6.16478e-07
2.63333 0.9 6.62183e-07
2.7 0.9 6.99699e-07
2.76667 0.9 7.25253e-07
2.83333 0.9 7.32888e-07
2.9 0.9 7.15322e-07
2.96667 0.9 6.66686e-07
3.03333 0.9 5.86575e-07
3.1 0.9 4.82738e-07
3.16667 0.9 3.6964e-07
3.23333 0.9 2.6308e-07
3.3 0.9 1.74395e-07
3.36667 0.9 1.07834e-07
3.43333 0.9 6.17678e-08
3.5 0.9 3.17053e-08
3.56667 0.9 1.28502e-08
3.63333 0.9 1.34302e-09
3.7 0.9 5.51945e-09
3.76667 0.9 9.50072e-09
3.83333 0.9 1.17118e-08
3.9 0.9 1.28416e-08
3.96667 0.9 1.33152e-08
4.03333 0.9 1.33954e-08
4.1 0.9 1.32451e-08
4.16667 0.9 1.29662e-08
4.23333 0.9 1.26225e-08
4.3 0.9 1.22544e-08
4.36667 0.9 1.18875e-08
4.43333 0.9 1.15377e-08
4.5 0.9 1.12154e-08
4.56667 0.9 1.09268e-08
4.63333 0.9 1.06757e-08
4.7 0.9 1.04646e-08
4.76667 0.9 1.02946e-08
4.83333 0.9 1.01665e-08
4.9 0.9 1.00802e-08
4.96667 0.9 1.00353e-08
0.0333333 0.966667 7.77516e-07
0.1 0.966667 2.38788e-06
0.166667 0.966667 5.42182e-06
0.233333 0.966667 9.33081e-06
0.3 0.966667 1.3801e-05
0.366667 0.966667 1.84103e-05
0.433333 0.966667 2.25404e-05
0.5 0.966667 2.54515e-05
0.566667 0.966667 2.64642e-05
0.633333 0.966667 2.51706e-05
0.7 0.966667 2.15866e-05
0.766667 0.966667 1.6175e-05
0.833333 0.966667 9.72039e-06
0.9 0.966667 3.10148e-06
0.966667 0.966667 2.934e-06
1.03333 0.966667 7.88983e-06
1.1 0.966667 1.15047e-05
1.16667 0.966667 1.36496e-05
1.23333 0.966667 1.42247e-05
1.3 0.966667 1.31396e-05
1.36667 0.966667 1.04401e-05
1.43333 0.966667 6.54422e-06
1.5 0.966667 2.31509e-06
1.56667 0.966667 1.22534e-06
1.63333 0.966667 3.37108e-06
1.7 0.966667 4.02609e-06
1.76667 0.966667 3.61072e-06
1.83333 0.966667 2.70971e-06
1.9 0.966667 1.76126e-06
1.96667 0.966667 9.70383e-07
2.03333 0.966667 3.82598e-07
2.1 0.966667 2.89748e-08
2.16667 0.966667 3.10048e-07
2.23333 0.966667 5.02301e-07
2.3 0.966667 6.36989e-07
2.36667 0.966667 7.351e-07
2.43333 0.966667 8.09424e-07
2.5 0.966667 8.66703e-07
2.56667 0.966667 9.09316e-07
2.63333 0.966667 9.36488e-07
2.7 0.966667 9.45203e-07
2.76667 0.966667 9.3117e-07
2.83333 0.966667 8.9023e-07
2.9 0.966667 8.20339e-07
2.96667 0.966667 7.23659e-07
3.03333 0.966667 6.0758e-07
3.1 0.966667 4.83639e-07
3.16667 0.966667 3.64467e-07
3.23333 0.966667 2.60233e-07
3.3 0.966667 1.76407e-07
3.36667 0.966667 1.13646e-07
3.43333 0.966667 6.92856e-08
3.5 0.966667 3.9257e-08
3.56667 0.966667 1.95357e-08
3.63333 0.966667 6.84881e-09
3.7 0.966667 1.18439e-09
3.76667 0.966667 6.18817e-09
3.83333 0.966667 9.23366e-09
3.9 0.966667 1.10167e-08
3.96667 0.966667 1.19879e-08
4.03333 0.966667 1.24395e-08
4.1 0.966667 1.25626e-08
4.16667 0.966667 1.24825e-08
4.23333 0.966667 1.22821e-08
4.3 0.966667 1.20166e-08
4.36667 0.966667 1.17225e-08
4.43333 0.966667 1.14244e-08
4.5 0.966667 1.11383e-08
4.56667 0.966667 1.08752e-08
4.63333 0.966667 1.0642e-08
4.7 0.966667 1.04433e-08
4.76667 0.966667 1.02821e-08
4.83333 0.966667 1.01602e-08
4.9 0.966667 1.00786e-08
4.96667 0.966667 1.00376e-08
