0.0333333 0.0333333 9.23023e-07
0.1 0.0333333 3.19868e-06
0.166667 0.0333333 6.49111e-06
0.233333 0.0333333 8.73556e-06
0.3 0.0333333 7.9984e-06
0.366667 0.0333333 3.6724e-06
0.433333 0.0333333 2.95583e-06
0.5 0.0333333 9.48784e-06
0.566667 0.0333333 1.39245e-05
0.633333 0.0333333 1.55599e-05
0.7 0.0333333 1.48084e-05
0.766667 0.0333333 1.25568e-05
0.833333 0.0333333 9.67872e-06
0.9 0.0333333 6.82861e-06
0.966667 0.0333333 4.39656e-06
1.03333 0.0333333 2.53901e-06
1.1 0.0333333 1.24953e-06
1.16667 0.0333333 4.37196e-07
1.23333 0.0333333 1.37473e-08
1.3 0.0333333 2.11762e-07
1.36667 0.0333333 2.47443e-07
1.43333 0.0333333 1.9298e-07
1.5 0.0333333 1.03426e-07
1.56667 0.0333333 1.69884e-08
1.63333 0.0333333 4.4739e-08
1.7 0.0333333 7.48781e-08
1.76667 0.0333333 7.71738e-08
1.83333 0.0333333 6.07788e-08
1.9 0.0333333 3.56306e-08
1.96667 0.0333333 9.59073e-09
2.03333 0.0333333 1.25193e-08
2.1 0.0333333 2.85905e-08
2.16667 0.0333333 3.83643e-08
2.23333 0.0333333 4.25712e-08
2.3 0.0333333 4.2301e-08
2.36667 0.0333333 3.86336e-08
2.43333 0.0333333 3.24701e-08
2.5 0.0333333 2.44933e-08
2.56667 0.0333333 1.52024e-08
2.63333 0.0333333 4.99113e-09
2.7 0.0333333 5.74708e-09
2.76667 0.0333333 1.65009e-08
2.83333 0.0333333 2.6543e-08
2.9 0.0333333 3.49216e-08
2.96667 0.0333333 4.06156e-08
3.03333 0.0333333 4.28588e-08
3.1 0.0333333 4.14898e-08
3.16667 0.0333333 3.71023e-08
3.23333 0.0333333 3.08604e-08
3.3 0.0333333 2.40756e-08
3.36667 0.0333333 1.77944e-08
3.43333 0.0333333 1.25974e-08
3.5 0.0333333 8.63489e-09
3.56667 0.0333333 5.78555e-09
3.63333 0.0333333 3.81807e-09
3.7 0.0333333 2.49568e-09
3.76667 0.0333333 1.62208e-09
3.83333 0.0333333 1.05104e-09
3.9 0.0333333 6.80064e-10
3.96667 0.0333333 4.39821e-10
4.03333 0.0333333 2.84448e-10
4.1 0.0333333 1.83979e-10
4.16667 0.0333333 1.18979e-10
4.23333 0.0333333 7.68899e-11
4.3 0.0333333 4.96066e-11
4.36667 0.0333333 3.19023e-11
4.43333 0.0333333 2.04027e-11
4.5 0.0333333 1.29282e-11
4.56667 0.0333333 8.06922e-12
4.63333 0.0333333 4.91418e-12
4.7 0.0333333 2.87361e-12
4.76667 0.0333333 1.56782e-12
4.83333 0.0333333 7.54657e-13
4.9 0.0333333 2.8375e-13
4.96667 0.0333333 6.81795e-14
0.0333333 0.1 3.5582e-06
0.1 0.1 4.45335e-06
0.166667 0.1 5.82817e-06
0.233333 0.1 6.76983e-06
0.3 0.1 6.10901e-06
0.366667 0.1 3.22368e-06
0.433333 0.1 1.48427e-06
0.5 0.1 6.68958e-06
0.566667 0.1 1.08301e-05
0.633333 0.1 1.29875e-05
0.7 0.1 1.30837e-05
0.766667 0.1 1.16111e-05
0.833333 0.1 9.27055e-06
0.9 0.1 6.72747e-06
0.966667 0.1 4.45289e-06
1.03333 0.1 2.67283e-06
1.1 0.1 1.41598e-06
1.16667 0.1 6.04292e-07
1.23333 0.1 1.29469e-07
1.3 0.1 1.07846e-07
1.36667 0.1 1.87663e-07
1.43333 0.1 1.72636e-07
1.5 0.1 1.11454e-07
1.56667 0.1 4.01264e-08
1.63333 0.1 1.81897e-08
1.7 0.1 5.28243e-08
1.76667 0.1 6.33477e-08
1.83333 0.1 5.56556e-08
1.9 0.1 3.77908e-08
1.96667 0.1 1.68944e-08
2.03333 0.1 2.18538e-09
2.1 0.1 1.69579e-08
2.16667 0.1 2.66924e-08
2.23333 0.1 3.16971e-08
2.3 0.1 3.27437e-08
2.36667 0.1 3.07024e-08
2.43333 0.1 2.63544e-08
2.5 0.1 2.03246e-08
2.56667 0.1 1.30872e-08
2.63333 0.1 5.01121e-09
2.7 0.1 3.57193e-09
2.76667 0.1 1.22881e-08
2.83333 0.1 2.06376e-08
2.9 0.1 2.79378e-08
2.96667 0.1 3.33588e-08
3.03333 0.1 3.61217e-08
3.1 0.1 3.58272e-08
3.16667 0.1 3.27213e-08
3.23333 0.1 2.76787e-08
3.3 0.1 2.18686e-08
3.36667 0.1 1.63195e-08
3.43333 0.1 1.16482e-08
3.5 0.1 8.04797e-09
3.56667 0.1 5.43619e-09
3.63333 0.1 3.61658e-09
3.7 0.1 2.38215e-09
3.76667 0.1 1.55915e-09
3.83333 0.1 1.01655e-09
3.9 0.1 6.61311e-10
3.96667 0.1 4.29694e-10
4.03333 0.1 2.79023e-10
4.1 0.1 1.81111e-10
4.16667 0.1 1.17501e-10
4.23333 0.1 7.61678e-11
4.3 0.1 4.92975e-11
4.36667 0.1 3.18194e-11
4.43333 0.1 2.04443e-11
4.5 0.1 1.30386e-11
4.56667 0.1 8.21781e-12
4.63333 0.1 5.08399e-12
4.7 0.1 3.0552e-12
4.76667 0.1 1.75587e-12
4.83333 0.1 9.46142e-13
4.9 0.1 4.76916e-13
4.96667 0.1 2.62035e-13
0.0333333 0.166667 8.36983e-06
0.1 0.166667 6.89524e-06
0.166667 0.166667 4.92664e-06
0.233333 0.166667 2.85464e-06
0.3 0.166667 1.80494e-06
0.366667 0.166667 1.96355e-06
0.433333 0.166667 1.49078e-06
0.5 0.166667 1.1921e-06
0.566667 0.166667 5.31324e-06
0.633333 0.166667 8.77272e-06
0.7 0.166667 1.05564e-05
0.766667 0.166667 1.05018e-05
0.833333 0.166667 9.03731e-06
0.9 0.166667 6.89991e-06
0.966667 0.166667 4.77021e-06
1.03333 0.166667 3.03562e-06
1.1 0.166667 1.78756e-06
1.16667 0.166667 9.54485e-07
1.23333 0.166667 4.25851e-07
1.3 0.166667 1.0991e-07
1.36667 0.166667 5.81231e-08
1.43333 0.166667 1.23792e-07
1.5 0.166667 1.22055e-07
1.56667 0.166667 8.27714e-08
1.63333 0.166667 3.1538e-08
1.7 0.166667 1.27524e-08
1.76667 0.166667 4.026e-08
1.83333 0.166667 4.97829e-08
1.9 0.166667 4.56481e-08
1.96667 0.166667 3.39492e-08
2.03333 0.166667 1.99462e-08
2.1 0.166667 7.07471e-09
2.16667 0.166667 2.96055e-09
2.23333 0.166667 9.67405e-09
2.3 0.166667 1.32747e-08
2.36667 0.166667 1.42791e-08
2.43333 0.166667 1.32764e-08
2.5 0.166667 1.08095e-08
2.56667 0.166667 7.33164e-09
2.63333 0.166667 3.20225e-09
2.7 0.166667 1.30279e-09
2.76667 0.166667 5.98074e-09
2.83333 0.166667 1.0689e-08
2.9 0.166667 1.53195e-08
2.96667 0.166667 1.96539e-08
3.03333 0.166667 2.31849e-08
3.1 0.166667 2.51338e-08
3.16667 0.166667 2.48664e-08
3.23333 0.166667 2.24073e-08
3.3 0.166667 1.85208e-08
3.36667 0.166667 1.42537e-08
3.43333 0.166667 1.04025e-08
3.5 0.166667 7.31739e-09
3.56667 0.166667 5.02018e-09
3.63333 0.166667 3.38518e-09
3.7 0.166667 2.25574e-09
3.76667 0.166667 1.49103e-09
3.83333 0.166667 9.80236e-10
3.9 0.166667 6.42134e-10
3.96667 0.166667 4.19676e-10
4.03333 0.166667 2.73874e-10
4.1 0.166667 1.78543e-10
4.16667 0.166667 1.16301e-10
4.23333 0.166667 7.56922e-11
4.3 0.166667 4.92068e-11
4.36667 0.166667 3.19337e-11
4.43333 0.166667 2.06685e-11
4.5 0.166667 1.33218e-11
4.56667 0.166667 8.53312e-12
4.63333 0.166667 5.41679e-12
4.7 0.166667 3.39759e-12
4.76667 0.166667 2.10356e-12
4.83333 0.166667 1.29678e-12
4.9 0.166667 8.29231e-13
4.96667 0.166667 6.15315e-13
0.0333333 0.233333 1.39434e-05
0.1 0.233333 9.77318e-06
0.166667 0.233333 3.08994e-06
0.233333 0.233333 3.9106e-06
0.3 0.233333 1.03127e-05
0.366667 0.233333 4.561e-06
0.433333 0.233333 6.59077e-06
0.5 0.233333 8.00331e-06
0.566667 0.233333 3.38198e-06
0.633333 0.233333 2.32984e-06
0.7 0.233333 6.98816e-06
0.766667 0.233333 9.34677e-06
0.833333 0.233333 9.24835e-06
0.9 0.233333 7.5658e-06
0.966667 0.233333 5.45061e-06
1.03333 0.233333 3.65042e-06
1.1 0.233333 2.36375e-06
1.16667 0.233333 1.48529e-06
1.23333 0.233333 8.77879e-07
1.3 0.233333 4.49622e-07
1.36667 0.233333 1.49579e-07
1.43333 0.233333 4.39212e-08
1.5 0.233333 1.40411e-07
1.56667 0.233333 1.54297e-07
1.63333 0.233333 1.12704e-07
1.7 0.233333 4.94877e-08
1.76667 0.233333 7.47661e-09
1.83333 0.233333 4.43545e-08
1.9 0.233333 6.01917e-08
1.96667 0.233333 6.07068e-08
2.03333 0.233333 5.27461e-08
2.1 0.233333 4.16118e-08
2.16667 0.233333 3.05545e-08
2.23333 0.233333 2.11735e-08
2.3 0.233333 1.39881e-08
2.36667 0.233333 8.91335e-09
2.43333 0.233333 5.58182e-09
2.5 0.233333 3.53384e-09
2.56667 0.233333 2.31567e-09
2.63333 0.233333 1.52718e-09
2.7 0.233333 8.53482e-10
2.76667 0.233333 1.11054e-10
2.83333 0.233333 6.6975e-10
2.9 0.233333 1.13781e-09
2.96667 0.233333 2.38268e-10
3.03333 0.233333 3.00258e-09
3.1 0.233333 8.13794e-09
3.16667 0.233333 1.29441e-08
3.23333 0.233333 1.52109e-08
3.3 0.233333 1.45447e-08
3.36667 0.233333 1.21171e-08
3.43333 0.233333 9.26189e-09
3.5 0.233333 6.72049e-09
3.56667 0.233333 4.71091e-09
3.63333 0.233333 3.22645e-09
3.7 0.233333 2.17506e-09
3.76667 0.233333 1.45051e-09
3.83333 0.233333 9.60192e-10
3.9 0.233333 6.32437e-10
3.96667 0.233333 4.15158e-10
4.03333 0.233333 2.71921e-10
4.1 0.233333 1.77846e-10
4.16667 0.233333 1.16211e-10
4.23333 0.233333 7.58926e-11
4.3 0.233333 4.95432e-11
4.36667 0.233333 3.23327e-11
4.43333 0.233333 2.10956e-11
4.5 0.233333 1.37614e-11
4.56667 0.233333 8.97795e-12
4.63333 0.233333 5.86388e-12
4.7 0.233333 3.84572e-12
4.76667 0.233333 2.55229e-12
4.83333 0.233333 1.74604e-12
4.9 0.233333 1.27911e-12
4.96667 0.233333 1.0659e-12
0.0333333 0.3 1.80028e-05
0.1 0.3 1.1962e-05
0.166667 0.3 1.2617e-06
0.233333 0.3 1.57243e-05
0.3 0.3 4.12345e-05
0.366667 0.3 3.02021e-05
0.433333 0.3 1.23668e-05
0.5 0.3 2.02266e-05
0.566667 0.3 1.61913e-05
0.633333 0.3 8.10652e-06
0.7 0.3 9.18187e-07
0.766667 0.3 7.47143e-06
0.833333 0.3 9.94727e-06
0.9 0.3 8.86425e-06
0.966667 0.3 6.41714e-06
1.03333 0.3 4.42807e-06
1.1 0.3 3.10045e-06
1.16667 0.3 2.17783e-06
1.23333 0.3 1.49328e-06
1.3 0.3 9.39925e-07
1.36667 0.3 4.69616e-07
1.43333 0.3 8.79094e-08
1.5 0.3 1.67226e-07
1.56667 0.3 2.70102e-07
1.63333 0.3 2.41436e-07
1.7 0.3 1.42461e-07
1.76667 0.3 3.65474e-08
1.83333 0.3 4.04652e-08
1.9 0.3 8.19263e-08
1.96667 0.3 9.60755e-08
2.03333 0.3 9.37588e-08
2.1 0.3 8.34005e-08
2.16667 0.3 7.03392e-08
2.23333 0.3 5.74747e-08
2.3 0.3 4.60934e-08
2.36667 0.3 3.6531e-08
2.43333 0.3 2.86216e-08
2.5 0.3 2.19707e-08
2.56667 0.3 1.61029e-08
2.63333 0.3 1.05334e-08
2.7 0.3 4.8034e-09
2.76667 0.3 1.48228e-09
2.83333 0.3 8.56833e-09
2.9 0.3 1.63585e-08
2.96667 0.3 2.43281e-08
3.03333 0.3 2.67732e-08
3.1 0.3 1.94864e-08
3.16667 0.3 6.02461e-09
3.23333 0.3 5.19178e-09
3.3 0.3 1.00071e-08
3.36667 0.3 1.01143e-08
3.43333 0.3 8.43415e-09
3.5 0.3 6.38514e-09
3.56667 0.3 4.5793e-09
3.63333 0.3 3.17792e-09
3.7 0.3 2.15972e-09
3.76667 0.3 1.44778e-09
3.83333 0.3 9.61725e-10
3.9 0.3 6.34981e-10
3.96667 0.3 4.17569e-10
4.03333 0.3 2.73892e-10
4.1 0.3 1.79377e-10
4.16667 0.3 1.17392e-10
4.23333 0.3 7.68215e-11
4.3 0.3 5.03013e-11
4.36667 0.3 3.29792e-11
4.43333 0.3 2.16711e-11
4.5 0.3 1.42927e-11
4.56667 0.3 9.48229e-12
4.63333 0.3 6.35203e-12
4.7 0.3 4.32439e-12
4.76667 0.3 3.02561e-12
4.83333 0.3 2.2166e-12
4.9 0.3 1.74856e-12
4.96667 0.3 1.53535e-12
0.0333333 0.366667 1.84428e-05
0.1 0.366667 1.22937e-05
0.166667 0.366667 1.32621e-06
0.233333 0.366667 1.63973e-05
0.3 0.366667 4.85424e-05
0.366667 0.366667 0.000282073
0.433333 0.366667 2.26278e-05
0.5 0.366667 3.28718e-05
0.566667 0.366667 3.1209e-05
0.633333 0.366667 2.50018e-05
0.7 0.366667 1.08133e-05
0.766667 0.366667 1.57512e-06
0.833333 0.366667 1.00583e-05
0.9 0.366667 1.08429e-05
0.966667 0.366667 7.3078e-06
1.03333 0.366667 5.25615e-06
1.1 0.366667 3.90425e-06
1.16667 0.366667 2.9682e-06
1.23333 0.366667 2.24666e-06
1.3 0.366667 1.60324e-06
1.36667 0.366667 9.5449e-07
1.43333 0.366667 3.14439e-07
1.5 0.366667 2.04602e-07
1.56667 0.366667 4.68009e-07
1.63333 0.366667 4.58696e-07
1.7 0.366667 2.89147e-07
1.76667 0.366667 9.97579e-08
1.83333 0.366667 3.49652e-08
1.9 0.366667 1.07068e-07
1.96667 0.366667 1.34817e-07
2.03333 0.366667 1.3676e-07
2.1 0.366667 1.25847e-07
2.16667 0.366667 1.09883e-07
2.23333 0.366667 9.30899e-08
2.3 0.366667 7.74437e-08
2.36667 0.366667 6.36209e-08
2.43333 0.366667 5.16045e-08
2.5 0.366667 4.10427e-08
2.56667 0.366667 3.14403e-08
2.63333 0.366667 2.22405e-08
2.7 0.366667 1.28429e-08
2.76667 0.366667 2.58572e-09
2.83333 0.366667 9.27317e-09
2.9 0.366667 2.35057e-08
2.96667 0.366667 4.08398e-08
3.03333 0.366667 6.6839e-08
3.1 0.366667 6.80785e-08
3.16667 0.366667 3.9525e-08
3.23333 0.366667 9.58843e-09
3.3 0.366667 4.4485e-09
3.36667 0.366667 8.33009e-09
3.43333 0.366667 7.90542e-09
3.5 0.366667 6.2635e-09
3.56667 0.366667 4.57745e-09
3.63333 0.366667 3.20356e-09
3.7 0.366667 2.1856e-09
3.76667 0.366667 1.46764e-09
3.83333 0.366667 9.75561e-10
3.9 0.366667 6.44203e-10
3.96667 0.366667 4.23594e-10
4.03333 0.366667 2.77811e-10
4.1 0.366667 1.8195e-10
4.16667 0.366667 1.19119e-10
4.23333 0.366667 7.80257e-11
4.3 0.366667 5.11853e-11
4.36667 0.366667 3.36689e-11
4.43333 0.366667 2.22438e-11
4.5 0.366667 1.47955e-11
4.56667 0.366667 9.94361e-12
4.63333 0.366667 6.78896e-12
4.7 0.366667 4.74713e-12
4.76667 0.366667 3.44026e-12
4.83333 0.366667 2.62681e-12
4.9 0.366667 2.15661e-12
4.96667 0.366667 1.94282e-12
0.0333333 0.433333 1.4949e-05
0.1 0.433333 1.03079e-05
0.166667 0.433333 2.85914e-06
0.233333 0.433333 4.55331e-06
0.3 0.433333 7.08794e-06
0.366667 0.433333 9.30841e-06
0.433333 0.433333 3.23369e-05
0.5 0.433333 3.86655e-05
0.566667 0.433333 3.98247e-05
0.633333 0.433333 3.95934e-05
0.7 0.433333 2.49219e-05
0.766667 0.433333 8.60189e-06
0.833333 0.433333 6.45726e-06
0.9 0.433333 1.15078e-05
0.966667 0.433333 8.06113e-06
1.03333 0.433333 5.96091e-06
1.1 0.433333 4.62223e-06
1.16667 0.433333 3.71955e-06
1.23333 0.433333 3.03152e-06
1.3 0.433333 2.3959e-06
1.36667 0.433333 1.67987e-06
1.43333 0.433333 7.37684e-07
1.5 0.433333 2.23317e-07
1.56667 0.433333 8.26934e-07
1.63333 0.433333 8.51302e-07
1.7 0.433333 5.3112e-07
1.76667 0.433333 1.9263e-07
1.83333 0.433333 2.27561e-08
1.9 0.433333 1.28991e-07
1.96667 0.433333 1.68921e-07
2.03333 0.433333 1.7333e-07
2.1 0.433333 1.60721e-07
2.16667 0.433333 1.41447e-07
2.23333 0.433333 1.2089e-07
2.3 0.433333 1.01541e-07
2.36667 0.433333 8.42851e-08
2.43333 0.433333 6.91721e-08
2.5 0.433333 5.58571e-08
2.56667 0.433333 4.38256e-08
2.63333 0.433333 3.24861e-08
2.7 0.433333 2.11768e-08
2.76667 0.433333 9.1115e-09
2.83333 0.433333 4.71739e-09
2.9 0.433333 2.1666e-08
2.96667 0.433333 4.31668e-08
3.03333 0.433333 7.1451e-08
3.1 0.433333 1.64837e-07
3.16667 0.433333 1.12488e-07
3.23333 0.433333 2.98442e-08
3.3 0.433333 7.74753e-10
3.36667 0.433333 6.9392e-09
3.43333 0.433333 7.59116e-09
3.5 0.433333 6.23706e-09
3.56667 0.433333 4.61451e-09
3.63333 0.433333 3.24372e-09
3.7 0.433333 2.21603e-09
3.76667 0.433333 1.48827e-09
3.83333 0.433333 9.88886e-10
3.9 0.433333 6.52627e-10
3.96667 0.433333 4.28878e-10
4.03333 0.433333 2.81133e-10
4.1 0.433333 1.84063e-10
4.16667 0.433333 1.20497e-10
4.23333 0.433333 7.89579e-11
4.3 0.433333 5.18497e-11
4.36667 0.433333 3.41732e-11
4.43333 0.433333 2.26529e-11
4.5 0.433333 1.51481e-11
4.56667 0.433333 1.0263e-11
4.63333 0.433333 7.08883e-12
4.7 0.433333 5.03568e-12
4.76667 0.433333 3.72231e-12
4.83333 0.433333 2.90522e-12
4.9 0.433333 2.43314e-12
4.96667 0.433333 2.21873e-12
0.0333333 0.5 9.31608e-06
0.1 0.5 6.68013e-06
0.166667 0.5 3.07983e-06
0.233333 0.5 1.55357e-06
0.3 0.5 4.49885e-06
0.366667 0.5 1.50138e-05
0.433333 0.5 2.64977e-05
0.5 0.5 3.24528e-05
0.566667 0.5 3.56842e-05
0.633333 0.5 3.77129e-05
0.7 0.5 2.51075e-05
0.766667 0.5 9.26588e-06
0.833333 0.5 6.21148e-06
0.9 0.5 1.18014e-05
0.966667 0.5 8.46872e-06
1.03333 0.5 6.35349e-06
1.1 0.5 5.06697e-06
1.16667 0.5 4.23979e-06
1.23333 0.5 3.6447e-06
1.3 0.5 3.11852e-06
1.36667 0.5 2.52914e-06
1.43333 0.5 1.75704e-06
1.5 0.5 6.71417e-08
1.56667 0.5 1.45562e-06
1.63333 0.5 1.62064e-06
1.7 0.5 9.21491e-07
1.76667 0.5 3.058e-07
1.83333 0.5 4.79665e-09
1.9 0.5 1.42371e-07
1.96667 0.5 1.90985e-07
2.03333 0.5 1.95822e-07
2.1 0.5 1.80895e-07
2.16667 0.5 1.58666e-07
2.23333 0.5 1.35295e-07
2.3 0.5 1.13511e-07
2.36667 0.5 9.42283e-08
2.43333 0.5 7.74577e-08
2.5 0.5 6.27989e-08
2.56667 0.5 4.96893e-08
2.63333 0.5 3.7502e-08
2.7 0.5 2.55484e-08
2.76667 0.5 1.30173e-08
2.83333 0.5 1.14116e-09
2.9 0.5 1.83339e-08
2.96667 0.5 4.05173e-08
3.03333 0.5 6.24834e-08
3.1 0.5 1.35305e-07
3.16667 0.5 1.79078e-07
3.23333 0.5 3.94834e-08
3.3 0.5 3.02586e-09
3.36667 0.5 6.41264e-09
3.43333 0.5 7.49488e-09
3.5 0.5 6.24329e-09
3.56667 0.5 4.63803e-09
3.63333 0.5 3.26418e-09
3.7 0.5 2.23042e-09
3.76667 0.5 1.49764e-09
3.83333 0.5 9.94784e-10
3.9 0.5 6.56284e-10
3.96667 0.5 4.31136e-10
4.03333 0.5 2.82532e-10
4.1 0.5 1.8494e-10
4.16667 0.5 1.21059e-10
4.23333 0.5 7.9331e-11
4.3 0.5 5.21099e-11
4.36667 0.5 3.43662e-11
4.43333 0.5 2.2806e-11
4.5 0.5 1.52777e-11
4.56667 0.5 1.03787e-11
4.63333 0.5 7.19643e-12
4.7 0.5 5.13854e-12
4.76667 0.5 3.82244e-12
4.83333 0.5 3.0038e-12
4.9 0.5 2.5309e-12
4.96667 0.5 2.3162e-12
0.0333333 0.566667 3.96458e-06
0.1 0.566667 2.81508e-06
0.166667 0.566667 1.29752e-06
0.233333 0.566667 1.33344e-06
0.3 0.566667 4.32317e-06
0.366667 0.566667 9.86294e-06
0.433333 0.566667 1.56738e-05
0.5 0.566667 1.97343e-05
0.566667 0.566667 2.23038e-05
0.633333 0.566667 2.40173e-05
0.7 0.566667 1.44105e-05
0.766667 0.566667 2.75498e-06
0.833333 0.566667 8.65765e-06
0.9 0.566667 1.20761e-05
0.966667 0.566667 8.38013e-06
1.03333 0.566667 6.29585e-06
1.1 0.566667 5.07552e-06
1.16667 0.566667 4.32445e-06
1.23333 0.566667 3.81425e-06
1.3 0.566667 3.39219e-06
1.36667 0.566667 2.9621e-06
1.43333 0.566667 2.50776e-06
1.5 0.566667 2.82366e-06
1.56667 0.566667 3.10568e-06
1.63333 0.566667 3.51384e-06
1.7 0.566667 1.30634e-06
1.76667 0.566667 3.97176e-07
1.83333 0.566667 1.44267e-08
1.9 0.566667 1.4218e-07
1.96667 0.566667 1.93885e-07
2.03333 0.566667 1.97395e-07
2.1 0.566667 1.80391e-07
2.16667 0.566667 1.56462e-07
2.23333 0.566667 1.31996e-07
2.3 0.566667 1.09652e-07
2.36667 0.566667 9.02013e-08
2.43333 0.566667 7.35184e-08
2.5 0.566667 5.90934e-08
2.56667 0.566667 4.62829e-08
2.63333 0.566667 3.44022e-08
2.7 0.566667 2.27257e-08
2.76667 0.566667 1.0427e-08
2.83333 0.566667 3.52055e-09
2.9 0.566667 2.04658e-08
2.96667 0.566667 4.17788e-08
3.03333 0.566667 6.93215e-08
3.1 0.566667 1.63522e-07
3.16667 0.566667 1.12447e-07
3.23333 0.566667 3.00072e-08
3.3 0.566667 8.50237e-10
3.36667 0.566667 6.90606e-09
3.43333 0.566667 7.57687e-09
3.5 0.566667 6.23088e-09
3.56667 0.566667 4.61182e-09
3.63333 0.566667 3.24255e-09
3.7 0.566667 2.21551e-09
3.76667 0.566667 1.48804e-09
3.83333 0.566667 9.88782e-10
3.9 0.566667 6.5258e-10
3.96667 0.566667 4.28857e-10
4.03333 0.566667 2.81123e-10
4.1 0.566667 1.84059e-10
4.16667 0.566667 1.20495e-10
4.23333 0.566667 7.89569e-11
4.3 0.566667 5.18492e-11
4.36667 0.566667 3.4173e-11
4.43333 0.566667 2.26528e-11
4.5 0.566667 1.5148e-11
4.56667 0.566667 1.02629e-11
4.63333 0.566667 7.08882e-12
4.7 0.566667 5.03568e-12
4.76667 0.566667 3.72231e-12
4.83333 0.566667 2.90522e-12
4.9 0.566667 2.43314e-12
4.96667 0.566667 2.21873e-12
0.0333333 0.633333 4.03173e-07
0.1 0.633333 2.44778e-08
0.166667 0.633333 5.64118e-07
0.233333 0.633333 3.12851e-07
0.3 0.633333 1.21204e-06
0.366667 0.633333 3.66764e-06
0.433333 0.633333 6.10555e-06
0.5 0.633333 7.58387e-06
0.566667 0.633333 7.3538e-06
0.633333 0.633333 3.80289e-06
0.7 0.633333 4.33082e-06
0.766667 0.633333 1.02999e-05
0.833333 0.633333 1.36734e-05
0.9 0.633333 1.179e-05
0.966667 0.633333 7.70903e-06
1.03333 0.633333 5.74722e-06
1.1 0.633333 4.59613e-06
1.16667 0.633333 3.88926e-06
1.23333 0.633333 3.40272e-06
1.3 0.633333 2.98293e-06
1.36667 0.633333 2.51595e-06
1.43333 0.633333 1.97032e-06
1.5 0.633333 1.33917e-06
1.56667 0.633333 2.87913e-06
1.63333 0.633333 4.29899e-06
1.7 0.633333 1.33941e-06
1.76667 0.633333 4.0142e-07
1.83333 0.633333 1.79495e-08
1.9 0.633333 1.31868e-07
1.96667 0.633333 1.77619e-07
2.03333 0.633333 1.77384e-07
2.1 0.633333 1.58741e-07
2.16667 0.633333 1.34775e-07
2.23333 0.633333 1.11336e-07
2.3 0.633333 9.06457e-08
2.36667 0.633333 7.31584e-08
2.43333 0.633333 5.8537e-08
2.5 0.633333 4.61403e-08
2.56667 0.633333 3.52487e-08
2.63333 0.633333 2.51434e-08
2.7 0.633333 1.51116e-08
2.76667 0.633333 4.4144e-09
2.83333 0.633333 7.74317e-09
2.9 0.633333 2.21756e-08
2.96667 0.633333 3.96711e-08
3.03333 0.633333 6.6184e-08
3.1 0.633333 6.80014e-08
3.16667 0.633333 3.97356e-08
3.23333 0.633333 9.80305e-09
3.3 0.633333 4.33426e-09
3.36667 0.633333 8.27786e-09
3.43333 0.633333 7.88226e-09
3.5 0.633333 6.25332e-09
3.56667 0.633333 4.57297e-09
3.63333 0.633333 3.20158e-09
3.7 0.633333 2.18472e-09
3.76667 0.633333 1.46725e-09
3.83333 0.633333 9.75386e-10
3.9 0.633333 6.44124e-10
3.96667 0.633333 4.23558e-10
4.03333 0.633333 2.77795e-10
4.1 0.633333 1.81942e-10
4.16667 0.633333 1.19116e-10
4.23333 0.633333 7.80241e-11
4.3 0.633333 5.11845e-11
4.36667 0.633333 3.36686e-11
4.43333 0.633333 2.22437e-11
4.5 0.633333 1.47954e-11
4.56667 0.633333 9.94358e-12
4.63333 0.633333 6.78894e-12
4.7 0.633333 4.74712e-12
4.76667 0.633333 3.44026e-12
4.83333 0.633333 2.62681e-12
4.9 0.633333 2.15661e-12
4.96667 0.633333 1.94282e-12
0.0333333 0.7 1.20882e-06
0.1 0.7 1.33531e-06
0.166667 0.7 1.65306e-06
0.233333 0.7 1.72388e-06
0.3 0.7 1.38845e-06
0.366667 0.7 8.27446e-07
0.433333 0.7 4.65666e-07
0.5 0.7 8.42449e-07
0.566667 0.7 2.56692e-06
0.633333 0.7 5.8525e-06
0.7 0.7 9.59133e-06
0.766667 0.7 1.17607e-05
0.833333 0.7 1.14882e-05
0.9 0.7 9.25339e-06
0.966667 0.7 6.63769e-06
1.03333 0.7 4.81898e-06
1.1 0.7 3.72046e-06
1.16667 0.7 3.01288e-06
1.23333 0.7 2.49683e-06
1.3 0.7 2.01603e-06
1.36667 0.7 1.42953e-06
1.43333 0.7 5.53334e-07
1.5 0.7 1.10781e-06
1.56667 0.7 2.7734e-06
1.63333 0.7 2.24934e-06
1.7 0.7 9.85897e-07
1.76667 0.7 2.9168e-07
1.83333 0.7 4.19517e-09
1.9 0.7 1.17402e-07
1.96667 0.7 1.46672e-07
2.03333 0.7 1.39719e-07
2.1 0.7 1.19635e-07
2.16667 0.7 9.71316e-08
2.23333 0.7 7.66799e-08
2.3 0.7 5.96837e-08
2.36667 0.7 4.61316e-08
2.43333 0.7 3.54402e-08
2.5 0.7 2.68589e-08
2.56667 0.7 1.96456e-08
2.63333 0.7 1.31272e-08
2.7 0.7 6.71567e-09
2.76667 0.7 7.4372e-11
2.83333 0.7 7.55474e-09
2.9 0.7 1.56895e-08
2.96667 0.7 2.40283e-08
3.03333 0.7 2.6809e-08
3.1 0.7 1.9722e-08
3.16667 0.7 6.28953e-09
3.23333 0.7 4.99904e-09
3.3 0.7 9.8979e-09
3.36667 0.7 1.00613e-08
3.43333 0.7 8.40982e-09
3.5 0.7 6.3742e-09
3.56667 0.7 4.57443e-09
3.63333 0.7 3.17576e-09
3.7 0.7 2.15876e-09
3.76667 0.7 1.44735e-09
3.83333 0.7 9.61533e-10
3.9 0.7 6.34895e-10
3.96667 0.7 4.1753e-10
4.03333 0.7 2.73874e-10
4.1 0.7 1.79369e-10
4.16667 0.7 1.17388e-10
4.23333 0.7 7.68199e-11
4.3 0.7 5.03005e-11
4.36667 0.7 3.29789e-11
4.43333 0.7 2.1671e-11
4.5 0.7 1.42926e-11
4.56667 0.7 9.48226e-12
4.63333 0.7 6.35201e-12
4.7 0.7 4.32438e-12
4.76667 0.7 3.02561e-12
4.83333 0.7 2.2166e-12
4.9 0.7 1.74856e-12
4.96667 0.7 1.53535e-12
0.0333333 0.766667 1.45245e-06
0.1 0.766667 1.59315e-06
0.166667 0.766667 1.972e-06
0.233333 0.766667 2.44483e-06
0.3 0.766667 2.95316e-06
0.366667 0.766667 3.55415e-06
0.433333 0.766667 4.38913e-06
0.5 0.766667 5.62737e-06
0.566667 0.766667 7.31074e-06
0.633333 0.766667 9.12704e-06
0.7 0.766667 1.04022e-05
0.766667 0.766667 1.04936e-05
0.833333 0.766667 9.28551e-06
0.9 0.766667 7.31571e-06
0.966667 0.766667 5.31539e-06
1.03333 0.766667 3.74086e-06
1.1 0.766667 2.66253e-06
1.16667 0.766667 1.93736e-06
1.23333 0.766667 1.40522e-06
1.3 0.766667 9.33337e-07
1.36667 0.766667 4.04119e-07
1.43333 0.766667 2.73618e-07
1.5 0.766667 9.60157e-07
1.56667 0.766667 1.20784e-06
1.63333 0.766667 9.23252e-07
1.7 0.766667 4.45968e-07
1.76667 0.766667 1.04857e-07
1.83333 0.766667 5.59939e-08
1.9 0.766667 1.09814e-07
1.96667 0.766667 1.12411e-07
2.03333 0.766667 9.48629e-08
2.1 0.766667 7.24982e-08
2.16667 0.766667 5.20041e-08
2.23333 0.766667 3.5648e-08
2.3 0.766667 2.36322e-08
2.36667 0.766667 1.53259e-08
2.43333 0.766667 9.86532e-09
2.5 0.766667 6.41512e-09
2.56667 0.766667 4.26151e-09
2.63333 0.766667 2.83277e-09
2.7 0.766667 1.7035e-09
2.76667 0.766667 6.19502e-10
2.83333 0.766667 4.3391e-10
2.9 0.766667 1.13073e-09
2.96667 0.766667 4.07301e-10
3.03333 0.766667 2.73571e-09
3.1 0.766667 7.8622e-09
3.16667 0.766667 1.27232e-08
3.23333 0.766667 1.50654e-08
3.3 0.766667 1.44625e-08
3.36667 0.766667 1.20755e-08
3.43333 0.766667 9.24219e-09
3.5 0.766667 6.71148e-09
3.56667 0.766667 4.70687e-09
3.63333 0.766667 3.22465e-09
3.7 0.766667 2.17427e-09
3.76667 0.766667 1.45016e-09
3.83333 0.766667 9.60037e-10
3.9 0.766667 6.32369e-10
3.96667 0.766667 4.15128e-10
4.03333 0.766667 2.71908e-10
4.1 0.766667 1.77841e-10
4.16667 0.766667 1.16209e-10
4.23333 0.766667 7.58915e-11
4.3 0.766667 4.95427e-11
4.36667 0.766667 3.23325e-11
4.43333 0.766667 2.10955e-11
4.5 0.766667 1.37613e-11
4.56667 0.766667 8.97794e-12
4.63333 0.766667 5.86387e-12
4.7 0.766667 3.84572e-12
4.76667 0.766667 2.55229e-12
4.83333 0.766667 1.74604e-12
4.9 0.766667 1.27911e-12
4.96667 0.766667 1.06591e-12
0.0333333 0.833333 1.03083e-06
0.1 0.833333 1.27597e-06
0.166667 0.833333 1.83611e-06
0.233333 0.833333 2.69058e-06
0.3 0.833333 3.81227e-06
0.366667 0.833333 5.16352e-06
0.433333 0.833333 6.67902e-06
0.5 0.833333 8.23808e-06
0.566667 0.833333 9.62283e-06
0.633333 0.833333 1.0512e-05
0.7 0.833333 1.05826e-05
0.766667 0.833333 9.70415e-06
0.833333 0.833333 8.06706e-06
0.9 0.833333 6.09928e-06
0.966667 0.833333 4.23829e-06
1.03333 0.833333 2.74274e-06
1.1 0.833333 1.66444e-06
1.16667 0.833333 9.32096e-07
1.23333 0.833333 4.39756e-07
1.3 0.833333 9.1706e-08
1.36667 0.833333 1.79724e-07
1.43333 0.833333 3.86039e-07
1.5 0.833333 4.72556e-07
1.56667 0.833333 3.96929e-07
1.63333 0.833333 2.06962e-07
1.7 0.833333 1.75106e-08
1.76667 0.833333 9.48563e-08
1.83333 0.833333 1.28466e-07
1.9 0.833333 1.16116e-07
1.96667 0.833333 8.62511e-08
2.03333 0.833333 5.475e-08
2.1 0.833333 2.85208e-08
2.16667 0.833333 9.44065e-09
2.23333 0.833333 2.93561e-09
2.3 0.833333 9.87678e-09
2.36667 0.833333 1.27534e-08
2.43333 0.833333 1.27492e-08
2.5 0.833333 1.07872e-08
2.56667 0.833333 7.5497e-09
2.63333 0.833333 3.52737e-09
2.7 0.833333 9.32359e-10
2.76667 0.833333 5.59084e-09
2.83333 0.833333 1.02917e-08
2.9 0.833333 1.49283e-08
2.96667 0.833333 1.92905e-08
3.03333 0.833333 2.28751e-08
3.1 0.833333 2.48962e-08
3.16667 0.833333 2.47038e-08
3.23333 0.833333 2.23079e-08
3.3 0.833333 1.84659e-08
3.36667 0.833333 1.42258e-08
3.43333 0.833333 1.03892e-08
3.5 0.833333 7.31132e-09
3.56667 0.833333 5.01748e-09
3.63333 0.833333 3.384e-09
3.7 0.833333 2.25523e-09
3.76667 0.833333 1.49081e-09
3.83333 0.833333 9.80146e-10
3.9 0.833333 6.42097e-10
3.96667 0.833333 4.19661e-10
4.03333 0.833333 2.73868e-10
4.1 0.833333 1.78541e-10
4.16667 0.833333 1.163e-10
4.23333 0.833333 7.56919e-11
4.3 0.833333 4.92067e-11
4.36667 0.833333 3.19337e-11
4.43333 0.833333 2.06685e-11
4.5 0.833333 1.33218e-11
4.56667 0.833333 8.53313e-12
4.63333 0.833333 5.41679e-12
4.7 0.833333 3.3976e-12
4.76667 0.833333 2.10357e-12
4.83333 0.833333 1.29678e-12
4.9 0.833333 8.29233e-13
4.96667 0.833333 6.15317e-13
0.0333333 0.9 4.82434e-07
0.1 0.9 8.32724e-07
0.166667 0.9 1.58089e-06
0.233333 0.9 2.75325e-06
0.3 0.9 4.32516e-06
0.366667 0.9 6.18536e-06
0.433333 0.9 8.12425e-06
0.5 0.9 9.85214e-06
0.566667 0.9 1.10468e-05
0.633333 0.9 1.14333e-05
0.7 0.9 1.08845e-05
0.766667 0.9 9.49389e-06
0.833333 0.9 7.55936e-06
0.9 0.9 5.46978e-06
0.966667 0.9 3.56058e-06
1.03333 0.9 2.02483e-06
1.1 0.9 9.11831e-07
1.16667 0.9 1.80932e-07
1.23333 0.9 2.41064e-07
1.3 0.9 4.26241e-07
1.36667 0.9 4.3453e-07
1.43333 0.9 3.17561e-07
1.5 0.9 1.30321e-07
1.56667 0.9 6.37807e-08
1.63333 0.9 2.05854e-07
1.7 0.9 2.65988e-07
1.76667 0.9 2.52744e-07
1.83333 0.9 1.97513e-07
1.9 0.9 1.31044e-07
1.96667 0.9 7.1728e-08
2.03333 0.9 2.64863e-08
2.1 0.9 4.29554e-09
2.16667 0.9 2.29438e-08
2.23333 0.9 3.24107e-08
2.3 0.9 3.53532e-08
2.36667 0.9 3.38442e-08
2.43333 0.9 2.93735e-08
2.5 0.9 2.29555e-08
2.56667 0.9 1.52629e-08
2.63333 0.9 6.75604e-09
2.7 0.9 2.1994e-09
2.76667 0.9 1.12234e-08
2.83333 0.9 1.98236e-08
2.9 0.9 2.73282e-08
2.96667 0.9 3.29167e-08
3.03333 0.9 3.58158e-08
3.1 0.9 3.56279e-08
3.16667 0.9 3.26003e-08
3.23333 0.9 2.76104e-08
3.3 0.9 2.18328e-08
3.36667 0.9 1.6302e-08
3.43333 0.9 1.16402e-08
3.5 0.9 8.04443e-09
3.56667 0.9 5.43471e-09
3.63333 0.9 3.61599e-09
3.7 0.9 2.38192e-09
3.76667 0.9 1.55906e-09
3.83333 0.9 1.01653e-09
3.9 0.9 6.61304e-10
3.96667 0.9 4.29694e-10
4.03333 0.9 2.79024e-10
4.1 0.9 1.81112e-10
4.16667 0.9 1.17502e-10
4.23333 0.9 7.61684e-11
4.3 0.9 4.92979e-11
4.36667 0.9 3.18196e-11
4.43333 0.9 2.04444e-11
4.5 0.9 1.30386e-11
4.56667 0.9 8.21784e-12
4.63333 0.9 5.08401e-12
4.7 0.9 3.05521e-12
4.76667 0.9 1.75588e-12
4.83333 0.9 9.46144e-13
4.9 0.9 4.76917e-13
4.96667 0.9 2.62035e-13
0.0333333 0.966667 1.32072e-07
0.1 0.966667 5.44852e-07
0.166667 0.966667 1.41823e-06
0.233333 0.966667 2.79587e-06
0.3 0.966667 4.64663e-06
0.366667 0.966667 6.81218e-06
0.433333 0.966667 9.00166e-06
0.5 0.966667 1.08402e-05
0.566667 0.966667 1.19619e-05
0.633333 0.966667 1.21204e-05
0.7 0.966667 1.12763e-05
0.766667 0.966667 9.616e-06
0.833333 0.966667 7.48474e-06
0.9 0.966667 5.26658e-06
0.966667 0.966667 3.27033e-06
1.03333 0.966667 1.67224e-06
1.1 0.966667 5.23732e-07
1.16667 0.966667 2.03516e-07
1.23333 0.966667 5.71204e-07
1.3 0.966667 6.48617e-07
1.36667 0.966667 5.09969e-07
1.43333 0.966667 2.42457e-07
1.5 0.966667 5.44104e-08
1.56667 0.966667 2.89556e-07
1.63333 0.966667 4.10307e-07
1.7 0.966667 4.16304e-07
1.76667 0.966667 3.45193e-07
1.83333 0.966667 2.43674e-07
1.9 0.966667 1.45931e-07
1.96667 0.966667 6.82029e-08
2.03333 0.966667 1.37147e-08
2.1 0.966667 2.05796e-08
2.16667 0.966667 3.951e-08
2.23333 0.966667 4.76072e-08
2.3 0.966667 4.84278e-08
2.36667 0.966667 4.45114e-08
2.43333 0.966667 3.75592e-08
2.5 0.966667 2.86593e-08
2.56667 0.966667 1.84953e-08
2.63333 0.966667 7.52985e-09
2.7 0.966667 3.83035e-09
2.76667 0.966667 1.50843e-08
2.83333 0.966667 2.55223e-08
2.9 0.966667 3.42091e-08
2.96667 0.966667 4.01379e-08
3.03333 0.966667 4.25537e-08
3.1 0.966667 4.13056e-08
3.16667 0.966667 3.69977e-08
3.23333 0.966667 3.08047e-08
3.3 0.966667 2.40479e-08
3.36667 0.966667 1.77814e-08
3.43333 0.966667 1.25917e-08
3.5 0.966667 8.63257e-09
3.56667 0.966667 5.78467e-09
3.63333 0.966667 3.81777e-09
3.7 0.966667 2.49559e-09
3.76667 0.966667 1.62207e-09
3.83333 0.966667 1.05105e-09
3.9 0.966667 6.80075e-10
3.96667 0.966667 4.39829e-10
4.03333 0.966667 2.84453e-10
4.1 0.966667 1.83982e-10
4.16667 0.966667 1.18981e-10
4.23333 0.966667 7.68909e-11
4.3 0.966667 4.96072e-11
4.36667 0.966667 3.19026e-11
4.43333 0.966667 2.04029e-11
4.5 0.966667 1.29282e-11
4.56667 0.966667 8.06927e-12
4.63333 0.966667 4.9142e-12
4.7 0.966667 2.87362e-12
4.76667 0.966667 1.56782e-12
4.83333 0.966667 7.54659e-13
4.9 0.966667 2.83751e-13
4.96667 0.966667 6.81797e-14
