0.0333333 0.0333333 8.85426e-06
0.1 0.0333333 2.5534e-05
0.166667 0.0333333 4.85355e-05
0.233333 0.0333333 5.84879e-05
0.3 0.0333333 4.66153e-05
0.366667 0.0333333 1.56138e-05
0.433333 0.0333333 2.19534e-05
0.5 0.0333333 5.13535e-05
0.566667 0.0333333 6.40483e-05
0.633333 0.0333333 6.00626e-05
0.7 0.0333333 4.4629e-05
0.766667 0.0333333 2.38417e-05
0.833333 0.0333333 2.47522e-06
0.9 0.0333333 1.63336e-05
0.966667 0.0333333 3.08066e-05
1.03333 0.0333333 4.01961e-05
1.1 0.0333333 4.44881e-05
1.16667 0.0333333 4.41588e-05
1.23333 0.0333333 4.0009e-05
1.3 0.0333333 3.30739e-05
1.36667 0.0333333 2.45556e-05
1.43333 0.0333333 1.57166e-05
1.5 0.0333333 7.71159e-06
1.56667 0.0333333 1.39395e-06
1.63333 0.0333333 2.82201e-06
1.7 0.0333333 4.97594e-06
1.76667 0.0333333 5.44872e-06
1.83333 0.0333333 4.77995e-06
1.9 0.0333333 3.49627e-06
1.96667 0.0333333 2.00522e-06
2.03333 0.0333333 5.64415e-07
2.1 0.0333333 6.97678e-07
2.16667 0.0333333 1.74034e-06
2.23333 0.0333333 2.57104e-06
2.3 0.0333333 3.21695e-06
2.36667 0.0333333 3.70819e-06
2.43333 0.0333333 4.06962e-06
2.5 0.0333333 4.31778e-06
2.56667 0.0333333 4.46057e-06
2.63333 0.0333333 4.49818e-06
2.7 0.0333333 4.42488e-06
2.76667 0.0333333 4.23225e-06
2.83333 0.0333333 3.91463e-06
2.9 0.0333333 3.47685e-06
2.96667 0.0333333 2.94177e-06
3.03333 0.0333333 2.35255e-06
3.1 0.0333333 1.76564e-06
3.16667 0.0333333 1.23623e-06
3.23333 0.0333333 8.02977e-07
3.3 0.0333333 4.80222e-07
3.36667 0.0333333 2.60289e-07
3.43333 0.0333333 1.22477e-07
3.5 0.0333333 4.2808e-08
3.56667 0.0333333 4.63345e-10
3.63333 0.0333333 1.97962e-08
3.7 0.0333333 2.79023e-08
3.76667 0.0333333 2.98036e-08
3.83333 0.0333333 2.88338e-08
3.9 0.0333333 2.67503e-08
3.96667 0.0333333 2.44181e-08
4.03333 0.0333333 2.22217e-08
4.1 0.0333333 2.03018e-08
4.16667 0.0333333 1.8683e-08
4.23333 0.0333333 1.73413e-08
4.3 0.0333333 1.62366e-08
4.36667 0.0333333 1.53283e-08
4.43333 0.0333333 1.45811e-08
4.5 0.0333333 1.39664e-08
4.56667 0.0333333 1.34623e-08
4.63333 0.0333333 1.30524e-08
4.7 0.0333333 1.27245e-08
4.76667 0.0333333 1.24702e-08
4.83333 0.0333333 1.22833e-08
4.9 0.0333333 1.21601e-08
4.96667 0.0333333 1.20987e-08
0.0333333 0.1 2.58588e-05
0.1 0.1 1.11857e-05
0.166667 0.1 2.13718e-05
0.233333 0.1 1.90711e-05
0.3 0.1 1.2351e-05
0.366667 0.1 7.58397e-06
0.433333 0.1 8.83262e-06
0.5 0.1 1.57366e-05
0.566667 0.1 2.33709e-05
0.633333 0.1 2.70385e-05
0.7 0.1 2.47971e-05
0.766667 0.1 1.72829e-05
0.833333 0.1 6.45194e-06
0.9 0.1 5.44209e-06
0.966667 0.1 1.65161e-05
1.03333 0.1 2.5528e-05
1.1 0.1 3.18501e-05
1.16667 0.1 3.52872e-05
1.23333 0.1 3.58977e-05
1.3 0.1 3.3914e-05
1.36667 0.1 2.97544e-05
1.43333 0.1 2.40581e-05
1.5 0.1 1.76574e-05
1.56667 0.1 1.14473e-05
1.63333 0.1 6.1853e-06
1.7 0.1 2.31853e-06
1.76667 0.1 7.29098e-08
1.83333 0.1 1.20022e-06
1.9 0.1 1.41788e-06
1.96667 0.1 1.08497e-06
2.03333 0.1 4.84344e-07
2.1 0.1 1.98649e-07
2.16667 0.1 8.6138e-07
2.23333 0.1 1.45762e-06
2.3 0.1 1.97365e-06
2.36667 0.1 2.41133e-06
2.43333 0.1 2.77784e-06
2.5 0.1 3.08008e-06
2.56667 0.1 3.32185e-06
2.63333 0.1 3.50242e-06
2.7 0.1 3.61535e-06
2.76667 0.1 3.64736e-06
2.83333 0.1 3.57806e-06
2.9 0.1 3.38447e-06
2.96667 0.1 3.05302e-06
3.03333 0.1 2.59578e-06
3.1 0.1 2.05879e-06
3.16667 0.1 1.512e-06
3.23333 0.1 1.02414e-06
3.3 0.1 6.38618e-07
3.36667 0.1 3.6529e-07
3.43333 0.1 1.88847e-07
3.5 0.1 8.36608e-08
3.56667 0.1 2.52222e-08
3.63333 0.1 4.96671e-09
3.7 0.1 1.91192e-08
3.76667 0.1 2.46626e-08
3.83333 0.1 2.58632e-08
3.9 0.1 2.50592e-08
3.96667 0.1 2.34725e-08
4.03333 0.1 2.17051e-08
4.1 0.1 2.00287e-08
4.16667 0.1 1.85458e-08
4.23333 0.1 1.72784e-08
4.3 0.1 1.62134e-08
4.36667 0.1 1.53256e-08
4.43333 0.1 1.45885e-08
4.5 0.1 1.39784e-08
4.56667 0.1 1.34762e-08
4.63333 0.1 1.30667e-08
4.7 0.1 1.27388e-08
4.76667 0.1 1.2484e-08
4.83333 0.1 1.22966e-08
4.9 0.1 1.21723e-08
4.96667 0.1 1.21089e-08
0.0333333 0.166667 5.27758e-05
0.1 0.166667 4.09574e-05
0.166667 0.166667 9.76968e-05
0.233333 0.166667 0.000109899
0.3 0.166667 6.4823e-05
0.366667 0.166667 2.81799e-05
0.433333 0.166667 1.91238e-05
0.5 0.166667 3.39108e-05
0.566667 0.166667 2.1802e-05
0.633333 0.166667 2.38268e-06
0.7 0.166667 1.30679e-05
0.766667 0.166667 2.0603e-05
0.833333 0.166667 2.03977e-05
0.9 0.166667 1.45609e-05
0.966667 0.166667 5.64019e-06
1.03333 0.166667 4.32227e-06
1.1 0.166667 1.40371e-05
1.16667 0.166667 2.27204e-05
1.23333 0.166667 2.9741e-05
1.3 0.166667 3.44373e-05
1.36667 0.166667 3.61852e-05
1.43333 0.166667 3.46624e-05
1.5 0.166667 3.01435e-05
1.56667 0.166667 2.35899e-05
1.63333 0.166667 1.63895e-05
1.7 0.166667 9.86213e-06
1.76667 0.166667 4.83742e-06
1.83333 0.166667 1.53183e-06
1.9 0.166667 2.8954e-07
1.96667 0.166667 1.0495e-06
2.03333 0.166667 1.15703e-06
2.1 0.166667 9.17822e-07
2.16667 0.166667 5.25804e-07
2.23333 0.166667 8.86727e-08
2.3 0.166667 3.42044e-07
2.36667 0.166667 7.47346e-07
2.43333 0.166667 1.1251e-06
2.5 0.166667 1.4807e-06
2.56667 0.166667 1.82182e-06
2.63333 0.166667 2.15515e-06
2.7 0.166667 2.48315e-06
2.76667 0.166667 2.79864e-06
2.83333 0.166667 3.07446e-06
2.9 0.166667 3.25179e-06
2.96667 0.166667 3.24766e-06
3.03333 0.166667 2.99654e-06
3.1 0.166667 2.50697e-06
3.16667 0.166667 1.87845e-06
3.23333 0.166667 1.25356e-06
3.3 0.166667 7.43748e-07
3.36667 0.166667 3.89601e-07
3.43333 0.166667 1.73386e-07
3.5 0.166667 5.44032e-08
3.56667 0.166667 5.07285e-09
3.63333 0.166667 3.12624e-08
3.7 0.166667 4.01175e-08
3.76667 0.166667 4.06519e-08
3.83333 0.166667 3.76761e-08
3.9 0.166667 3.36082e-08
3.96667 0.166667 2.95683e-08
4.03333 0.166667 2.6004e-08
4.1 0.166667 2.3035e-08
4.16667 0.166667 2.06349e-08
4.23333 0.166667 1.87232e-08
4.3 0.166667 1.72093e-08
4.36667 0.166667 1.60109e-08
4.43333 0.166667 1.50599e-08
4.5 0.166667 1.43034e-08
4.56667 0.166667 1.37011e-08
4.63333 0.166667 1.32235e-08
4.7 0.166667 1.28491e-08
4.76667 0.166667 1.25623e-08
4.83333 0.166667 1.23519e-08
4.9 0.166667 1.22099e-08
4.96667 0.166667 1.21296e-08
0.0333333 0.233333 7.52683e-05
0.1 0.233333 6.68441e-05
0.166667 0.233333 0.000186874
0.233333 0.233333 0.000282923
0.3 0.233333 0.000168546
0.366667 0.233333 6.60289e-05
0.433333 0.233333 7.92232e-05
0.5 0.233333 0.000103741
0.566667 0.233333 7.02055e-05
0.633333 0.233333 2.69773e-05
0.7 0.233333 1.01518e-05
0.766667 0.233333 3.48552e-05
0.833333 0.233333 4.57745e-05
0.9 0.233333 4.5278e-05
0.966667 0.233333 3.72897e-05
1.03333 0.233333 2.52032e-05
1.1 0.233333 1.10446e-05
1.16667 0.233333 4.08769e-06
1.23333 0.233333 1.9159e-05
1.3 0.233333 3.27367e-05
1.36667 0.233333 4.2939e-05
1.43333 0.233333 4.78521e-05
1.5 0.233333 4.64551e-05
1.56667 0.233333 3.94411e-05
1.63333 0.233333 2.9153e-05
1.7 0.233333 1.85016e-05
1.76667 0.233333 9.68059e-06
1.83333 0.233333 3.56345e-06
1.9 0.233333 5.29278e-08
1.96667 0.233333 1.84946e-06
2.03333 0.233333 2.51878e-06
2.1 0.233333 2.57372e-06
2.16667 0.233333 2.33469e-06
2.23333 0.233333 1.97877e-06
2.3 0.233333 1.59143e-06
2.36667 0.233333 1.20512e-06
2.43333 0.233333 8.23963e-07
2.5 0.233333 4.37897e-07
2.56667 0.233333 3.02578e-08
2.63333 0.233333 4.18467e-07
2.7 0.233333 9.28111e-07
2.76667 0.233333 1.51454e-06
2.83333 0.233333 2.17774e-06
2.9 0.233333 2.86461e-06
2.96667 0.233333 3.40694e-06
3.03333 0.233333 3.56424e-06
3.1 0.233333 3.19508e-06
3.16667 0.233333 2.41514e-06
3.23333 0.233333 1.52798e-06
3.3 0.233333 8.03046e-07
3.36667 0.233333 3.35967e-07
3.43333 0.233333 8.38397e-08
3.5 0.233333 3.4152e-08
3.56667 0.233333 7.97526e-08
3.63333 0.233333 8.96987e-08
3.7 0.233333 8.39524e-08
3.76667 0.233333 7.26683e-08
3.83333 0.233333 6.06382e-08
3.9 0.233333 4.98613e-08
3.96667 0.233333 4.0959e-08
4.03333 0.233333 3.3926e-08
4.1 0.233333 2.85114e-08
4.16667 0.233333 2.44025e-08
4.23333 0.233333 2.13056e-08
4.3 0.233333 1.89745e-08
4.36667 0.233333 1.72152e-08
4.43333 0.233333 1.58809e-08
4.5 0.233333 1.48633e-08
4.56667 0.233333 1.40836e-08
4.63333 0.233333 1.34856e-08
4.7 0.233333 1.30292e-08
4.76667 0.233333 1.2686e-08
4.83333 0.233333 1.24356e-08
4.9 0.233333 1.22629e-08
4.96667 0.233333 1.21554e-08
0.0333333 0.3 8.26265e-05
0.1 0.3 8.25998e-05
0.166667 0.3 0.000239211
0.233333 0.3 0.000448205
0.3 0.3 0.000684255
0.366667 0.3 0.00013091
0.433333 0.3 0.000202077
0.5 0.3 0.000218513
0.566667 0.3 0.000115691
0.633333 0.3 4.72756e-05
0.7 0.3 1.41489e-05
0.766667 0.3 5.92214e-05
0.833333 0.3 8.33866e-05
0.9 0.3 8.77535e-05
0.966667 0.3 7.89343e-05
1.03333 0.3 6.38587e-05
1.1 0.3 4.50331e-05
1.16667 0.3 2.32505e-05
1.23333 0.3 5.06722e-07
1.3 0.3 2.47933e-05
1.36667 0.3 4.68411e-05
1.43333 0.3 6.2412e-05
1.5 0.3 6.73939e-05
1.56667 0.3 6.07844e-05
1.63333 0.3 4.59981e-05
1.7 0.3 2.89556e-05
1.76667 0.3 1.45586e-05
1.83333 0.3 4.78303e-06
1.9 0.3 7.90685e-07
1.96667 0.3 3.48141e-06
2.03333 0.3 4.50001e-06
2.1 0.3 4.66063e-06
2.16667 0.3 4.43702e-06
2.23333 0.3 4.07496e-06
2.3 0.3 3.6852e-06
2.36667 0.3 3.30472e-06
2.43333 0.3 2.93304e-06
2.5 0.3 2.55205e-06
2.56667 0.3 2.13555e-06
2.63333 0.3 1.65301e-06
2.7 0.3 1.06942e-06
2.76667 0.3 3.42821e-07
2.83333 0.3 5.79087e-07
2.9 0.3 1.75496e-06
2.96667 0.3 3.13508e-06
3.03333 0.3 4.17024e-06
3.1 0.3 4.21771e-06
3.16667 0.3 3.22188e-06
3.23333 0.3 1.85107e-06
3.3 0.3 7.79719e-07
3.36667 0.3 1.86775e-07
3.43333 0.3 7.71584e-08
3.5 0.3 1.72228e-07
3.56667 0.3 1.88121e-07
3.63333 0.3 1.71032e-07
3.7 0.3 1.43396e-07
3.76667 0.3 1.15353e-07
3.83333 0.3 9.09017e-08
3.9 0.3 7.11108e-08
3.96667 0.3 5.57653e-08
4.03333 0.3 4.41787e-08
4.1 0.3 3.55747e-08
4.16667 0.3 2.92482e-08
4.23333 0.3 2.46186e-08
4.3 0.3 2.12333e-08
4.36667 0.3 1.87523e-08
4.43333 0.3 1.69255e-08
4.5 0.3 1.55728e-08
4.56667 0.3 1.45657e-08
4.63333 0.3 1.38133e-08
4.7 0.3 1.32519e-08
4.76667 0.3 1.28365e-08
4.83333 0.3 1.2535e-08
4.9 0.3 1.23233e-08
4.96667 0.3 1.21822e-08
0.0333333 0.366667 7.10793e-05
0.1 0.366667 7.88321e-05
0.166667 0.366667 0.000207407
0.233333 0.366667 0.000387867
0.3 0.366667 0.000608491
0.366667 0.366667 0.0012009
0.433333 0.366667 0.000403232
0.5 0.366667 0.000368516
0.566667 0.366667 0.000155673
0.633333 0.366667 0.000110273
0.7 0.366667 5.89461e-05
0.766667 0.366667 1.03516e-05
0.833333 0.366667 5.91733e-05
0.9 0.366667 0.000142436
0.966667 0.366667 0.00012501
1.03333 0.366667 0.000105395
1.1 0.366667 8.09783e-05
1.16667 0.366667 4.92204e-05
1.23333 0.366667 2.89101e-05
1.3 0.366667 4.62976e-06
1.36667 0.366667 4.0625e-05
1.43333 0.366667 7.30348e-05
1.5 0.366667 9.18419e-05
1.56667 0.366667 8.94466e-05
1.63333 0.366667 6.90661e-05
1.7 0.366667 4.22648e-05
1.76667 0.366667 1.97715e-05
1.83333 0.366667 5.43205e-06
1.9 0.366667 2.10999e-06
1.96667 0.366667 5.48268e-06
2.03333 0.366667 6.64004e-06
2.1 0.366667 6.75333e-06
2.16667 0.366667 6.44704e-06
2.23333 0.366667 6.02217e-06
2.3 0.366667 5.60295e-06
2.36667 0.366667 5.22356e-06
2.43333 0.366667 4.87593e-06
2.5 0.366667 4.53465e-06
2.56667 0.366667 4.16875e-06
2.63333 0.366667 3.7461e-06
2.7 0.366667 3.23281e-06
2.76667 0.366667 2.58755e-06
2.83333 0.366667 1.74558e-06
2.9 0.366667 5.7781e-07
2.96667 0.366667 1.25714e-06
3.03333 0.366667 4.18168e-06
3.1 0.366667 5.68283e-06
3.16667 0.366667 4.5223e-06
3.23333 0.366667 2.22765e-06
3.3 0.366667 6.51354e-07
3.36667 0.366667 1.1094e-08
3.43333 0.366667 2.55166e-07
3.5 0.366667 3.12787e-07
3.56667 0.366667 2.9359e-07
3.63333 0.366667 2.48127e-07
3.7 0.366667 1.98849e-07
3.76667 0.366667 1.54786e-07
3.83333 0.366667 1.18695e-07
3.9 0.366667 9.05576e-08
3.96667 0.366667 6.9288e-08
4.03333 0.366667 5.35322e-08
4.1 0.366667 4.20148e-08
4.16667 0.366667 3.36651e-08
4.23333 0.366667 2.76378e-08
4.3 0.366667 2.32916e-08
4.36667 0.366667 2.01524e-08
4.43333 0.366667 1.78765e-08
4.5 0.366667 1.62181e-08
4.56667 0.366667 1.50034e-08
4.63333 0.366667 1.41102e-08
4.7 0.366667 1.34529e-08
4.76667 0.366667 1.29714e-08
4.83333 0.366667 1.26229e-08
4.9 0.366667 1.23757e-08
4.96667 0.366667 1.22044e-08
0.0333333 0.433333 4.5221e-05
0.1 0.433333 5.70061e-05
0.166667 0.433333 8.85646e-05
0.233333 0.433333 3.76703e-05
0.3 0.433333 4.31826e-06
0.366667 0.433333 0.00029049
0.433333 0.433333 0.000446197
0.5 0.433333 0.00041335
0.566667 0.433333 0.000172834
0.633333 0.433333 0.000171599
0.7 0.433333 0.000145824
0.766667 0.433333 5.79451e-05
0.833333 0.433333 1.71726e-05
0.9 0.433333 0.000202988
0.966667 0.433333 0.00018204
1.03333 0.433333 0.00015236
1.1 0.433333 0.000115687
1.16667 0.433333 7.14701e-05
1.23333 0.433333 6.65134e-05
1.3 0.433333 3.05133e-05
1.36667 0.433333 1.25191e-05
1.43333 0.433333 6.73963e-05
1.5 0.433333 0.00010656
1.56667 0.433333 0.000122716
1.63333 0.433333 9.89392e-05
1.7 0.433333 5.96488e-05
1.76667 0.433333 2.53149e-05
1.83333 0.433333 5.81756e-06
1.9 0.433333 3.48743e-06
1.96667 0.433333 7.28596e-06
2.03333 0.433333 8.42092e-06
2.1 0.433333 8.39956e-06
2.16667 0.433333 7.96569e-06
2.23333 0.433333 7.45402e-06
2.3 0.433333 6.99117e-06
2.36667 0.433333 6.60419e-06
2.43333 0.433333 6.27718e-06
2.5 0.433333 5.97971e-06
2.56667 0.433333 5.68046e-06
2.63333 0.433333 5.35331e-06
2.7 0.433333 4.97967e-06
2.76667 0.433333 4.54866e-06
2.83333 0.433333 4.05453e-06
2.9 0.433333 3.48293e-06
2.96667 0.433333 2.76474e-06
3.03333 0.433333 8.27452e-07
3.1 0.433333 7.80389e-06
3.16667 0.433333 7.58537e-06
3.23333 0.433333 2.32953e-06
3.3 0.433333 4.95467e-07
3.36667 0.433333 1.76155e-07
3.43333 0.433333 3.86626e-07
3.5 0.433333 4.10753e-07
3.56667 0.433333 3.64762e-07
3.63333 0.433333 2.99182e-07
3.7 0.433333 2.35168e-07
3.76667 0.433333 1.8045e-07
3.83333 0.433333 1.36721e-07
3.9 0.433333 1.03149e-07
3.96667 0.433333 7.80382e-08
4.03333 0.433333 5.95847e-08
4.1 0.433333 4.61838e-08
4.16667 0.433333 3.65259e-08
4.23333 0.433333 2.95945e-08
4.3 0.433333 2.46262e-08
4.36667 0.433333 2.10607e-08
4.43333 0.433333 1.84937e-08
4.5 0.433333 1.66371e-08
4.56667 0.433333 1.52876e-08
4.63333 0.433333 1.43028e-08
4.7 0.433333 1.35831e-08
4.76667 0.433333 1.30585e-08
4.83333 0.433333 1.26794e-08
4.9 0.433333 1.24091e-08
4.96667 0.433333 1.22183e-08
0.0333333 0.5 1.53451e-05
0.1 0.5 2.95373e-05
0.166667 0.5 2.82681e-05
0.233333 0.5 3.19302e-05
0.3 0.5 6.24917e-05
0.366667 0.5 0.000254032
0.433333 0.5 0.000359907
0.5 0.5 0.000344979
0.566667 0.5 0.000150585
0.633333 0.5 0.000158696
0.7 0.5 0.000135245
0.766667 0.5 4.37083e-05
0.833333 0.5 3.69069e-05
0.9 0.5 0.000238736
0.966667 0.5 0.000217385
1.03333 0.5 0.000182931
1.1 0.5 0.00014108
1.16667 0.5 9.42797e-05
1.23333 0.5 0.000101612
1.3 0.5 7.11094e-05
1.36667 0.5 3.56323e-05
1.43333 0.5 8.15134e-06
1.5 0.5 0.000109633
1.56667 0.5 0.000189123
1.63333 0.5 0.000154592
1.7 0.5 8.16209e-05
1.76667 0.5 3.0288e-05
1.83333 0.5 5.8806e-06
1.9 0.5 4.63006e-06
1.96667 0.5 8.56579e-06
2.03333 0.5 9.55469e-06
2.1 0.5 9.35372e-06
2.16667 0.5 8.77539e-06
2.23333 0.5 8.16478e-06
2.3 0.5 7.64182e-06
2.36667 0.5 7.22393e-06
2.43333 0.5 6.88733e-06
2.5 0.5 6.59673e-06
2.56667 0.5 6.31945e-06
2.63333 0.5 6.03215e-06
2.7 0.5 5.72501e-06
2.76667 0.5 5.40678e-06
2.83333 0.5 5.11552e-06
2.9 0.5 4.951e-06
2.96667 0.5 5.17593e-06
3.03333 0.5 7.30117e-06
3.1 0.5 3.933e-06
3.16667 0.5 8.82943e-06
3.23333 0.5 2.31789e-06
3.3 0.5 4.12969e-07
3.36667 0.5 2.47243e-07
3.43333 0.5 4.40137e-07
3.5 0.5 4.49553e-07
3.56667 0.5 3.92556e-07
3.63333 0.5 3.18962e-07
3.7 0.5 2.49172e-07
3.76667 0.5 1.90317e-07
3.83333 0.5 1.43638e-07
3.9 0.5 1.07975e-07
3.96667 0.5 8.13897e-08
4.03333 0.5 6.19017e-08
4.1 0.5 4.77789e-08
4.16667 0.5 3.762e-08
4.23333 0.5 3.03426e-08
4.3 0.5 2.51363e-08
4.36667 0.5 2.14076e-08
4.43333 0.5 1.87292e-08
4.5 0.5 1.67968e-08
4.56667 0.5 1.53958e-08
4.63333 0.5 1.4376e-08
4.7 0.5 1.36324e-08
4.76667 0.5 1.30913e-08
4.83333 0.5 1.27006e-08
4.9 0.5 1.24214e-08
4.96667 0.5 1.22231e-08
0.0333333 0.566667 8.71702e-06
0.1 0.566667 8.193e-06
0.166667 0.566667 1.88912e-05
0.233333 0.566667 7.24081e-05
0.3 0.566667 9.64929e-05
0.366667 0.566667 0.00019983
0.433333 0.566667 0.000252028
0.5 0.566667 0.000228693
0.566667 0.566667 0.000100195
0.633333 0.566667 0.000117898
0.7 0.566667 0.000105154
0.766667 0.566667 2.50828e-05
0.833333 0.566667 4.51927e-05
0.9 0.566667 0.000239371
0.966667 0.566667 0.000218772
1.03333 0.566667 0.000186711
1.1 0.566667 0.000147256
1.16667 0.566667 0.000103008
1.23333 0.566667 0.000116083
1.3 0.566667 9.20013e-05
1.36667 0.566667 6.81974e-05
1.43333 0.566667 5.04205e-05
1.5 0.566667 9.61943e-05
1.56667 0.566667 0.000328563
1.63333 0.566667 0.000269298
1.7 0.566667 0.000100218
1.76667 0.566667 3.37332e-05
1.83333 0.566667 6.35256e-06
1.9 0.566667 4.74742e-06
1.96667 0.566667 8.69235e-06
2.03333 0.566667 9.57862e-06
2.1 0.566667 9.27521e-06
2.16667 0.566667 8.61561e-06
2.23333 0.566667 7.94251e-06
2.3 0.566667 7.36938e-06
2.36667 0.566667 6.90805e-06
2.43333 0.566667 6.53054e-06
2.5 0.566667 6.19807e-06
2.56667 0.566667 5.87403e-06
2.63333 0.566667 5.52919e-06
2.7 0.566667 5.14346e-06
2.76667 0.566667 4.70572e-06
2.83333 0.566667 4.2114e-06
2.9 0.566667 3.65003e-06
2.96667 0.566667 2.96362e-06
3.03333 0.566667 1.13513e-06
3.1 0.566667 7.56267e-06
3.16667 0.566667 7.53384e-06
3.23333 0.566667 2.34031e-06
3.3 0.566667 5.03844e-07
3.36667 0.566667 1.71081e-07
3.43333 0.566667 3.83769e-07
3.5 0.566667 4.09174e-07
3.56667 0.566667 3.63894e-07
3.63333 0.566667 2.98704e-07
3.7 0.566667 2.34903e-07
3.76667 0.566667 1.80302e-07
3.83333 0.566667 1.36637e-07
3.9 0.566667 1.031e-07
3.96667 0.566667 7.80096e-08
4.03333 0.566667 5.95673e-08
4.1 0.566667 4.61727e-08
4.16667 0.566667 3.65186e-08
4.23333 0.566667 2.95895e-08
4.3 0.566667 2.46227e-08
4.36667 0.566667 2.10581e-08
4.43333 0.566667 1.84917e-08
4.5 0.566667 1.66355e-08
4.56667 0.566667 1.52864e-08
4.63333 0.566667 1.43018e-08
4.7 0.566667 1.35823e-08
4.76667 0.566667 1.30578e-08
4.83333 0.566667 1.26788e-08
4.9 0.566667 1.24085e-08
4.96667 0.566667 1.22178e-08
0.0333333 0.633333 2.2428e-05
0.1 0.633333 2.88729e-06
0.166667 0.633333 3.59478e-05
0.233333 0.633333 7.47257e-05
0.3 0.633333 0.000106503
0.366667 0.633333 0.000152678
0.433333 0.633333 0.00015267
0.5 0.633333 0.000115998
0.566667 0.633333 4.5332e-05
0.633333 0.633333 2.7199e-05
0.7 0.633333 5.32183e-06
0.766667 0.633333 6.22527e-05
0.833333 0.633333 0.000103804
0.9 0.633333 0.0002028
0.966667 0.633333 0.000185645
1.03333 0.633333 0.000161413
1.1 0.633333 0.000130418
1.16667 0.633333 9.18832e-05
1.23333 0.633333 9.92676e-05
1.3 0.633333 7.48845e-05
1.36667 0.633333 4.83818e-05
1.43333 0.633333 2.44178e-05
1.5 0.633333 1.65524e-05
1.56667 0.633333 0.000304527
1.63333 0.633333 0.000310442
1.7 0.633333 0.000100665
1.76667 0.633333 3.4139e-05
1.83333 0.633333 7.04856e-06
1.9 0.633333 3.80397e-06
1.96667 0.633333 7.64206e-06
2.03333 0.633333 8.49675e-06
2.1 0.633333 8.18833e-06
2.16667 0.633333 7.52445e-06
2.23333 0.633333 6.83637e-06
2.3 0.633333 6.23409e-06
2.36667 0.633333 5.72965e-06
2.43333 0.633333 5.29604e-06
2.5 0.633333 4.89427e-06
2.56667 0.633333 4.48443e-06
2.63333 0.633333 4.02889e-06
2.7 0.633333 3.4906e-06
2.76667 0.633333 2.82661e-06
2.83333 0.633333 1.97148e-06
2.9 0.633333 7.95596e-07
2.96667 0.633333 1.04537e-06
3.03333 0.633333 4.01892e-06
3.1 0.633333 5.60183e-06
3.16667 0.633333 4.50791e-06
3.23333 0.633333 2.24103e-06
3.3 0.633333 6.64043e-07
3.36667 0.633333 3.15941e-09
3.43333 0.633333 2.5058e-07
3.5 0.633333 3.10212e-07
3.56667 0.633333 2.92158e-07
3.63333 0.633333 2.47332e-07
3.7 0.633333 1.98405e-07
3.76667 0.633333 1.54536e-07
3.83333 0.633333 1.18552e-07
3.9 0.633333 9.04743e-08
3.96667 0.633333 6.92381e-08
4.03333 0.633333 5.35012e-08
4.1 0.633333 4.1995e-08
4.16667 0.633333 3.36518e-08
4.23333 0.633333 2.76286e-08
4.3 0.633333 2.32849e-08
4.36667 0.633333 2.01474e-08
4.43333 0.633333 1.78727e-08
4.5 0.633333 1.62152e-08
4.56667 0.633333 1.50011e-08
4.63333 0.633333 1.41083e-08
4.7 0.633333 1.34513e-08
4.76667 0.633333 1.297e-08
4.83333 0.633333 1.26217e-08
4.9 0.633333 1.23747e-08
4.96667 0.633333 1.22034e-08
0.0333333 0.7 2.62765e-05
0.1 0.7 5.82123e-06
0.166667 0.7 3.47012e-05
0.233333 0.7 5.99597e-05
0.3 0.7 7.73836e-05
0.366667 0.7 8.18024e-05
0.433333 0.7 7.06826e-05
0.5 0.7 4.53034e-05
0.566667 0.7 9.2545e-06
0.633333 0.7 3.29233e-05
0.7 0.7 7.48647e-05
0.766667 0.7 0.00010765
0.833333 0.7 0.000125993
0.9 0.7 0.000135789
0.966667 0.7 0.000125368
1.03333 0.7 0.000111149
1.1 0.7 9.26447e-05
1.16667 0.7 6.69044e-05
1.23333 0.7 5.5734e-05
1.3 0.7 2.73919e-05
1.36667 0.7 8.90988e-06
1.43333 0.7 5.98295e-05
1.5 0.7 0.000149351
1.56667 0.7 0.000259416
1.63333 0.7 0.000184192
1.7 0.7 8.34613e-05
1.76667 0.7 3.10309e-05
1.83333 0.7 7.92123e-06
1.9 0.7 1.81639e-06
1.96667 0.7 5.44199e-06
2.03333 0.7 6.35342e-06
2.1 0.7 6.15661e-06
2.16667 0.7 5.58557e-06
2.23333 0.7 4.95197e-06
2.3 0.7 4.36666e-06
2.36667 0.7 3.84938e-06
2.43333 0.7 3.38181e-06
2.5 0.7 2.9319e-06
2.56667 0.7 2.46386e-06
2.63333 0.7 1.9408e-06
2.7 0.7 1.32359e-06
2.76667 0.7 5.67327e-07
2.83333 0.7 3.82985e-07
2.9 0.7 1.58986e-06
2.96667 0.7 3.01166e-06
3.03333 0.7 4.0974e-06
3.1 0.7 4.19171e-06
3.16667 0.7 3.22525e-06
3.23333 0.7 1.8643e-06
3.3 0.7 7.91772e-07
3.36667 0.7 1.94726e-07
3.43333 0.7 7.24125e-08
3.5 0.7 1.69502e-07
3.56667 0.7 1.86578e-07
3.63333 0.7 1.70163e-07
3.7 0.7 1.42904e-07
3.76667 0.7 1.15072e-07
3.83333 0.7 9.07382e-08
3.9 0.7 7.10135e-08
3.96667 0.7 5.57056e-08
4.03333 0.7 4.41407e-08
4.1 0.7 3.55496e-08
4.16667 0.7 2.92309e-08
4.23333 0.7 2.46063e-08
4.3 0.7 2.12243e-08
4.36667 0.7 1.87454e-08
4.43333 0.7 1.69202e-08
4.5 0.7 1.55686e-08
4.56667 0.7 1.45623e-08
4.63333 0.7 1.38106e-08
4.7 0.7 1.32497e-08
4.76667 0.7 1.28346e-08
4.83333 0.7 1.25333e-08
4.9 0.7 1.23218e-08
4.96667 0.7 1.21808e-08
0.0333333 0.766667 2.29831e-05
0.1 0.766667 4.45058e-06
0.166667 0.766667 2.46397e-05
0.233333 0.766667 3.87821e-05
0.3 0.766667 4.61297e-05
0.366667 0.766667 4.50066e-05
0.433333 0.766667 3.468e-05
0.5 0.766667 1.62557e-05
0.566667 0.766667 7.52684e-06
0.633333 0.766667 3.27601e-05
0.7 0.766667 5.49002e-05
0.766667 0.766667 7.004e-05
0.833333 0.766667 7.63804e-05
0.9 0.766667 7.48554e-05
0.966667 0.766667 6.77394e-05
1.03333 0.766667 5.69086e-05
1.1 0.766667 4.30875e-05
1.16667 0.766667 2.60333e-05
1.23333 0.766667 4.99534e-06
1.3 0.766667 2.13436e-05
1.36667 0.766667 5.48603e-05
1.43333 0.766667 9.71464e-05
1.5 0.766667 0.000127217
1.56667 0.766667 0.000132666
1.63333 0.766667 9.82708e-05
1.7 0.766667 5.51625e-05
1.76667 0.766667 2.36679e-05
1.83333 0.766667 7.31307e-06
1.9 0.766667 1.83548e-07
1.96667 0.766667 3.12179e-06
2.03333 0.766667 3.90242e-06
2.1 0.766667 3.75009e-06
2.16667 0.766667 3.25652e-06
2.23333 0.766667 2.68488e-06
2.3 0.766667 2.1358e-06
2.36667 0.766667 1.63379e-06
2.43333 0.766667 1.17044e-06
2.5 0.766667 7.24735e-07
2.56667 0.766667 2.71886e-07
2.63333 0.766667 2.13241e-07
2.7 0.766667 7.5434e-07
2.76667 0.766667 1.37007e-06
2.83333 0.766667 2.06265e-06
2.9 0.766667 2.78071e-06
2.96667 0.766667 3.35527e-06
3.03333 0.766667 3.54186e-06
3.1 0.766667 3.19389e-06
3.16667 0.766667 2.42467e-06
3.23333 0.766667 1.53973e-06
3.3 0.766667 8.12619e-07
3.36667 0.766667 3.42422e-07
3.43333 0.766667 8.77911e-08
3.5 0.766667 3.18334e-08
3.56667 0.766667 7.84164e-08
3.63333 0.766667 8.89321e-08
3.7 0.766667 8.35102e-08
3.76667 0.766667 7.24097e-08
3.83333 0.766667 6.04838e-08
3.9 0.766667 4.97663e-08
3.96667 0.766667 4.08986e-08
4.03333 0.766667 3.38861e-08
4.1 0.766667 2.8484e-08
4.16667 0.766667 2.4383e-08
4.23333 0.766667 2.12913e-08
4.3 0.766667 1.89637e-08
4.36667 0.766667 1.72069e-08
4.43333 0.766667 1.58745e-08
4.5 0.766667 1.48581e-08
4.56667 0.766667 1.40795e-08
4.63333 0.766667 1.34822e-08
4.7 0.766667 1.30263e-08
4.76667 0.766667 1.26836e-08
4.83333 0.766667 1.24335e-08
4.9 0.766667 1.2261e-08
4.96667 0.766667 1.21536e-08
0.0333333 0.833333 1.56378e-05
0.1 0.833333 1.75079e-06
0.166667 0.833333 1.16036e-05
0.233333 0.833333 1.62557e-05
0.3 0.833333 1.66564e-05
0.366667 0.833333 1.28595e-05
0.433333 0.833333 5.1506e-06
0.5 0.833333 5.37985e-06
0.566667 0.833333 1.68391e-05
0.633333 0.833333 2.68989e-05
0.7 0.833333 3.33878e-05
0.766667 0.833333 3.49777e-05
0.833333 0.833333 3.16302e-05
0.9 0.833333 2.44066e-05
0.966667 0.833333 1.47468e-05
1.03333 0.833333 3.74037e-06
1.1 0.833333 8.16633e-06
1.16667 0.833333 2.10571e-05
1.23333 0.833333 3.52734e-05
1.3 0.833333 5.10491e-05
1.36667 0.833333 6.76623e-05
1.43333 0.833333 8.11944e-05
1.5 0.833333 8.42027e-05
1.56667 0.833333 7.24866e-05
1.63333 0.833333 5.04512e-05
1.7 0.833333 2.80415e-05
1.76667 0.833333 1.20622e-05
1.83333 0.833333 3.21416e-06
1.9 0.833333 8.01799e-07
1.96667 0.833333 2.16241e-06
2.03333 0.833333 2.2355e-06
2.1 0.833333 1.77629e-06
2.16667 0.833333 1.15613e-06
2.23333 0.833333 5.36923e-07
2.3 0.833333 2.44914e-08
2.36667 0.833333 5.19157e-07
2.43333 0.833333 9.57103e-07
2.5 0.833333 1.35377e-06
2.56667 0.833333 1.72404e-06
2.63333 0.833333 2.07948e-06
2.7 0.833333 2.42573e-06
2.76667 0.833333 2.75759e-06
2.83333 0.833333 3.04892e-06
2.9 0.833333 3.24084e-06
2.96667 0.833333 3.2492e-06
3.03333 0.833333 3.00686e-06
3.1 0.833333 2.52145e-06
3.16667 0.833333 1.89291e-06
3.23333 0.833333 1.26544e-06
3.3 0.833333 7.52256e-07
3.36667 0.833333 3.95132e-07
3.43333 0.833333 1.76767e-07
3.5 0.833333 5.63995e-08
3.56667 0.833333 3.91084e-09
3.63333 0.833333 3.0587e-08
3.7 0.833333 3.97214e-08
3.76667 0.833333 4.04155e-08
3.83333 0.833333 3.75313e-08
3.9 0.833333 3.35166e-08
3.96667 0.833333 2.95082e-08
4.03333 0.833333 2.59631e-08
4.1 0.833333 2.30061e-08
4.16667 0.833333 2.06138e-08
4.23333 0.833333 1.87074e-08
4.3 0.833333 1.71972e-08
4.36667 0.833333 1.60015e-08
4.43333 0.833333 1.50525e-08
4.5 0.833333 1.42975e-08
4.56667 0.833333 1.36963e-08
4.63333 0.833333 1.32196e-08
4.7 0.833333 1.28458e-08
4.76667 0.833333 1.25595e-08
4.83333 0.833333 1.23495e-08
4.9 0.833333 1.22076e-08
4.96667 0.833333 1.21275e-08
0.0333333 0.9 7.60152e-06
0.1 0.9 1.95264e-06
0.166667 0.9 2.56513e-06
0.233333 0.9 6.20047e-06
0.3 0.9 1.12849e-05
0.366667 0.9 1.68159e-05
0.433333 0.9 2.18182e-05
0.5 0.9 2.52154e-05
0.566667 0.9 2.59561e-05
0.633333 0.9 2.32567e-05
0.7 0.9 1.68593e-05
0.766667 0.9 7.1925e-06
0.833333 0.9 4.68422e-06
0.9 0.9 1.73817e-05
0.966667 0.9 2.95888e-05
1.03333 0.9 4.03633e-05
1.1 0.9 4.91824e-05
1.16667 0.9 5.58006e-05
1.23333 0.9 6.00308e-05
1.3 0.9 6.14971e-05
1.36667 0.9 5.93958e-05
1.43333 0.9 5.27039e-05
1.5 0.9 4.12871e-05
1.56667 0.9 2.69994e-05
1.63333 0.9 1.32899e-05
1.7 0.9 3.17321e-06
1.76667 0.9 2.39887e-06
1.83333 0.9 4.34806e-06
1.9 0.9 4.19596e-06
1.96667 0.9 3.13642e-06
2.03333 0.9 1.84504e-06
2.1 0.9 6.32716e-07
2.16667 0.9 3.92642e-07
2.23333 0.9 1.2202e-06
2.3 0.9 1.87618e-06
2.36667 0.9 2.3947e-06
2.43333 0.9 2.80563e-06
2.5 0.9 3.13065e-06
2.56667 0.9 3.38273e-06
2.63333 0.9 3.56661e-06
2.7 0.9 3.67903e-06
2.76667 0.9 3.70838e-06
2.83333 0.9 3.63507e-06
2.9 0.9 3.43628e-06
2.96667 0.9 3.09843e-06
3.03333 0.9 2.63373e-06
3.1 0.9 2.08871e-06
3.16667 0.9 1.53413e-06
3.23333 0.9 1.03948e-06
3.3 0.9 6.48632e-07
3.36667 0.9 3.71513e-07
3.43333 0.9 1.92577e-07
3.5 0.9 8.58457e-08
3.56667 0.9 2.64893e-08
3.63333 0.9 4.23147e-09
3.7 0.9 1.86884e-08
3.76667 0.9 2.44055e-08
3.83333 0.9 2.57057e-08
3.9 0.9 2.49595e-08
3.96667 0.9 2.3407e-08
4.03333 0.9 2.16605e-08
4.1 0.9 1.99971e-08
4.16667 0.9 1.85228e-08
4.23333 0.9 1.72612e-08
4.3 0.9 1.62002e-08
4.36667 0.9 1.53153e-08
4.43333 0.9 1.45804e-08
4.5 0.9 1.39719e-08
4.56667 0.9 1.34709e-08
4.63333 0.9 1.30624e-08
4.7 0.9 1.27352e-08
4.76667 0.9 1.2481e-08
4.83333 0.9 1.22939e-08
4.9 0.9 1.21699e-08
4.96667 0.9 1.21065e-08
0.0333333 0.966667 2.52784e-06
0.1 0.966667 8.15706e-06
0.166667 0.966667 1.80405e-05
0.233333 0.966667 2.91435e-05
0.3 0.966667 3.94299e-05
0.366667 0.966667 4.70498e-05
0.433333 0.966667 5.03528e-05
0.5 0.966667 4.81821e-05
0.566667 0.966667 4.01548e-05
0.633333 0.966667 2.67761e-05
0.7 0.966667 9.35635e-06
0.766667 0.966667 1.0233e-05
0.833333 0.966667 2.99037e-05
0.9 0.966667 4.77128e-05
0.966667 0.966667 6.21327e-05
1.03333 0.966667 7.21433e-05
1.1 0.966667 7.71423e-05
1.16667 0.966667 7.67701e-05
1.23333 0.966667 7.07982e-05
1.3 0.966667 5.92421e-05
1.36667 0.966667 4.27955e-05
1.43333 0.966667 2.33914e-05
1.5 0.966667 4.27679e-06
1.56667 0.966667 1.09297e-05
1.63333 0.966667 1.98295e-05
1.7 0.966667 2.22771e-05
1.76667 0.966667 2.00404e-05
1.83333 0.966667 1.55224e-05
1.9 0.966667 1.06247e-05
1.96667 0.966667 6.35747e-06
2.03333 0.966667 3.02778e-06
2.1 0.966667 5.79066e-07
2.16667 0.966667 1.1672e-06
2.23333 0.966667 2.39523e-06
2.3 0.966667 3.25431e-06
2.36667 0.966667 3.85214e-06
2.43333 0.966667 4.26026e-06
2.5 0.966667 4.52236e-06
2.56667 0.966667 4.66159e-06
2.63333 0.966667 4.68649e-06
2.7 0.966667 4.59576e-06
2.76667 0.966667 4.38325e-06
2.83333 0.966667 4.0445e-06
2.9 0.966667 3.58515e-06
2.96667 0.966667 3.02884e-06
3.03333 0.966667 2.41964e-06
3.1 0.966667 1.81498e-06
3.16667 0.966667 1.27077e-06
3.23333 0.966667 8.26009e-07
3.3 0.966667 4.94903e-07
3.36667 0.966667 2.69291e-07
3.43333 0.966667 1.27832e-07
3.5 0.966667 4.59262e-08
3.56667 0.966667 2.2576e-09
3.63333 0.966667 1.87669e-08
3.7 0.966667 2.73088e-08
3.76667 0.966667 2.94569e-08
3.83333 0.966667 2.86268e-08
3.9 0.966667 2.66233e-08
3.96667 0.966667 2.43373e-08
4.03333 0.966667 2.21684e-08
4.1 0.966667 2.02652e-08
4.16667 0.966667 1.8657e-08
4.23333 0.966667 1.73222e-08
4.3 0.966667 1.62222e-08
4.36667 0.966667 1.53173e-08
4.43333 0.966667 1.45724e-08
4.5 0.966667 1.39595e-08
4.56667 0.966667 1.34568e-08
4.63333 0.966667 1.30478e-08
4.7 0.966667 1.27208e-08
4.76667 0.966667 1.2467e-08
4.83333 0.966667 1.22805e-08
4.9 0.966667 1.21576e-08
4.96667 0.966667 1.20963e-08
