0.0333333 0.0333333 8.79791e-06
0.1 0.0333333 1.86383e-05
0.166667 0.0333333 2.36932e-05
0.233333 0.0333333 2.3848e-05
0.3 0.0333333 3.51177e-05
0.366667 0.0333333 6.94775e-05
0.433333 0.0333333 0.000119834
0.5 0.0333333 0.000164243
0.566667 0.0333333 0.000184138
0.633333 0.0333333 0.000175721
0.7 0.0333333 0.000146909
0.766667 0.0333333 0.000109446
0.833333 0.0333333 7.24895e-05
0.9 0.0333333 4.03532e-05
0.966667 0.0333333 1.42114e-05
1.03333 0.0333333 5.74887e-06
1.1 0.0333333 1.9243e-05
1.16667 0.0333333 2.61285e-05
1.23333 0.0333333 2.71193e-05
1.3 0.0333333 2.40007e-05
1.36667 0.0333333 1.91171e-05
1.43333 0.0333333 1.45799e-05
1.5 0.0333333 1.16812e-05
1.56667 0.0333333 1.06464e-05
1.63333 0.0333333 1.06341e-05
1.7 0.0333333 9.93098e-06
1.76667 0.0333333 6.4203e-06
1.83333 0.0333333 1.63306e-06
1.9 0.0333333 1.46647e-05
1.96667 0.0333333 3.12056e-05
2.03333 0.0333333 4.81002e-05
2.1 0.0333333 6.17705e-05
2.16667 0.0333333 7.01916e-05
2.23333 0.0333333 7.47733e-05
2.3 0.0333333 8.09321e-05
2.36667 0.0333333 9.58434e-05
2.43333 0.0333333 0.000123031
2.5 0.0333333 0.000157415
2.56667 0.0333333 0.000186967
2.63333 0.0333333 0.000200538
2.7 0.0333333 0.000194275
2.76667 0.0333333 0.000172353
2.83333 0.0333333 0.000142622
2.9 0.0333333 0.00011191
2.96667 0.0333333 8.44268e-05
3.03333 0.0333333 6.17656e-05
3.1 0.0333333 4.38385e-05
3.16667 0.0333333 3.01043e-05
3.23333 0.0333333 2.01795e-05
3.3 0.0333333 1.3855e-05
3.36667 0.0333333 1.08308e-05
3.43333 0.0333333 1.05195e-05
3.5 0.0333333 1.20671e-05
3.56667 0.0333333 1.45226e-05
3.63333 0.0333333 1.7027e-05
3.7 0.0333333 1.89411e-05
3.76667 0.0333333 1.98931e-05
3.83333 0.0333333 1.976e-05
3.9 0.0333333 1.861e-05
3.96667 0.0333333 1.66293e-05
4.03333 0.0333333 1.40575e-05
4.1 0.0333333 1.11394e-05
4.16667 0.0333333 8.09822e-06
4.23333 0.0333333 5.12557e-06
4.3 0.0333333 2.3828e-06
4.36667 0.0333333 8.60585e-09
4.43333 0.0333333 1.87146e-06
4.5 0.0333333 3.13694e-06
4.56667 0.0333333 3.66602e-06
4.63333 0.0333333 3.3507e-06
4.7 0.0333333 2.27991e-06
4.76667 0.0333333 9.57645e-07
4.83333 0.0333333 4.5206e-08
4.9 0.0333333 2.09298e-07
4.96667 0.0333333 1.18166e-07
0.0333333 0.1 1.68259e-05
0.1 0.1 1.82625e-05
0.166667 0.1 5.03114e-05
0.233333 0.1 7.5404e-05
0.3 0.1 8.34039e-05
0.366667 0.1 6.58125e-05
0.433333 0.1 2.47323e-05
0.5 0.1 2.393e-05
0.566667 0.1 5.96682e-05
0.633333 0.1 7.24675e-05
0.7 0.1 6.61667e-05
0.766667 0.1 5.03145e-05
0.833333 0.1 3.27332e-05
0.9 0.1 1.7671e-05
0.966667 0.1 6.27333e-06
1.03333 0.1 1.89851e-06
1.1 0.1 7.47334e-06
1.16667 0.1 1.06567e-05
1.23333 0.1 1.14699e-05
1.3 0.1 1.02695e-05
1.36667 0.1 7.92084e-06
1.43333 0.1 5.50463e-06
1.5 0.1 3.87137e-06
1.56667 0.1 3.34456e-06
1.63333 0.1 3.66908e-06
1.7 0.1 4.1757e-06
1.76667 0.1 4.11017e-06
1.83333 0.1 3.04529e-06
1.9 0.1 1.21085e-06
1.96667 0.1 4.80052e-07
2.03333 0.1 8.22867e-07
2.1 0.1 1.02823e-06
2.16667 0.1 4.9905e-06
2.23333 0.1 9.67552e-06
2.3 0.1 1.18938e-05
2.36667 0.1 7.29511e-06
2.43333 0.1 7.88799e-06
2.5 0.1 3.30656e-05
2.56667 0.1 6.15511e-05
2.63333 0.1 8.32313e-05
2.7 0.1 9.12347e-05
2.76667 0.1 8.58005e-05
2.83333 0.1 7.19054e-05
2.9 0.1 5.53887e-05
2.96667 0.1 4.02301e-05
3.03333 0.1 2.82885e-05
3.1 0.1 1.98234e-05
3.16667 0.1 1.42258e-05
3.23333 0.1 1.07542e-05
3.3 0.1 8.91122e-06
3.36667 0.1 8.43118e-06
3.43333 0.1 9.08661e-06
3.5 0.1 1.05485e-05
3.56667 0.1 1.23822e-05
3.63333 0.1 1.4131e-05
3.7 0.1 1.54132e-05
3.76667 0.1 1.5985e-05
3.83333 0.1 1.57571e-05
3.9 0.1 1.47726e-05
3.96667 0.1 1.3165e-05
4.03333 0.1 1.11127e-05
4.1 0.1 8.80353e-06
4.16667 0.1 6.41113e-06
4.23333 0.1 4.08385e-06
4.3 0.1 1.94036e-06
4.36667 0.1 6.70354e-08
4.43333 0.1 1.48996e-06
4.5 0.1 2.7464e-06
4.56667 0.1 3.83041e-06
4.63333 0.1 4.96623e-06
4.7 0.1 5.87487e-06
4.76667 0.1 5.40104e-06
4.83333 0.1 3.27848e-06
4.9 0.1 9.99377e-07
4.96667 0.1 2.11125e-07
0.0333333 0.166667 1.18662e-05
0.1 0.166667 5.28887e-05
0.166667 0.166667 0.000109774
0.233333 0.166667 0.000138509
0.3 0.166667 0.000153125
0.366667 0.166667 0.000158716
0.433333 0.166667 0.000142404
0.5 0.166667 9.64493e-05
0.566667 0.166667 4.443e-05
0.633333 0.166667 1.07263e-05
0.7 0.166667 3.08203e-06
0.766667 0.166667 4.73973e-06
0.833333 0.166667 1.89148e-06
0.9 0.166667 1.99536e-07
0.966667 0.166667 2.14806e-06
1.03333 0.166667 6.56142e-06
1.1 0.166667 1.02337e-05
1.16667 0.166667 1.09362e-05
1.23333 0.166667 9.02068e-06
1.3 0.166667 6.36285e-06
1.36667 0.166667 4.53167e-06
1.43333 0.166667 3.99841e-06
1.5 0.166667 4.46258e-06
1.56667 0.166667 5.41231e-06
1.63333 0.166667 6.29958e-06
1.7 0.166667 6.30773e-06
1.76667 0.166667 4.11116e-06
1.83333 0.166667 1.94878e-06
1.9 0.166667 1.31252e-05
1.96667 0.166667 2.91628e-05
2.03333 0.166667 4.74462e-05
2.1 0.166667 6.35294e-05
2.16667 0.166667 7.37188e-05
2.23333 0.166667 7.80199e-05
2.3 0.166667 7.98649e-05
2.36667 0.166667 8.08355e-05
2.43333 0.166667 8.31153e-05
2.5 0.166667 7.88186e-05
2.56667 0.166667 5.89368e-05
2.63333 0.166667 2.92042e-05
2.7 0.166667 3.62538e-06
2.76667 0.166667 8.89953e-06
2.83333 0.166667 1.05622e-05
2.9 0.166667 6.1316e-06
2.96667 0.166667 3.44493e-07
3.03333 0.166667 3.36423e-06
3.1 0.166667 3.58643e-06
3.16667 0.166667 9.86313e-07
3.23333 0.166667 2.6544e-06
3.3 0.166667 5.81611e-06
3.36667 0.166667 7.95767e-06
3.43333 0.166667 9.2899e-06
3.5 0.166667 1.02127e-05
3.56667 0.166667 1.0966e-05
3.63333 0.166667 1.15797e-05
3.7 0.166667 1.19622e-05
3.76667 0.166667 1.20045e-05
3.83333 0.166667 1.16438e-05
3.9 0.166667 1.08851e-05
3.96667 0.166667 9.79306e-06
4.03333 0.166667 8.46962e-06
4.1 0.166667 7.02972e-06
4.16667 0.166667 5.58258e-06
4.23333 0.166667 4.21847e-06
4.3 0.166667 2.99844e-06
4.36667 0.166667 1.94146e-06
4.43333 0.166667 1.00109e-06
4.5 0.166667 1.93716e-08
4.56667 0.166667 1.35203e-06
4.63333 0.166667 3.90029e-06
4.7 0.166667 9.11298e-06
4.76667 0.166667 1.48911e-05
4.83333 0.166667 1.23141e-05
4.9 0.166667 4.11777e-06
4.96667 0.166667 2.92437e-08
0.0333333 0.233333 1.09996e-05
0.1 0.233333 8.88328e-05
0.166667 0.233333 0.000139263
0.233333 0.233333 0.000145184
0.3 0.233333 6.70867e-05
0.366667 0.233333 0.000107239
0.433333 0.233333 0.000186262
0.5 0.233333 0.000155096
0.566667 0.233333 9.00273e-05
0.633333 0.233333 4.08055e-05
0.7 0.233333 1.1721e-05
0.766667 0.233333 3.79046e-07
0.833333 0.233333 1.7086e-06
0.9 0.233333 8.01396e-07
0.966667 0.233333 5.79294e-06
1.03333 0.233333 1.77687e-05
1.1 0.233333 2.89587e-05
1.16667 0.233333 3.1789e-05
1.23333 0.233333 2.59281e-05
1.3 0.233333 1.6571e-05
1.36667 0.233333 8.78581e-06
1.43333 0.233333 4.9286e-06
1.5 0.233333 5.13523e-06
1.56667 0.233333 8.63532e-06
1.63333 0.233333 1.41785e-05
1.7 0.233333 1.94297e-05
1.76667 0.233333 2.04968e-05
1.83333 0.233333 1.27672e-05
1.9 0.233333 6.87082e-06
1.96667 0.233333 3.73238e-05
2.03333 0.233333 7.13384e-05
2.1 0.233333 9.63492e-05
2.16667 0.233333 0.00010173
2.23333 0.233333 8.93659e-05
2.3 0.233333 7.43153e-05
2.36667 0.233333 7.318e-05
2.43333 0.233333 8.93862e-05
2.5 0.233333 0.000133139
2.56667 0.233333 0.000145035
2.63333 0.233333 9.91798e-05
2.7 0.233333 5.62232e-05
2.76667 0.233333 2.74752e-05
2.83333 0.233333 1.38325e-05
2.9 0.233333 1.14589e-05
2.96667 0.233333 1.48628e-05
3.03333 0.233333 1.79439e-05
3.1 0.233333 1.6115e-05
3.16667 0.233333 9.14417e-06
3.23333 0.233333 6.40358e-07
3.3 0.233333 5.72733e-06
3.36667 0.233333 8.82883e-06
3.43333 0.233333 9.56083e-06
3.5 0.233333 9.21076e-06
3.56667 0.233333 8.63022e-06
3.63333 0.233333 8.16481e-06
3.7 0.233333 7.85761e-06
3.76667 0.233333 7.62629e-06
3.83333 0.233333 7.37656e-06
3.9 0.233333 7.05552e-06
3.96667 0.233333 6.66108e-06
4.03333 0.233333 6.22837e-06
4.1 0.233333 5.8098e-06
4.16667 0.233333 5.45742e-06
4.23333 0.233333 5.20904e-06
4.3 0.233333 5.07621e-06
4.36667 0.233333 5.0307e-06
4.43333 0.233333 4.98679e-06
4.5 0.233333 4.78087e-06
4.56667 0.233333 4.14962e-06
4.63333 0.233333 2.82915e-06
4.7 0.233333 7.61518e-07
4.76667 0.233333 1.701e-05
4.83333 0.233333 3.89141e-05
4.9 0.233333 5.97695e-06
4.96667 0.233333 8.29551e-07
0.0333333 0.3 2.74119e-05
0.1 0.3 0.00011333
0.166667 0.3 0.000148237
0.233333 0.3 3.94941e-05
0.3 0.3 0.000222786
0.366667 0.3 0.000375092
0.433333 0.3 6.59865e-05
0.5 0.3 0.000131954
0.566667 0.3 7.91998e-05
0.633333 0.3 1.78404e-05
0.7 0.3 2.56758e-05
0.766667 0.3 4.84429e-05
0.833333 0.3 4.70642e-05
0.9 0.3 2.69558e-05
0.966667 0.3 1.34855e-05
1.03333 0.3 2.20272e-05
1.1 0.3 4.00998e-05
1.16667 0.3 4.4574e-05
1.23333 0.3 3.23952e-05
1.3 0.3 1.36043e-05
1.36667 0.3 1.76774e-06
1.43333 0.3 9.26082e-06
1.5 0.3 8.5848e-06
1.56667 0.3 7.65598e-07
1.63333 0.3 1.2865e-05
1.7 0.3 2.90684e-05
1.76667 0.3 4.11779e-05
1.83333 0.3 4.06107e-05
1.9 0.3 2.10542e-05
1.96667 0.3 1.69117e-05
2.03333 0.3 6.22709e-05
2.1 0.3 9.21625e-05
2.16667 0.3 7.95214e-05
2.23333 0.3 2.2815e-05
2.3 0.3 4.14934e-05
2.36667 0.3 8.77724e-05
2.43333 0.3 9.11847e-05
2.5 0.3 0.000109228
2.56667 0.3 0.000157646
2.63333 0.3 0.000117867
2.7 0.3 6.13575e-05
2.76667 0.3 1.88361e-05
2.83333 0.3 5.37372e-06
2.9 0.3 1.33481e-05
2.96667 0.3 7.38432e-06
3.03333 0.3 4.88241e-06
3.1 0.3 1.17015e-05
3.16667 0.3 7.28402e-06
3.23333 0.3 2.28893e-06
3.3 0.3 8.67987e-06
3.36667 0.3 9.93355e-06
3.43333 0.3 8.16633e-06
3.5 0.3 5.75759e-06
3.56667 0.3 3.87308e-06
3.63333 0.3 2.81521e-06
3.7 0.3 2.45497e-06
3.76667 0.3 2.53547e-06
3.83333 0.3 2.8391e-06
3.9 0.3 3.24256e-06
3.96667 0.3 3.70336e-06
4.03333 0.3 4.22502e-06
4.1 0.3 4.82735e-06
4.16667 0.3 5.52704e-06
4.23333 0.3 6.32512e-06
4.3 0.3 7.19831e-06
4.36667 0.3 8.09337e-06
4.43333 0.3 8.92828e-06
4.5 0.3 9.61589e-06
4.56667 0.3 1.01724e-05
4.63333 0.3 1.10097e-05
4.7 0.3 1.65291e-05
4.76667 0.3 2.66395e-05
4.83333 0.3 1.3176e-05
4.9 0.3 6.44226e-06
4.96667 0.3 1.81542e-06
0.0333333 0.366667 7.40018e-06
0.1 0.366667 0.000110386
0.166667 0.366667 0.000161382
0.233333 0.366667 5.02436e-05
0.3 0.366667 0.000278694
0.366667 0.366667 0.000568089
0.433333 0.366667 1.99878e-05
0.5 0.366667 9.75364e-05
0.566667 0.366667 3.88497e-05
0.633333 0.366667 3.47002e-05
0.7 0.366667 9.57545e-05
0.766667 0.366667 0.000140091
0.833333 0.366667 0.000147732
0.9 0.366667 8.84137e-05
0.966667 0.366667 4.65703e-07
1.03333 0.366667 8.75134e-06
1.1 0.366667 2.48853e-05
1.16667 0.366667 4.28938e-05
1.23333 0.366667 2.60035e-05
1.3 0.366667 2.92445e-06
1.36667 0.366667 2.66367e-05
1.43333 0.366667 3.82771e-05
1.5 0.366667 3.78249e-05
1.56667 0.366667 2.67555e-05
1.63333 0.366667 4.9513e-06
1.7 0.366667 2.53507e-05
1.76667 0.366667 5.47703e-05
1.83333 0.366667 6.93589e-05
1.9 0.366667 5.78645e-05
1.96667 0.366667 1.78739e-05
2.03333 0.366667 3.91866e-05
2.1 0.366667 8.08103e-05
2.16667 0.366667 4.57363e-05
2.23333 0.366667 9.60197e-05
2.3 0.366667 0.000241432
2.36667 0.366667 0.000327104
2.43333 0.366667 0.000458212
2.5 0.366667 6.72456e-05
2.56667 0.366667 0.000136679
2.63333 0.366667 0.000101841
2.7 0.366667 3.44847e-05
2.76667 0.366667 1.95491e-05
2.83333 0.366667 5.4803e-05
2.9 0.366667 7.33829e-05
2.96667 0.366667 7.5326e-05
3.03333 0.366667 4.48585e-05
3.1 0.366667 9.43341e-06
3.16667 0.366667 1.15625e-07
3.23333 0.366667 7.74151e-06
3.3 0.366667 1.31841e-05
3.36667 0.366667 1.00931e-05
3.43333 0.366667 4.09254e-06
3.5 0.366667 1.08004e-06
3.56667 0.366667 4.1038e-06
3.63333 0.366667 5.06377e-06
3.7 0.366667 4.62888e-06
3.76667 0.366667 3.49372e-06
3.83333 0.366667 2.11044e-06
3.9 0.366667 6.75942e-07
3.96667 0.366667 7.63949e-07
4.03333 0.366667 2.21991e-06
4.1 0.366667 3.70998e-06
4.16667 0.366667 5.23848e-06
4.23333 0.366667 6.78603e-06
4.3 0.366667 8.30549e-06
4.36667 0.366667 9.72295e-06
4.43333 0.366667 1.09478e-05
4.5 0.366667 1.19039e-05
4.56667 0.366667 1.25979e-05
4.63333 0.366667 1.33385e-05
4.7 0.366667 1.30939e-05
4.76667 0.366667 4.68365e-06
4.83333 0.366667 3.82356e-07
4.9 0.366667 3.44163e-06
4.96667 0.366667 2.27205e-06
0.0333333 0.433333 5.51957e-05
0.1 0.433333 7.35722e-05
0.166667 0.433333 0.000175145
0.233333 0.433333 0.000205919
0.3 0.433333 0.000191256
0.366667 0.433333 0.000126574
0.433333 0.433333 0.000165314
0.5 0.433333 9.62426e-05
0.566667 0.433333 1.72897e-06
0.633333 0.433333 8.27547e-05
0.7 0.433333 0.000160081
0.766667 0.433333 0.000225725
0.833333 0.433333 0.000256296
0.9 0.433333 0.00021353
0.966667 0.433333 3.30907e-05
1.03333 0.433333 0.000213813
1.1 0.433333 3.42937e-05
1.16667 0.433333 2.57606e-05
1.23333 0.433333 1.0416e-05
1.3 0.433333 2.45737e-05
1.36667 0.433333 5.426e-05
1.43333 0.433333 6.92417e-05
1.5 0.433333 7.08921e-05
1.56667 0.433333 6.28907e-05
1.63333 0.433333 4.04814e-05
1.7 0.433333 9.54116e-07
1.76667 0.433333 4.94386e-05
1.83333 0.433333 8.27031e-05
1.9 0.433333 8.30896e-05
1.96667 0.433333 4.17455e-05
2.03333 0.433333 3.84099e-05
2.1 0.433333 0.000134359
2.16667 0.433333 0.000151614
2.23333 0.433333 0.000178592
2.3 0.433333 0.000490025
2.36667 0.433333 0.000372275
2.43333 0.433333 0.000199505
2.5 0.433333 0.000115157
2.56667 0.433333 0.000137855
2.63333 0.433333 7.80867e-05
2.7 0.433333 7.12387e-07
2.76667 0.433333 6.10423e-05
2.83333 0.433333 0.000103993
2.9 0.433333 0.000131913
2.96667 0.433333 0.000151641
3.03333 0.433333 0.000175206
3.1 0.433333 4.11459e-05
3.16667 0.433333 3.2535e-05
3.23333 0.433333 3.13894e-06
3.3 0.433333 1.37301e-05
3.36667 0.433333 6.81987e-06
3.43333 0.433333 3.70278e-06
3.5 0.433333 1.1747e-05
3.56667 0.433333 1.54743e-05
3.63333 0.433333 1.54647e-05
3.7 0.433333 1.32805e-05
3.76667 0.433333 1.03402e-05
3.83333 0.433333 7.40728e-06
3.9 0.433333 4.70825e-06
3.96667 0.433333 2.24212e-06
4.03333 0.433333 4.09249e-08
4.1 0.433333 2.18493e-06
4.16667 0.433333 4.20645e-06
4.23333 0.433333 6.08653e-06
4.3 0.433333 7.76981e-06
4.36667 0.433333 9.16835e-06
4.43333 0.433333 1.01693e-05
4.5 0.433333 1.06437e-05
4.56667 0.433333 1.04387e-05
4.63333 0.433333 9.15261e-06
4.7 0.433333 5.88638e-06
4.76667 0.433333 2.24287e-06
4.83333 0.433333 4.95584e-07
4.9 0.433333 1.45094e-06
4.96667 0.433333 1.79844e-06
0.0333333 0.5 0.000134992
0.1 0.5 1.23332e-05
0.166667 0.5 0.000157077
0.233333 0.5 0.000243225
0.3 0.5 0.000264325
0.366667 0.5 0.000260702
0.433333 0.5 0.000200969
0.5 0.5 8.725e-05
0.566667 0.5 1.86931e-05
0.633333 0.5 0.000103608
0.7 0.5 0.000184132
0.766667 0.5 0.000254321
0.833333 0.5 0.000288414
0.9 0.5 0.000286767
0.966667 0.5 0.000156299
1.03333 0.5 0.000571982
1.1 0.5 8.88869e-05
1.16667 0.5 6.02377e-06
1.23333 0.5 4.35013e-06
1.3 0.5 3.6746e-05
1.36667 0.5 6.08396e-05
1.43333 0.5 7.51284e-05
1.5 0.5 7.6541e-05
1.56667 0.5 8.42577e-05
1.63333 0.5 8.45626e-05
1.7 0.5 4.09188e-05
1.76667 0.5 2.45565e-05
1.83333 0.5 7.43591e-05
1.9 0.5 8.71309e-05
1.96667 0.5 4.62653e-05
2.03333 0.5 5.8497e-05
2.1 0.5 0.000241708
2.16667 0.5 0.000545183
2.23333 0.5 0.000134385
2.3 0.5 0.00050951
2.36667 0.5 0.000243222
2.43333 0.5 1.34646e-05
2.5 0.5 0.000136075
2.56667 0.5 0.000143676
2.63333 0.5 5.8348e-05
2.7 0.5 2.19007e-05
2.76667 0.5 8.47708e-05
2.83333 0.5 0.000125916
2.9 0.5 0.000147087
2.96667 0.5 0.000154914
3.03333 0.5 0.000173354
3.1 0.5 8.60232e-05
3.16667 0.5 0.000141033
3.23333 0.5 1.40515e-05
3.3 0.5 7.22699e-06
3.36667 0.5 7.11176e-08
3.43333 0.5 1.38424e-05
3.5 0.5 2.4443e-05
3.56667 0.5 2.85499e-05
3.63333 0.5 2.6865e-05
3.7 0.5 2.22069e-05
3.76667 0.5 1.70502e-05
3.83333 0.5 1.24233e-05
3.9 0.5 8.4546e-06
3.96667 0.5 5.07887e-06
4.03333 0.5 2.19077e-06
4.1 0.5 3.04033e-07
4.16667 0.5 2.4619e-06
4.23333 0.5 4.29203e-06
4.3 0.5 5.7586e-06
4.36667 0.5 6.78871e-06
4.43333 0.5 7.28311e-06
4.5 0.5 7.12712e-06
4.56667 0.5 6.19526e-06
4.63333 0.5 4.42157e-06
4.7 0.5 2.22354e-06
4.76667 0.5 3.12173e-07
4.83333 0.5 7.32911e-07
4.9 0.5 1.05793e-06
4.96667 0.5 8.29632e-07
0.0333333 0.566667 0.000196682
0.1 0.566667 5.06725e-05
0.166667 0.566667 0.000102793
0.233333 0.566667 0.000195505
0.3 0.566667 0.000228685
0.366667 0.566667 0.000210727
0.433333 0.566667 0.000146367
0.5 0.566667 5.75081e-05
0.566667 0.566667 2.65874e-05
0.633333 0.566667 9.79709e-05
0.7 0.566667 0.00016531
0.766667 0.566667 0.000221296
0.833333 0.566667 0.000234653
0.9 0.566667 0.000168176
0.966667 0.566667 0.000195829
1.03333 0.566667 0.00042062
1.1 0.566667 7.53295e-05
1.16667 0.566667 3.61722e-07
1.23333 0.566667 8.8387e-06
1.3 0.566667 3.08723e-05
1.36667 0.566667 3.55058e-05
1.43333 0.566667 9.37542e-06
1.5 0.566667 2.89373e-06
1.56667 0.566667 5.86479e-05
1.63333 0.566667 0.00013201
1.7 0.566667 7.14492e-05
1.76667 0.566667 6.79667e-06
1.83333 0.566667 5.32364e-05
1.9 0.566667 7.76828e-05
1.96667 0.566667 4.66132e-05
2.03333 0.566667 5.35933e-05
2.1 0.566667 0.000237515
2.16667 0.566667 0.000576684
2.23333 0.566667 0.000398686
2.3 0.566667 0.000169136
2.36667 0.566667 0.000115217
2.43333 0.566667 4.10896e-05
2.5 0.566667 0.000121794
2.56667 0.566667 0.000107805
2.63333 0.566667 4.18516e-05
2.7 0.566667 3.02878e-05
2.76667 0.566667 8.77523e-05
2.83333 0.566667 0.000120808
2.9 0.566667 0.000115814
2.96667 0.566667 8.14181e-05
3.03333 0.566667 8.74098e-06
3.1 0.566667 0.000194771
3.16667 0.566667 0.00015861
3.23333 0.566667 2.81969e-05
3.3 0.566667 1.55073e-06
3.36667 0.566667 2.07054e-06
3.43333 0.566667 1.66774e-05
3.5 0.566667 3.10546e-05
3.56667 0.566667 3.76481e-05
3.63333 0.566667 3.54829e-05
3.7 0.566667 2.89049e-05
3.76667 0.566667 2.2133e-05
3.83333 0.566667 1.61623e-05
3.9 0.566667 1.11623e-05
3.96667 0.566667 7.12458e-06
4.03333 0.566667 3.91386e-06
4.1 0.566667 1.37263e-06
4.16667 0.566667 6.21059e-07
4.23333 0.566667 2.13495e-06
4.3 0.566667 3.18665e-06
4.36667 0.566667 3.75855e-06
4.43333 0.566667 3.81903e-06
4.5 0.566667 3.35135e-06
4.56667 0.566667 2.40366e-06
4.63333 0.566667 1.17505e-06
4.7 0.566667 1.17291e-08
4.76667 0.566667 7.39338e-07
4.83333 0.566667 9.63988e-07
4.9 0.566667 7.39537e-07
4.96667 0.566667 2.76188e-09
0.0333333 0.633333 0.000219716
0.1 0.633333 9.40414e-05
0.166667 0.633333 3.96119e-05
0.233333 0.633333 0.000123293
0.3 0.633333 0.00015132
0.366667 0.633333 0.000133572
0.433333 0.633333 8.57491e-05
0.5 0.633333 2.76263e-05
0.566667 0.633333 2.79238e-05
0.633333 0.633333 7.64755e-05
0.7 0.633333 0.000118399
0.766667 0.633333 0.000147082
0.833333 0.633333 0.000134711
0.9 0.633333 3.92947e-05
0.966667 0.633333 7.99259e-05
1.03333 0.633333 7.34937e-05
1.1 0.633333 1.90438e-05
1.16667 0.633333 7.21601e-06
1.23333 0.633333 4.039e-06
1.3 0.633333 1.47589e-05
1.36667 0.633333 1.65004e-06
1.43333 0.633333 5.29579e-05
1.5 0.633333 0.000207774
1.56667 0.633333 0.000171852
1.63333 0.633333 6.60146e-05
1.7 0.633333 8.27237e-05
1.76667 0.633333 2.61244e-05
1.83333 0.633333 3.39943e-05
1.9 0.633333 6.67491e-05
1.96667 0.633333 5.39952e-05
2.03333 0.633333 1.08011e-05
2.1 0.633333 0.000118178
2.16667 0.633333 0.00019021
2.23333 0.633333 0.00012174
2.3 0.633333 4.54077e-06
2.36667 0.633333 2.1846e-05
2.43333 0.633333 4.70678e-05
2.5 0.633333 8.52316e-05
2.56667 0.633333 7.07538e-05
2.63333 0.633333 2.38361e-05
2.7 0.633333 3.04994e-05
2.76667 0.633333 7.68337e-05
2.83333 0.633333 0.000108094
2.9 0.633333 9.59474e-05
2.96667 0.633333 9.8295e-06
3.03333 0.633333 6.55916e-05
3.1 0.633333 9.19738e-05
3.16667 0.633333 7.07468e-05
3.23333 0.633333 2.64161e-05
3.3 0.633333 5.09136e-06
3.36667 0.633333 1.9647e-05
3.43333 0.633333 1.03297e-05
3.5 0.633333 1.11505e-05
3.56667 0.633333 3.20415e-05
3.63333 0.633333 3.5203e-05
3.7 0.633333 3.00456e-05
3.76667 0.633333 2.35673e-05
3.83333 0.633333 1.70811e-05
3.9 0.633333 1.16102e-05
3.96667 0.633333 7.37941e-06
4.03333 0.633333 4.25735e-06
4.1 0.633333 2.01626e-06
4.16667 0.633333 4.53711e-07
4.23333 0.633333 5.72393e-07
4.3 0.633333 1.14857e-06
4.36667 0.633333 1.32643e-06
4.43333 0.633333 1.14979e-06
4.5 0.633333 6.85599e-07
4.56667 0.633333 5.36623e-08
4.63333 0.633333 5.69326e-07
4.7 0.633333 9.95624e-07
4.76667 0.633333 1.11104e-06
4.83333 0.633333 9.09886e-07
4.9 0.633333 4.05175e-07
4.96667 0.633333 5.78605e-07
0.0333333 0.7 0.00020331
0.1 0.7 0.000107835
0.166667 0.7 7.86292e-06
0.233333 0.7 5.39515e-05
0.3 0.7 7.40688e-05
0.366667 0.7 6.36119e-05
0.433333 0.7 3.59269e-05
0.5 0.7 2.74423e-06
0.566667 0.7 2.79689e-05
0.633333 0.7 5.27658e-05
0.7 0.7 6.97568e-05
0.766667 0.7 7.32599e-05
0.833333 0.7 5.34395e-05
0.9 0.7 1.59699e-05
0.966667 0.7 5.88167e-06
1.03333 0.7 6.81437e-07
1.1 0.7 1.43148e-05
1.16667 0.7 1.22813e-05
1.23333 0.7 1.34502e-06
1.3 0.7 3.35742e-06
1.36667 0.7 9.85156e-06
1.43333 0.7 4.78529e-05
1.5 0.7 9.10138e-05
1.56667 0.7 4.86868e-05
1.63333 0.7 4.9581e-05
1.7 0.7 6.84878e-05
1.76667 0.7 2.72504e-05
1.83333 0.7 2.29333e-05
1.9 0.7 5.62308e-05
1.96667 0.7 5.91936e-05
2.03333 0.7 3.06636e-05
2.1 0.7 1.28783e-05
2.16667 0.7 3.65181e-05
2.23333 0.7 2.1278e-05
2.3 0.7 2.20316e-06
2.36667 0.7 4.32976e-06
2.43333 0.7 3.13449e-05
2.5 0.7 4.63286e-05
2.56667 0.7 3.55581e-05
2.63333 0.7 6.3921e-06
2.7 0.7 2.83986e-05
2.76667 0.7 5.84943e-05
2.83333 0.7 7.79873e-05
2.9 0.7 4.94608e-05
2.96667 0.7 7.80437e-05
3.03333 0.7 5.65729e-05
3.1 0.7 5.24974e-05
3.16667 0.7 3.89453e-05
3.23333 0.7 1.71452e-05
3.3 0.7 1.05384e-05
3.36667 0.7 5.06212e-05
3.43333 0.7 0.000131172
3.5 0.7 7.68939e-05
3.56667 0.7 5.16887e-06
3.63333 0.7 2.38241e-05
3.7 0.7 2.53498e-05
3.76667 0.7 2.02132e-05
3.83333 0.7 1.3952e-05
3.9 0.7 8.66407e-06
3.96667 0.7 4.82832e-06
4.03333 0.7 2.28698e-06
4.1 0.7 7.26825e-07
4.16667 0.7 1.38424e-07
4.23333 0.7 5.21162e-07
4.3 0.7 5.66662e-07
4.36667 0.7 3.76553e-07
4.43333 0.7 3.42887e-08
4.5 0.7 3.74496e-07
4.56667 0.7 7.54178e-07
4.63333 0.7 1.01068e-06
4.7 0.7 1.07936e-06
4.76667 0.7 9.4559e-07
4.83333 0.7 6.24147e-07
4.9 0.7 8.04247e-08
4.96667 0.7 8.84154e-07
0.0333333 0.766667 0.000158986
0.1 0.766667 9.64587e-05
0.166667 0.766667 3.44635e-05
0.233333 0.766667 1.65813e-06
0.3 0.766667 1.18098e-05
0.366667 0.766667 5.09576e-06
0.433333 0.766667 9.05143e-06
0.5 0.766667 2.36506e-05
0.566667 0.766667 3.46153e-05
0.633333 0.766667 4.01957e-05
0.7 0.766667 3.95099e-05
0.766667 0.766667 3.15754e-05
0.833333 0.766667 1.76598e-05
0.9 0.766667 5.03514e-06
0.966667 0.766667 2.63868e-06
1.03333 0.766667 1.03452e-05
1.1 0.766667 1.48914e-05
1.16667 0.766667 1.00604e-05
1.23333 0.766667 2.16263e-06
1.3 0.766667 2.30398e-06
1.36667 0.766667 1.13836e-06
1.43333 0.766667 1.0457e-05
1.5 0.766667 1.15942e-05
1.56667 0.766667 9.82905e-06
1.63333 0.766667 3.81878e-05
1.7 0.766667 4.17583e-05
1.76667 0.766667 1.70104e-05
1.83333 0.766667 1.61501e-05
1.9 0.766667 4.1168e-05
1.96667 0.766667 4.96676e-05
2.03333 0.766667 4.15591e-05
2.1 0.766667 2.56013e-05
2.16667 0.766667 1.43947e-05
2.23333 0.766667 1.24737e-05
2.3 0.766667 1.16809e-05
2.36667 0.766667 3.9399e-06
2.43333 0.766667 6.87727e-06
2.5 0.766667 1.1033e-05
2.56667 0.766667 4.26844e-06
2.63333 0.766667 1.04702e-05
2.7 0.766667 2.71808e-05
2.76667 0.766667 3.93623e-05
2.83333 0.766667 3.75427e-05
2.9 0.766667 1.75079e-06
2.96667 0.766667 5.60791e-05
3.03333 0.766667 3.74261e-05
3.1 0.766667 3.16217e-05
3.16667 0.766667 2.58036e-05
3.23333 0.766667 1.6154e-05
3.3 0.766667 2.419e-06
3.36667 0.766667 4.14093e-05
3.43333 0.766667 0.000100981
3.5 0.766667 4.77457e-05
3.56667 0.766667 5.97364e-06
3.63333 0.766667 1.45764e-05
3.7 0.766667 1.65683e-05
3.76667 0.766667 1.15627e-05
3.83333 0.766667 5.8399e-06
3.9 0.766667 1.49101e-06
3.96667 0.766667 1.18542e-06
4.03333 0.766667 2.5142e-06
4.1 0.766667 2.92394e-06
4.16667 0.766667 2.77115e-06
4.23333 0.766667 2.30942e-06
4.3 0.766667 1.70715e-06
4.36667 0.766667 1.07487e-06
4.43333 0.766667 4.88533e-07
4.5 0.766667 3.86744e-09
4.56667 0.766667 3.39458e-07
4.63333 0.766667 5.21997e-07
4.7 0.766667 5.49449e-07
4.76667 0.766667 4.45669e-07
4.83333 0.766667 2.22068e-07
4.9 0.766667 1.75815e-07
4.96667 0.766667 9.2411e-07
0.0333333 0.833333 0.000102237
0.1 0.833333 7.29205e-05
0.166667 0.833333 5.05776e-05
0.233333 0.833333 4.30789e-05
0.3 0.833333 4.64211e-05
0.366667 0.833333 5.37014e-05
0.433333 0.833333 5.93217e-05
0.5 0.833333 6.02071e-05
0.566667 0.833333 5.5602e-05
0.633333 0.833333 4.6347e-05
0.7 0.833333 3.40603e-05
0.766667 0.833333 2.06788e-05
0.833333 0.833333 8.52794e-06
0.9 0.833333 4.83542e-08
0.966667 0.833333 3.66912e-06
1.03333 0.833333 3.17623e-06
1.1 0.833333 5.97854e-06
1.16667 0.833333 9.74443e-06
1.23333 0.833333 4.85482e-07
1.3 0.833333 5.57849e-06
1.36667 0.833333 8.25821e-06
1.43333 0.833333 9.33199e-06
1.5 0.833333 1.19261e-05
1.56667 0.833333 1.76845e-05
1.63333 0.833333 2.22097e-05
1.7 0.833333 1.90375e-05
1.76667 0.833333 7.50464e-06
1.83333 0.833333 7.07853e-06
1.9 0.833333 1.88183e-05
1.96667 0.833333 2.44542e-05
2.03333 0.833333 2.39763e-05
2.1 0.833333 2.03076e-05
2.16667 0.833333 1.72925e-05
2.23333 0.833333 1.66242e-05
2.3 0.833333 1.70972e-05
2.36667 0.833333 1.73269e-05
2.43333 0.833333 1.78945e-05
2.5 0.833333 2.01053e-05
2.56667 0.833333 2.39296e-05
2.63333 0.833333 2.78691e-05
2.7 0.833333 2.99406e-05
2.76667 0.833333 2.78566e-05
2.83333 0.833333 1.8774e-05
2.9 0.833333 3.29933e-06
2.96667 0.833333 7.87596e-06
3.03333 0.833333 1.33463e-05
3.1 0.833333 1.40416e-05
3.16667 0.833333 1.57478e-05
3.23333 0.833333 1.73107e-05
3.3 0.833333 1.59915e-05
3.36667 0.833333 1.24182e-05
3.43333 0.833333 2.03909e-05
3.5 0.833333 3.52821e-05
3.56667 0.833333 2.92071e-05
3.63333 0.833333 1.41959e-05
3.7 0.833333 5.16191e-06
3.76667 0.833333 2.06102e-06
3.83333 0.833333 7.11546e-06
3.9 0.833333 9.71231e-06
3.96667 0.833333 1.03833e-05
4.03333 0.833333 9.81941e-06
4.1 0.833333 8.5904e-06
4.16667 0.833333 7.09087e-06
4.23333 0.833333 5.56873e-06
4.3 0.833333 4.16864e-06
4.36667 0.833333 2.96778e-06
4.43333 0.833333 2.00002e-06
4.5 0.833333 1.27e-06
4.56667 0.833333 7.60476e-07
4.63333 0.833333 4.36956e-07
4.7 0.833333 2.54338e-07
4.76667 0.833333 1.70596e-07
4.83333 0.833333 1.71864e-07
4.9 0.833333 3.11805e-07
4.96667 0.833333 7.37846e-07
0.0333333 0.9 4.83326e-05
0.1 0.9 5.09315e-05
0.166667 0.9 6.71947e-05
0.233333 0.9 8.9017e-05
0.3 0.9 0.000108573
0.366667 0.9 0.000120231
0.433333 0.9 0.000121289
0.5 0.9 0.000111951
0.566667 0.9 9.46755e-05
0.633333 0.9 7.30891e-05
0.7 0.9 5.11769e-05
0.766667 0.9 3.23652e-05
0.833333 0.9 1.8488e-05
0.9 0.9 9.33366e-06
0.966667 0.9 2.87338e-06
1.03333 0.9 3.96694e-06
1.1 0.9 3.14198e-06
1.16667 0.9 3.53952e-06
1.23333 0.9 1.24024e-06
1.3 0.9 5.08147e-06
1.36667 0.9 8.19495e-06
1.43333 0.9 1.01032e-05
1.5 0.9 1.02559e-05
1.56667 0.9 8.85675e-06
1.63333 0.9 6.81095e-06
1.7 0.9 5.29996e-06
1.76667 0.9 5.13992e-06
1.83333 0.9 6.17034e-06
1.9 0.9 7.34605e-06
1.96667 0.9 7.5211e-06
2.03333 0.9 6.05324e-06
2.1 0.9 2.7357e-06
2.16667 0.9 2.57301e-06
2.23333 0.9 1.00562e-05
2.3 0.9 1.96546e-05
2.36667 0.9 3.06195e-05
2.43333 0.9 4.12226e-05
2.5 0.9 4.90133e-05
2.56667 0.9 5.17659e-05
2.63333 0.9 4.86001e-05
2.7 0.9 4.04502e-05
2.76667 0.9 2.96781e-05
2.83333 0.9 1.93425e-05
2.9 0.9 1.20346e-05
2.96667 0.9 8.0867e-06
3.03333 0.9 5.83328e-06
3.1 0.9 2.43687e-06
3.16667 0.9 3.98934e-06
3.23333 0.9 1.44243e-05
3.3 0.9 2.89937e-05
3.36667 0.9 4.63923e-05
3.43333 0.9 5.71404e-05
3.5 0.9 5.28789e-05
3.56667 0.9 3.51711e-05
3.63333 0.9 1.13989e-05
3.7 0.9 7.39777e-06
3.76667 0.9 1.79066e-05
3.83333 0.9 2.22896e-05
3.9 0.9 2.27553e-05
3.96667 0.9 2.10245e-05
4.03333 0.9 1.82703e-05
4.1 0.9 1.52089e-05
4.16667 0.9 1.22434e-05
4.23333 0.9 9.58222e-06
4.3 0.9 7.31744e-06
4.36667 0.9 5.47255e-06
4.43333 0.9 4.02881e-06
4.5 0.9 2.94045e-06
4.56667 0.9 2.14459e-06
4.63333 0.9 1.56983e-06
4.7 0.9 1.14587e-06
4.76667 0.9 8.15024e-07
4.83333 0.9 5.48309e-07
4.9 0.9 3.72552e-07
4.96667 0.9 4.25928e-07
0.0333333 0.966667 1.43687e-05
0.1 0.966667 4.62412e-05
0.166667 0.966667 9.33888e-05
0.233333 0.966667 0.000139091
0.3 0.966667 0.000172776
0.366667 0.966667 0.000189558
0.433333 0.966667 0.000188793
0.5 0.966667 0.000172633
0.566667 0.966667 0.000145343
0.633333 0.966667 0.000112861
0.7 0.966667 8.13885e-05
0.766667 0.966667 5.56038e-05
0.833333 0.966667 3.75812e-05
0.9 0.966667 2.66674e-05
0.966667 0.966667 2.0376e-05
1.03333 0.966667 1.51097e-05
1.1 0.966667 8.49182e-06
1.16667 0.966667 3.98222e-06
1.23333 0.966667 2.32332e-06
1.3 0.966667 8.63748e-07
1.36667 0.966667 1.08655e-06
1.43333 0.966667 2.28388e-06
1.5 0.966667 1.40649e-06
1.56667 0.966667 1.16021e-06
1.63333 0.966667 2.63977e-06
1.7 0.966667 3.07268e-07
1.76667 0.966667 8.66601e-06
1.83333 0.966667 1.99076e-05
1.9 0.966667 2.95641e-05
1.96667 0.966667 3.38958e-05
2.03333 0.966667 3.15156e-05
2.1 0.966667 2.31554e-05
2.16667 0.966667 1.02356e-05
2.23333 0.966667 6.3217e-06
2.3 0.966667 2.5915e-05
2.36667 0.966667 4.69893e-05
2.43333 0.966667 6.61821e-05
2.5 0.966667 7.90926e-05
2.56667 0.966667 8.23107e-05
2.63333 0.966667 7.52736e-05
2.7 0.966667 6.08246e-05
2.76667 0.966667 4.42139e-05
2.83333 0.966667 3.07714e-05
2.9 0.966667 2.32737e-05
2.96667 0.966667 2.0782e-05
3.03333 0.966667 1.98344e-05
3.1 0.966667 1.6705e-05
3.16667 0.966667 8.55952e-06
3.23333 0.966667 6.50643e-06
3.3 0.966667 2.85798e-05
3.36667 0.966667 5.23944e-05
3.43333 0.966667 6.6377e-05
3.5 0.966667 6.00496e-05
3.56667 0.966667 3.48539e-05
3.63333 0.966667 4.06679e-06
3.7 0.966667 1.95036e-05
3.76667 0.966667 3.17978e-05
3.83333 0.966667 3.5356e-05
3.9 0.966667 3.39204e-05
3.96667 0.966667 3.01478e-05
4.03333 0.966667 2.55788e-05
4.1 0.966667 2.10221e-05
4.16667 0.966667 1.68667e-05
4.23333 0.966667 1.32742e-05
4.3 0.966667 1.02864e-05
4.36667 0.966667 7.88058e-06
4.43333 0.966667 5.99779e-06
4.5 0.966667 4.55787e-06
4.56667 0.966667 3.46955e-06
4.63333 0.966667 2.63953e-06
4.7 0.966667 1.98122e-06
4.76667 0.966667 1.42318e-06
4.83333 0.966667 9.18785e-07
4.9 0.966667 4.64397e-07
4.96667 0.966667 1.52314e-07
