0.0333333 0.0333333 6.37534e-06
0.1 0.0333333 1.56922e-05
0.166667 0.0333333 3.02962e-05
0.233333 0.0333333 4.26147e-05
0.3 0.0333333 4.77591e-05
0.366667 0.0333333 4.35688e-05
0.433333 0.0333333 3.13672e-05
0.5 0.0333333 1.52427e-05
0.566667 0.0333333 1.1438e-07
0.633333 0.0333333 1.14339e-05
0.7 0.0333333 1.75789e-05
0.766667 0.0333333 1.90662e-05
0.833333 0.0333333 1.72459e-05
0.9 0.0333333 1.3635e-05
0.966667 0.0333333 9.50815e-06
1.03333 0.0333333 5.70893e-06
1.1 0.0333333 2.42207e-06
1.16667 0.0333333 2.26662e-06
1.23333 0.0333333 1.69906e-06
1.3 0.0333333 2.08739e-06
1.36667 0.0333333 2.31773e-06
1.43333 0.0333333 2.18002e-06
1.5 0.0333333 1.79408e-06
1.56667 0.0333333 1.28565e-06
1.63333 0.0333333 7.46714e-07
1.7 0.0333333 2.87664e-07
1.76667 0.0333333 8.6861e-08
1.83333 0.0333333 5.53114e-08
1.9 0.0333333 7.46166e-08
1.96667 0.0333333 1.13579e-07
2.03333 0.0333333 1.50275e-07
2.1 0.0333333 1.78218e-07
2.16667 0.0333333 1.95292e-07
2.23333 0.0333333 1.97823e-07
2.3 0.0333333 1.90524e-07
2.36667 0.0333333 1.73203e-07
2.43333 0.0333333 1.48764e-07
2.5 0.0333333 1.14748e-07
2.56667 0.0333333 7.19756e-08
2.63333 0.0333333 2.04964e-08
2.7 0.0333333 4.03824e-08
2.76667 0.0333333 1.09099e-07
2.83333 0.0333333 1.76014e-07
2.9 0.0333333 2.39155e-07
2.96667 0.0333333 2.90013e-07
3.03333 0.0333333 3.20484e-07
3.1 0.0333333 3.25971e-07
3.16667 0.0333333 3.07145e-07
3.23333 0.0333333 2.70221e-07
3.3 0.0333333 2.23978e-07
3.36667 0.0333333 1.76734e-07
3.43333 0.0333333 1.34478e-07
3.5 0.0333333 9.99551e-08
3.56667 0.0333333 7.37239e-08
3.63333 0.0333333 5.47841e-08
3.7 0.0333333 4.12271e-08
3.76667 0.0333333 3.17614e-08
3.83333 0.0333333 2.51973e-08
3.9 0.0333333 2.06402e-08
3.96667 0.0333333 1.74506e-08
4.03333 0.0333333 1.5186e-08
4.1 0.0333333 1.35465e-08
4.16667 0.0333333 1.23315e-08
4.23333 0.0333333 1.14082e-08
4.3 0.0333333 1.0689e-08
4.36667 0.0333333 1.01167e-08
4.43333 0.0333333 9.65329e-09
4.5 0.0333333 9.27412e-09
4.56667 0.0333333 8.96282e-09
4.63333 0.0333333 8.70854e-09
4.7 0.0333333 8.50411e-09
4.76667 0.0333333 8.34473e-09
4.83333 0.0333333 8.22728e-09
4.9 0.0333333 8.14979e-09
4.96667 0.0333333 8.1113e-09
0.0333333 0.1 1.72681e-05
0.1 0.1 7.57486e-06
0.166667 0.1 8.89972e-06
0.233333 0.1 1.54432e-05
0.3 0.1 2.24431e-05
0.366667 0.1 2.57065e-05
0.433333 0.1 2.28679e-05
0.5 0.1 1.47348e-05
0.566667 0.1 4.45169e-06
0.633333 0.1 4.84939e-06
0.7 0.1 1.13201e-05
0.766667 0.1 1.44717e-05
0.833333 0.1 1.46757e-05
0.9 0.1 1.28135e-05
0.966667 0.1 9.89765e-06
1.03333 0.1 6.75549e-06
1.1 0.1 4.41994e-06
1.16667 0.1 2.74339e-06
1.23333 0.1 2.14789e-07
1.3 0.1 1.61826e-06
1.36667 0.1 2.39064e-06
1.43333 0.1 2.60405e-06
1.5 0.1 2.37303e-06
1.56667 0.1 1.83978e-06
1.63333 0.1 1.18308e-06
1.7 0.1 5.08786e-07
1.76667 0.1 2.47388e-07
1.83333 0.1 1.15253e-07
1.9 0.1 6.01045e-08
1.96667 0.1 5.12251e-08
2.03333 0.1 6.46219e-08
2.1 0.1 8.47838e-08
2.16667 0.1 1.03237e-07
2.23333 0.1 1.16357e-07
2.3 0.1 1.23161e-07
2.36667 0.1 1.23758e-07
2.43333 0.1 1.18507e-07
2.5 0.1 1.07624e-07
2.56667 0.1 9.10658e-08
2.63333 0.1 6.85773e-08
2.7 0.1 3.98974e-08
2.76667 0.1 3.45239e-09
2.83333 0.1 3.39134e-08
2.9 0.1 7.51019e-08
2.96667 0.1 1.1415e-07
3.03333 0.1 1.44981e-07
3.1 0.1 1.62215e-07
3.16667 0.1 1.64165e-07
3.23333 0.1 1.51845e-07
3.3 0.1 1.30268e-07
3.36667 0.1 1.0622e-07
3.43333 0.1 8.35498e-08
3.5 0.1 6.43911e-08
3.56667 0.1 4.97031e-08
3.63333 0.1 3.86932e-08
3.7 0.1 3.06749e-08
3.76667 0.1 2.49083e-08
3.83333 0.1 2.07742e-08
3.9 0.1 1.77964e-08
3.96667 0.1 1.56262e-08
4.03333 0.1 1.4017e-08
4.1 0.1 1.27977e-08
4.16667 0.1 1.1852e-08
4.23333 0.1 1.11012e-08
4.3 0.1 1.04926e-08
4.36667 0.1 9.99122e-09
4.43333 0.1 9.57347e-09
4.5 0.1 9.22369e-09
4.56667 0.1 8.93136e-09
4.63333 0.1 8.68937e-09
4.7 0.1 8.49294e-09
4.76667 0.1 8.33883e-09
4.83333 0.1 8.2249e-09
4.9 0.1 8.14989e-09
4.96667 0.1 8.11328e-09
0.0333333 0.166667 3.65843e-05
0.1 0.166667 1.02079e-05
0.166667 0.166667 3.26802e-06
0.233333 0.166667 6.69823e-06
0.3 0.166667 4.70829e-07
0.366667 0.166667 9.9832e-06
0.433333 0.166667 1.71911e-05
0.5 0.166667 1.67467e-05
0.566667 0.166667 1.02193e-05
0.633333 0.166667 1.7416e-06
0.7 0.166667 6.1795e-06
0.766667 0.166667 1.17854e-05
0.833333 0.166667 1.42688e-05
0.9 0.166667 1.39765e-05
0.966667 0.166667 1.18902e-05
1.03333 0.166667 8.99402e-06
1.1 0.166667 5.59451e-06
1.16667 0.166667 5.563e-07
1.23333 0.166667 1.43904e-06
1.3 0.166667 8.16644e-07
1.36667 0.166667 2.30703e-06
1.43333 0.166667 3.04598e-06
1.5 0.166667 3.05787e-06
1.56667 0.166667 2.47774e-06
1.63333 0.166667 1.52069e-06
1.7 0.166667 5.56481e-07
1.76667 0.166667 3.51466e-07
1.83333 0.166667 8.56222e-08
1.9 0.166667 4.79815e-08
1.96667 0.166667 2.97475e-08
2.03333 0.166667 1.38182e-07
2.1 0.166667 1.11001e-07
2.16667 0.166667 8.72012e-08
2.23333 0.166667 8.01485e-09
2.3 0.166667 1.61086e-08
2.36667 0.166667 3.53364e-08
2.43333 0.166667 5.0444e-08
2.5 0.166667 6.23737e-08
2.56667 0.166667 7.18764e-08
2.63333 0.166667 7.923e-08
2.7 0.166667 8.40248e-08
2.76667 0.166667 8.51195e-08
2.83333 0.166667 8.08763e-08
2.9 0.166667 6.9259e-08
2.96667 0.166667 4.89905e-08
3.03333 0.166667 2.15576e-08
3.1 0.166667 7.72883e-09
3.16667 0.166667 3.11178e-08
3.23333 0.166667 4.5778e-08
3.3 0.166667 5.07497e-08
3.36667 0.166667 4.85077e-08
3.43333 0.166667 4.318e-08
3.5 0.166667 3.71806e-08
3.56667 0.166667 3.1623e-08
3.63333 0.166667 2.6888e-08
3.7 0.166667 2.30412e-08
3.76667 0.166667 2.00003e-08
3.83333 0.166667 1.76283e-08
3.9 0.166667 1.57823e-08
3.96667 0.166667 1.43368e-08
4.03333 0.166667 1.31908e-08
4.1 0.166667 1.22679e-08
4.16667 0.166667 1.15119e-08
4.23333 0.166667 1.08829e-08
4.3 0.166667 1.03526e-08
4.36667 0.166667 9.90161e-09
4.43333 0.166667 9.51645e-09
4.5 0.166667 9.1878e-09
4.56667 0.166667 8.90923e-09
4.63333 0.166667 8.67625e-09
4.7 0.166667 8.48576e-09
4.76667 0.166667 8.33564e-09
4.83333 0.166667 8.2245e-09
4.9 0.166667 8.15153e-09
4.96667 0.166667 8.1165e-09
0.0333333 0.233333 5.68582e-05
0.1 0.233333 1.89144e-05
0.166667 0.233333 7.38817e-06
0.233333 0.233333 2.02599e-05
0.3 0.233333 2.86441e-05
0.366667 0.233333 1.24054e-05
0.433333 0.233333 9.18975e-06
0.5 0.233333 1.88712e-05
0.566667 0.233333 1.81743e-05
0.633333 0.233333 1.05424e-05
0.7 0.233333 3.57591e-07
0.766667 0.233333 1.00703e-05
0.833333 0.233333 1.58208e-05
0.9 0.233333 1.72599e-05
0.966667 0.233333 1.57091e-05
1.03333 0.233333 1.26784e-05
1.1 0.233333 8.9637e-06
1.16667 0.233333 5.78406e-06
1.23333 0.233333 2.89176e-06
1.3 0.233333 3.67423e-07
1.36667 0.233333 2.07177e-06
1.43333 0.233333 3.63737e-06
1.5 0.233333 4.08542e-06
1.56667 0.233333 3.46241e-06
1.63333 0.233333 2.09515e-06
1.7 0.233333 6.86917e-08
1.76667 0.233333 6.96867e-07
1.83333 0.233333 6.42651e-07
1.9 0.233333 6.03978e-07
1.96667 0.233333 4.12176e-07
2.03333 0.233333 4.2388e-07
2.1 0.233333 3.7946e-07
2.16667 0.233333 3.21841e-07
2.23333 0.233333 2.00568e-07
2.3 0.233333 1.37951e-07
2.36667 0.233333 8.99713e-08
2.43333 0.233333 3.63724e-08
2.5 0.233333 1.90321e-08
2.56667 0.233333 1.32457e-08
2.63333 0.233333 4.73922e-08
2.7 0.233333 8.37504e-08
2.76667 0.233333 8.40767e-08
2.83333 0.233333 1.20604e-07
2.9 0.233333 1.47995e-07
2.96667 0.233333 1.62736e-07
3.03333 0.233333 1.56132e-07
3.1 0.233333 1.26466e-07
3.16667 0.233333 9.18078e-08
3.23333 0.233333 5.59606e-08
3.3 0.233333 1.84137e-08
3.36667 0.233333 3.71706e-09
3.43333 0.233333 1.4982e-08
3.5 0.233333 1.97945e-08
3.56667 0.233333 2.0972e-08
3.63333 0.233333 2.03654e-08
3.7 0.233333 1.90339e-08
3.76667 0.233333 1.75253e-08
3.83333 0.233333 1.60897e-08
3.9 0.233333 1.48188e-08
3.96667 0.233333 1.3729e-08
4.03333 0.233333 1.28047e-08
4.1 0.233333 1.2021e-08
4.16667 0.233333 1.13532e-08
4.23333 0.233333 1.07804e-08
4.3 0.233333 1.02864e-08
4.36667 0.233333 9.85894e-09
4.43333 0.233333 9.48913e-09
4.5 0.233333 9.17058e-09
4.56667 0.233333 8.89871e-09
4.63333 0.233333 8.67023e-09
4.7 0.233333 8.48282e-09
4.76667 0.233333 8.33489e-09
4.83333 0.233333 8.22538e-09
4.9 0.233333 8.15376e-09
4.96667 0.233333 8.11993e-09
0.0333333 0.3 7.16609e-05
0.1 0.3 2.975e-05
0.166667 0.3 1.78051e-06
0.233333 0.3 2.7959e-05
0.3 0.3 2.27778e-05
0.366667 0.3 7.36599e-05
0.433333 0.3 1.77577e-05
0.5 0.3 1.96068e-05
0.566667 0.3 3.08584e-05
0.633333 0.3 2.45116e-05
0.7 0.3 9.02444e-06
0.766667 0.3 7.60649e-06
0.833333 0.3 1.90983e-05
0.9 0.3 2.28788e-05
0.966667 0.3 2.12652e-05
1.03333 0.3 1.80021e-05
1.1 0.3 1.4374e-05
1.16667 0.3 1.05234e-05
1.23333 0.3 6.56709e-06
1.3 0.3 2.49779e-06
1.36667 0.3 1.34142e-06
1.43333 0.3 4.29131e-06
1.5 0.3 5.62974e-06
1.56667 0.3 5.1415e-06
1.63333 0.3 3.27473e-06
1.7 0.3 1.12821e-06
1.76667 0.3 3.26266e-07
1.83333 0.3 8.92824e-07
1.9 0.3 9.94992e-07
1.96667 0.3 9.23507e-07
2.03333 0.3 7.98618e-07
2.1 0.3 6.83152e-07
2.16667 0.3 5.57713e-07
2.23333 0.3 4.4008e-07
2.3 0.3 3.36606e-07
2.36667 0.3 2.50984e-07
2.43333 0.3 1.65671e-07
2.5 0.3 1.04318e-07
2.56667 0.3 8.38475e-08
2.63333 0.3 3.02492e-08
2.7 0.3 2.9562e-08
2.76667 0.3 2.10917e-08
2.83333 0.3 1.2277e-07
2.9 0.3 2.21299e-07
2.96667 0.3 3.34159e-07
3.03333 0.3 4.04628e-07
3.1 0.3 3.82107e-07
3.16667 0.3 2.55957e-07
3.23333 0.3 1.34462e-07
3.3 0.3 6.03925e-08
3.36667 0.3 2.99516e-08
3.43333 0.3 1.69607e-09
3.5 0.3 1.17259e-08
3.56667 0.3 1.71557e-08
3.63333 0.3 1.86049e-08
3.7 0.3 1.82485e-08
3.76667 0.3 1.71911e-08
3.83333 0.3 1.59569e-08
3.9 0.3 1.47715e-08
3.96667 0.3 1.37149e-08
4.03333 0.3 1.28018e-08
4.1 0.3 1.20207e-08
4.16667 0.3 1.13527e-08
4.23333 0.3 1.07793e-08
4.3 0.3 1.02848e-08
4.36667 0.3 9.8573e-09
4.43333 0.3 9.48769e-09
4.5 0.3 9.16951e-09
4.56667 0.3 8.89808e-09
4.63333 0.3 8.67008e-09
4.7 0.3 8.48317e-09
4.76667 0.3 8.33576e-09
4.83333 0.3 8.22684e-09
4.9 0.3 8.1559e-09
4.96667 0.3 8.12288e-09
0.0333333 0.366667 7.5749e-05
0.1 0.366667 3.67605e-05
0.166667 0.366667 8.13332e-06
0.233333 0.366667 1.65951e-05
0.3 0.366667 4.12226e-05
0.366667 0.366667 7.18243e-05
0.433333 0.366667 3.96135e-05
0.5 0.366667 2.86404e-05
0.566667 0.366667 4.83413e-05
0.633333 0.366667 5.29753e-05
0.7 0.366667 3.87542e-05
0.766667 0.366667 1.3755e-05
0.833333 0.366667 9.8569e-06
0.9 0.366667 3.08856e-05
0.966667 0.366667 2.75099e-05
1.03333 0.366667 2.42839e-05
1.1 0.366667 2.04998e-05
1.16667 0.366667 1.62535e-05
1.23333 0.366667 1.15046e-05
1.3 0.366667 6.22391e-06
1.36667 0.366667 5.69207e-07
1.43333 0.366667 4.57476e-06
1.5 0.366667 7.75501e-06
1.56667 0.366667 7.89317e-06
1.63333 0.366667 5.51731e-06
1.7 0.366667 2.39892e-06
1.76667 0.366667 7.85646e-08
1.83333 0.366667 1.0549e-06
1.9 0.366667 1.36909e-06
1.96667 0.366667 1.3187e-06
2.03333 0.366667 1.15255e-06
2.1 0.366667 9.69559e-07
2.16667 0.366667 7.99968e-07
2.23333 0.366667 6.498e-07
2.3 0.366667 5.21799e-07
2.36667 0.366667 4.11862e-07
2.43333 0.366667 3.1655e-07
2.5 0.366667 2.18769e-07
2.56667 0.366667 1.81868e-07
2.63333 0.366667 1.06242e-07
2.7 0.366667 6.30431e-08
2.76667 0.366667 1.98886e-08
2.83333 0.366667 3.76283e-09
2.9 0.366667 1.90975e-07
2.96667 0.366667 3.99704e-07
3.03333 0.366667 6.83784e-07
3.1 0.366667 7.81268e-07
3.16667 0.366667 5.90276e-07
3.23333 0.366667 3.10862e-07
3.3 0.366667 1.15277e-07
3.36667 0.366667 3.74435e-08
3.43333 0.366667 1.08892e-08
3.5 0.366667 9.19154e-09
3.56667 0.366667 1.70939e-08
3.63333 0.366667 1.93085e-08
3.7 0.366667 1.90577e-08
3.76667 0.366667 1.7883e-08
3.83333 0.366667 1.64833e-08
3.9 0.366667 1.51475e-08
3.96667 0.366667 1.3973e-08
4.03333 0.366667 1.2974e-08
4.1 0.366667 1.21332e-08
4.16667 0.366667 1.1425e-08
4.23333 0.366667 1.0825e-08
4.3 0.366667 1.03134e-08
4.36667 0.366667 9.87493e-09
4.43333 0.366667 9.4985e-09
4.5 0.366667 9.17612e-09
4.56667 0.366667 8.90216e-09
4.63333 0.366667 8.67269e-09
4.7 0.366667 8.48499e-09
4.76667 0.366667 8.33723e-09
4.83333 0.366667 8.22827e-09
4.9 0.366667 8.15757e-09
4.96667 0.366667 8.12503e-09
0.0333333 0.433333 6.8147e-05
0.1 0.433333 3.61056e-05
0.166667 0.433333 1.39274e-05
0.233333 0.433333 1.86811e-06
0.3 0.433333 2.15418e-05
0.366667 0.433333 4.6693e-05
0.433333 0.433333 7.26559e-07
0.5 0.433333 4.1291e-05
0.566667 0.433333 6.27414e-05
0.633333 0.433333 8.38115e-05
0.7 0.433333 7.88297e-05
0.766667 0.433333 4.78053e-05
0.833333 0.433333 9.63094e-06
0.9 0.433333 3.63175e-05
0.966667 0.433333 3.3549e-05
1.03333 0.433333 3.02041e-05
1.1 0.433333 2.63804e-05
1.16667 0.433333 2.20768e-05
1.23333 0.433333 1.71589e-05
1.3 0.433333 1.14468e-05
1.36667 0.433333 4.74836e-06
1.43333 0.433333 3.33598e-06
1.5 0.433333 1.01004e-05
1.56667 0.433333 1.22295e-05
1.63333 0.433333 9.05056e-06
1.7 0.433333 4.0397e-06
1.76667 0.433333 4.13006e-07
1.83333 0.433333 1.1921e-06
1.9 0.433333 1.62232e-06
1.96667 0.433333 1.57083e-06
2.03333 0.433333 1.38747e-06
2.1 0.433333 1.17857e-06
2.16667 0.433333 9.79382e-07
2.23333 0.433333 8.05466e-07
2.3 0.433333 6.58672e-07
2.36667 0.433333 5.35127e-07
2.43333 0.433333 4.27824e-07
2.5 0.433333 3.37274e-07
2.56667 0.433333 2.50974e-07
2.63333 0.433333 1.4829e-07
2.7 0.433333 1.52265e-07
2.76667 0.433333 7.79831e-08
2.83333 0.433333 1.72829e-07
2.9 0.433333 7.95073e-08
2.96667 0.433333 3.18821e-07
3.03333 0.433333 5.80441e-07
3.1 0.433333 1.50762e-06
3.16667 0.433333 1.29197e-06
3.23333 0.433333 5.30144e-07
3.3 0.433333 1.8577e-07
3.36667 0.433333 4.09536e-08
3.43333 0.433333 1.6149e-08
3.5 0.433333 8.54103e-09
3.56667 0.433333 1.7856e-08
3.63333 0.433333 2.03347e-08
3.7 0.433333 1.99688e-08
3.76667 0.433333 1.85883e-08
3.83333 0.433333 1.69936e-08
3.9 0.433333 1.55019e-08
3.96667 0.433333 1.42125e-08
4.03333 0.433333 1.31326e-08
4.1 0.433333 1.22366e-08
4.16667 0.433333 1.14915e-08
4.23333 0.433333 1.08673e-08
4.3 0.433333 1.034e-08
4.36667 0.433333 9.89155e-09
4.43333 0.433333 9.50878e-09
4.5 0.433333 9.18244e-09
4.56667 0.433333 8.90605e-09
4.63333 0.433333 8.67511e-09
4.7 0.433333 8.48655e-09
4.76667 0.433333 8.33835e-09
4.83333 0.433333 8.22923e-09
4.9 0.433333 8.15856e-09
4.96667 0.433333 8.12626e-09
0.0333333 0.5 5.26312e-05
0.1 0.5 2.90478e-05
0.166667 0.5 1.30867e-05
0.233333 0.5 1.9191e-06
0.3 0.5 5.72083e-06
0.366667 0.5 3.98502e-06
0.433333 0.5 2.55796e-05
0.5 0.5 4.75977e-05
0.566667 0.5 6.41605e-05
0.633333 0.5 8.66729e-05
0.7 0.5 8.30794e-05
0.766667 0.5 5.0458e-05
0.833333 0.5 9.08793e-06
0.9 0.5 4.05528e-05
0.966667 0.5 3.78825e-05
1.03333 0.5 3.43537e-05
1.1 0.5 3.06314e-05
1.16667 0.5 2.65737e-05
1.23333 0.5 2.20077e-05
1.3 0.5 1.67597e-05
1.36667 0.5 1.06496e-05
1.43333 0.5 3.4456e-06
1.5 0.5 1.11515e-05
1.56667 0.5 1.87749e-05
1.63333 0.5 1.47694e-05
1.7 0.5 5.79281e-06
1.76667 0.5 4.92842e-07
1.83333 0.5 1.35249e-06
1.9 0.5 1.61381e-06
1.96667 0.5 1.59743e-06
2.03333 0.5 1.47796e-06
2.1 0.5 1.27692e-06
2.16667 0.5 1.06892e-06
2.23333 0.5 8.83299e-07
2.3 0.5 7.26585e-07
2.36667 0.5 5.95459e-07
2.43333 0.5 4.84004e-07
2.5 0.5 3.85184e-07
2.56667 0.5 2.90648e-07
2.63333 0.5 1.9703e-07
2.7 0.5 1.67262e-07
2.76667 0.5 1.26239e-07
2.83333 0.5 2.35108e-07
2.9 0.5 3.67345e-09
2.96667 0.5 2.3689e-07
3.03333 0.5 3.76543e-07
3.1 0.5 1.74682e-06
3.16667 0.5 1.90021e-06
3.23333 0.5 6.3064e-07
3.3 0.5 2.11262e-07
3.36667 0.5 4.3048e-08
3.43333 0.5 1.75747e-08
3.5 0.5 8.70333e-09
3.56667 0.5 1.84114e-08
3.63333 0.5 2.08927e-08
3.7 0.5 2.04205e-08
3.76667 0.5 1.89224e-08
3.83333 0.5 1.72288e-08
3.9 0.5 1.56625e-08
3.96667 0.5 1.43197e-08
4.03333 0.5 1.3203e-08
4.1 0.5 1.22821e-08
4.16667 0.5 1.15205e-08
4.23333 0.5 1.08856e-08
4.3 0.5 1.03514e-08
4.36667 0.5 9.89858e-09
4.43333 0.5 9.51305e-09
4.5 0.5 9.18498e-09
4.56667 0.5 8.90753e-09
4.63333 0.5 8.67595e-09
4.7 0.5 8.48703e-09
4.76667 0.5 8.33862e-09
4.83333 0.5 8.22942e-09
4.9 0.5 8.15875e-09
4.96667 0.5 8.12653e-09
0.0333333 0.566667 3.47731e-05
0.1 0.566667 1.93348e-05
0.166667 0.566667 8.81644e-06
0.233333 0.566667 3.60641e-06
0.3 0.566667 6.05255e-06
0.366667 0.566667 1.61171e-05
0.433333 0.566667 3.00769e-05
0.5 0.566667 4.26236e-05
0.566667 0.566667 5.18951e-05
0.633333 0.566667 6.89543e-05
0.7 0.566667 6.46683e-05
0.766667 0.566667 3.62661e-05
0.833333 0.566667 1.54977e-06
0.9 0.566667 4.31349e-05
0.966667 0.566667 3.90354e-05
1.03333 0.566667 3.53667e-05
1.1 0.566667 3.17513e-05
1.16667 0.566667 2.79254e-05
1.23333 0.566667 2.36938e-05
1.3 0.566667 1.8951e-05
1.36667 0.566667 1.38096e-05
1.43333 0.566667 8.77324e-06
1.5 0.566667 1.06663e-05
1.56667 0.566667 3.2775e-05
1.63333 0.566667 2.6315e-05
1.7 0.566667 7.01644e-06
1.76667 0.566667 9.78065e-07
1.83333 0.566667 8.77839e-07
1.9 0.566667 9.58522e-07
1.96667 0.566667 1.43177e-06
2.03333 0.566667 1.41427e-06
2.1 0.566667 1.24415e-06
2.16667 0.566667 1.04528e-06
2.23333 0.566667 8.61709e-07
2.3 0.566667 7.04935e-07
2.36667 0.566667 5.74003e-07
2.43333 0.566667 4.62522e-07
2.5 0.566667 3.62427e-07
2.56667 0.566667 2.71385e-07
2.63333 0.566667 1.83078e-07
2.7 0.566667 1.42666e-07
2.76667 0.566667 9.30085e-08
2.83333 0.566667 1.84948e-07
2.9 0.566667 5.10774e-08
2.96667 0.566667 2.89173e-07
3.03333 0.566667 5.3941e-07
3.1 0.566667 1.47637e-06
3.16667 0.566667 1.28494e-06
3.23333 0.566667 5.31127e-07
3.3 0.566667 1.86665e-07
3.36667 0.566667 4.1672e-08
3.43333 0.566667 1.6501e-08
3.5 0.566667 8.3436e-09
3.56667 0.566667 1.77435e-08
3.63333 0.566667 2.02689e-08
3.7 0.566667 1.9929e-08
3.76667 0.566667 1.85632e-08
3.83333 0.566667 1.6977e-08
3.9 0.566667 1.54906e-08
3.96667 0.566667 1.42044e-08
4.03333 0.566667 1.31267e-08
4.1 0.566667 1.22321e-08
4.16667 0.566667 1.1488e-08
4.23333 0.566667 1.08646e-08
4.3 0.566667 1.03379e-08
4.36667 0.566667 9.88985e-09
4.43333 0.566667 9.50742e-09
4.5 0.566667 9.18134e-09
4.56667 0.566667 8.90515e-09
4.63333 0.566667 8.67437e-09
4.7 0.566667 8.48593e-09
4.76667 0.566667 8.33782e-09
4.83333 0.566667 8.22876e-09
4.9 0.566667 8.15814e-09
4.96667 0.566667 8.12585e-09
0.0333333 0.633333 1.93247e-05
0.1 0.633333 1.08394e-05
0.166667 0.633333 5.50543e-06
0.233333 0.633333 4.9016e-06
0.3 0.633333 9.27825e-06
0.366667 0.633333 1.71226e-05
0.433333 0.633333 2.53879e-05
0.5 0.633333 3.1088e-05
0.566667 0.633333 3.20119e-05
0.633333 0.633333 2.98874e-05
0.7 0.633333 1.56269e-05
0.766667 0.633333 5.66641e-06
0.833333 0.633333 2.41652e-05
0.9 0.633333 4.19322e-05
0.966667 0.633333 3.64021e-05
1.03333 0.633333 3.27712e-05
1.1 0.633333 2.91902e-05
1.16667 0.633333 2.53539e-05
1.23333 0.633333 2.10143e-05
1.3 0.633333 1.59892e-05
1.36667 0.633333 1.01756e-05
1.43333 0.633333 3.84416e-06
1.5 0.633333 4.41339e-06
1.56667 0.633333 4.12804e-05
1.63333 0.633333 3.34098e-05
1.7 0.633333 6.96574e-06
1.76667 0.633333 2.60705e-06
1.83333 0.633333 7.62978e-07
1.9 0.633333 5.42081e-07
1.96667 0.633333 1.21636e-06
2.03333 0.633333 1.24242e-06
2.1 0.633333 1.0991e-06
2.16667 0.633333 9.18721e-07
2.23333 0.633333 7.48039e-07
2.3 0.633333 6.00592e-07
2.36667 0.633333 4.76172e-07
2.43333 0.633333 3.74e-07
2.5 0.633333 2.81663e-07
2.56667 0.633333 1.86136e-07
2.63333 0.633333 1.27079e-07
2.7 0.633333 8.74794e-08
2.76667 0.633333 7.4485e-09
2.83333 0.633333 6.57044e-08
2.9 0.633333 1.50768e-07
2.96667 0.633333 3.66666e-07
3.03333 0.633333 6.60269e-07
3.1 0.633333 7.696e-07
3.16667 0.633333 5.87568e-07
3.23333 0.633333 3.12002e-07
3.3 0.633333 1.16503e-07
3.36667 0.633333 3.81954e-08
3.43333 0.633333 1.14656e-08
3.5 0.633333 8.86101e-09
3.56667 0.633333 1.69019e-08
3.63333 0.633333 1.91941e-08
3.7 0.633333 1.89871e-08
3.76667 0.633333 1.78376e-08
3.83333 0.633333 1.64529e-08
3.9 0.633333 1.51263e-08
3.96667 0.633333 1.39577e-08
4.03333 0.633333 1.29626e-08
4.1 0.633333 1.21245e-08
4.16667 0.633333 1.14182e-08
4.23333 0.633333 1.08197e-08
4.3 0.633333 1.03092e-08
4.36667 0.633333 9.87161e-09
4.43333 0.633333 9.49583e-09
4.5 0.633333 9.17396e-09
4.56667 0.633333 8.9004e-09
4.63333 0.633333 8.67124e-09
4.7 0.633333 8.48378e-09
4.76667 0.633333 8.33619e-09
4.83333 0.633333 8.22736e-09
4.9 0.633333 8.15674e-09
4.96667 0.633333 8.12424e-09
0.0333333 0.7 8.40254e-06
0.1 0.7 4.97785e-06
0.166667 0.7 3.44679e-06
0.233333 0.7 4.93395e-06
0.3 0.7 8.9936e-06
0.366667 0.7 1.40174e-05
0.433333 0.7 1.78701e-05
0.5 0.7 1.85277e-05
0.566667 0.7 1.42393e-05
0.633333 0.7 4.05788e-06
0.7 0.7 1.02993e-05
0.766667 0.7 2.38133e-05
0.833333 0.7 3.20676e-05
0.9 0.7 3.34902e-05
0.966667 0.7 3.06596e-05
1.03333 0.7 2.70597e-05
1.1 0.7 2.34037e-05
1.16667 0.7 1.93593e-05
1.23333 0.7 1.46637e-05
1.3 0.7 9.01303e-06
1.36667 0.7 2.01076e-06
1.43333 0.7 7.32465e-06
1.5 0.7 2.22352e-05
1.56667 0.7 3.22405e-05
1.63333 0.7 2.07432e-05
1.7 0.7 6.21302e-06
1.76667 0.7 8.20994e-07
1.83333 0.7 7.76804e-07
1.9 0.7 7.59099e-07
1.96667 0.7 9.91088e-07
2.03333 0.7 9.77818e-07
2.1 0.7 8.54789e-07
2.16667 0.7 7.01734e-07
2.23333 0.7 5.53404e-07
2.3 0.7 4.26173e-07
2.36667 0.7 3.18286e-07
2.43333 0.7 2.19712e-07
2.5 0.7 1.72568e-07
2.56667 0.7 8.83891e-08
2.63333 0.7 5.77623e-08
2.7 0.7 5.75324e-09
2.76667 0.7 5.96387e-08
2.83333 0.7 7.30085e-08
2.9 0.7 1.89728e-07
2.96667 0.7 3.13953e-07
3.03333 0.7 3.93145e-07
3.1 0.7 3.77757e-07
3.16667 0.7 2.55751e-07
3.23333 0.7 1.34878e-07
3.3 0.7 6.18306e-08
3.36667 0.7 3.09803e-08
3.43333 0.7 2.31672e-09
3.5 0.7 1.13573e-08
3.56667 0.7 1.69345e-08
3.63333 0.7 1.84688e-08
3.7 0.7 1.81618e-08
3.76667 0.7 1.71336e-08
3.83333 0.7 1.59172e-08
3.9 0.7 1.47431e-08
3.96667 0.7 1.36939e-08
4.03333 0.7 1.27859e-08
4.1 0.7 1.20085e-08
4.16667 0.7 1.13432e-08
4.23333 0.7 1.07718e-08
4.3 0.7 1.02789e-08
4.36667 0.7 9.85252e-09
4.43333 0.7 9.48385e-09
4.5 0.7 9.1664e-09
4.56667 0.7 8.89555e-09
4.63333 0.7 8.66799e-09
4.7 0.7 8.48143e-09
4.76667 0.7 8.33427e-09
4.83333 0.7 8.22552e-09
4.9 0.7 8.15469e-09
4.96667 0.7 8.12174e-09
0.0333333 0.766667 2.07828e-06
0.1 0.766667 1.67334e-06
0.166667 0.766667 2.18876e-06
0.233333 0.766667 4.11575e-06
0.3 0.766667 6.82257e-06
0.366667 0.766667 9.11132e-06
0.433333 0.766667 9.66774e-06
0.5 0.766667 7.42133e-06
0.566667 0.766667 1.92087e-06
0.633333 0.766667 6.19715e-06
0.7 0.766667 1.50289e-05
0.766667 0.766667 2.20777e-05
0.833333 0.766667 2.55901e-05
0.9 0.766667 2.55496e-05
0.966667 0.766667 2.31886e-05
1.03333 0.766667 1.98155e-05
1.1 0.766667 1.60665e-05
1.16667 0.766667 1.19545e-05
1.23333 0.766667 7.29228e-06
1.3 0.766667 1.86557e-06
1.36667 0.766667 4.53486e-06
1.43333 0.766667 1.18643e-05
1.5 0.766667 1.77258e-05
1.56667 0.766667 1.7516e-05
1.63333 0.766667 1.13926e-05
1.7 0.766667 4.18855e-06
1.76667 0.766667 1.18519e-07
1.83333 0.766667 1.03382e-06
1.9 0.766667 8.35086e-07
1.96667 0.766667 7.09804e-07
2.03333 0.766667 6.60262e-07
2.1 0.766667 5.56374e-07
2.16667 0.766667 4.3498e-07
2.23333 0.766667 3.21986e-07
2.3 0.766667 2.05798e-07
2.36667 0.766667 1.39873e-07
2.43333 0.766667 6.95026e-08
2.5 0.766667 4.66805e-08
2.56667 0.766667 9.5573e-09
2.63333 0.766667 2.83414e-08
2.7 0.766667 6.79748e-08
2.76667 0.766667 7.85192e-08
2.83333 0.766667 1.11322e-07
2.9 0.766667 1.35474e-07
2.96667 0.766667 1.54628e-07
3.03333 0.766667 1.51753e-07
3.1 0.766667 1.25217e-07
3.16667 0.766667 9.35493e-08
3.23333 0.766667 5.76007e-08
3.3 0.766667 1.96986e-08
3.36667 0.766667 2.85068e-09
3.43333 0.766667 1.44375e-08
3.5 0.766667 1.94575e-08
3.56667 0.766667 2.0761e-08
3.63333 0.766667 2.02297e-08
3.7 0.766667 1.89435e-08
3.76667 0.766667 1.74628e-08
3.83333 0.766667 1.60449e-08
3.9 0.766667 1.47858e-08
3.96667 0.766667 1.3704e-08
4.03333 0.766667 1.27855e-08
4.1 0.766667 1.2006e-08
4.16667 0.766667 1.13414e-08
4.23333 0.766667 1.07711e-08
4.3 0.766667 1.02789e-08
4.36667 0.766667 9.85293e-09
4.43333 0.766667 9.48429e-09
4.5 0.766667 9.16666e-09
4.56667 0.766667 8.89551e-09
4.63333 0.766667 8.66759e-09
4.7 0.766667 8.48061e-09
4.76667 0.766667 8.333e-09
4.83333 0.766667 8.22372e-09
4.9 0.766667 8.15224e-09
4.96667 0.766667 8.11848e-09
0.0333333 0.833333 7.13214e-07
0.1 0.833333 7.65093e-08
0.166667 0.833333 1.01929e-06
0.233333 0.833333 2.14804e-06
0.3 0.833333 2.96152e-06
0.366667 0.833333 2.79264e-06
0.433333 0.833333 1.07766e-06
0.5 0.833333 2.41136e-06
0.566667 0.833333 7.3646e-06
0.633333 0.833333 1.28638e-05
0.7 0.833333 1.76029e-05
0.766667 0.833333 2.04229e-05
0.833333 0.833333 2.08494e-05
0.9 0.833333 1.92095e-05
0.966667 0.833333 1.62747e-05
1.03333 0.833333 1.27584e-05
1.1 0.833333 9.04993e-06
1.16667 0.833333 5.24907e-06
1.23333 0.833333 1.32529e-06
1.3 0.833333 2.73016e-06
1.36667 0.833333 6.72878e-06
1.43333 0.833333 9.94771e-06
1.5 0.833333 1.11158e-05
1.56667 0.833333 9.48855e-06
1.63333 0.833333 5.82803e-06
1.7 0.833333 1.91925e-06
1.76667 0.833333 1.12038e-06
1.83333 0.833333 7.9533e-07
1.9 0.833333 3.55313e-07
1.96667 0.833333 3.88321e-07
2.03333 0.833333 3.53099e-07
2.1 0.833333 3.03124e-07
2.16667 0.833333 1.447e-07
2.23333 0.833333 8.36009e-08
2.3 0.833333 1.31188e-08
2.36667 0.833333 1.59056e-08
2.43333 0.833333 3.69139e-08
2.5 0.833333 5.24705e-08
2.56667 0.833333 6.43673e-08
2.63333 0.833333 7.35216e-08
2.7 0.833333 7.98906e-08
2.76667 0.833333 8.24934e-08
2.83333 0.833333 7.96789e-08
2.9 0.833333 6.93367e-08
2.96667 0.833333 5.01215e-08
3.03333 0.833333 2.33902e-08
3.1 0.833333 5.65228e-09
3.16667 0.833333 2.99542e-08
3.23333 0.833333 4.47159e-08
3.3 0.833333 4.96471e-08
3.36667 0.833333 4.77729e-08
3.43333 0.833333 4.27088e-08
3.5 0.833333 3.68801e-08
3.56667 0.833333 3.1428e-08
3.63333 0.833333 2.67576e-08
3.7 0.833333 2.29509e-08
3.76667 0.833333 1.99356e-08
3.83333 0.833333 1.75805e-08
3.9 0.833333 1.57461e-08
3.96667 0.833333 1.43089e-08
4.03333 0.833333 1.31691e-08
4.1 0.833333 1.22508e-08
4.16667 0.833333 1.14984e-08
4.23333 0.833333 1.0872e-08
4.3 0.833333 1.03439e-08
4.36667 0.833333 9.89464e-09
4.43333 0.833333 9.51083e-09
4.5 0.833333 9.18325e-09
4.56667 0.833333 8.9055e-09
4.63333 0.833333 8.67317e-09
4.7 0.833333 8.48319e-09
4.76667 0.833333 8.33344e-09
4.83333 0.833333 8.22256e-09
4.9 0.833333 8.14976e-09
4.96667 0.833333 8.11481e-09
0.0333333 0.9 1.38509e-06
0.1 0.9 8.21929e-07
0.166667 0.9 7.22996e-07
0.233333 0.9 1.17696e-06
0.3 0.9 2.45806e-06
0.366667 0.9 4.76195e-06
0.433333 0.9 8.05866e-06
0.5 0.9 1.201e-05
0.566667 0.9 1.59682e-05
0.633333 0.9 1.91046e-05
0.7 0.9 2.06756e-05
0.766667 0.9 2.03172e-05
0.833333 0.9 1.81844e-05
0.9 0.9 1.48357e-05
0.966667 0.9 1.09469e-05
1.03333 0.9 7.05411e-06
1.1 0.9 3.45751e-06
1.16667 0.9 2.73906e-07
1.23333 0.9 2.45204e-06
1.3 0.9 4.6441e-06
1.36667 0.9 6.12e-06
1.43333 0.9 6.60673e-06
1.5 0.9 5.92328e-06
1.56667 0.9 4.22555e-06
1.63333 0.9 2.05069e-06
1.7 0.9 2.99518e-08
1.76667 0.9 1.67385e-06
1.83333 0.9 2.32394e-07
1.9 0.9 8.48813e-09
1.96667 0.9 1.40617e-07
2.03333 0.9 1.41962e-07
2.1 0.9 3.57063e-08
2.16667 0.9 8.61922e-08
2.23333 0.9 1.1452e-07
2.3 0.9 1.28997e-07
2.36667 0.9 1.32964e-07
2.43333 0.9 1.28774e-07
2.5 0.9 1.17812e-07
2.56667 0.9 1.00682e-07
2.63333 0.9 7.74751e-08
2.7 0.9 4.80895e-08
2.76667 0.9 1.08692e-08
2.83333 0.9 2.69709e-08
2.9 0.9 6.88531e-08
2.96667 0.9 1.08733e-07
3.03333 0.9 1.40524e-07
3.1 0.9 1.58804e-07
3.16667 0.9 1.61221e-07
3.23333 0.9 1.49639e-07
3.3 0.9 1.29119e-07
3.36667 0.9 1.05462e-07
3.43333 0.9 8.30659e-08
3.5 0.9 6.40846e-08
3.56667 0.9 4.95028e-08
3.63333 0.9 3.85581e-08
3.7 0.9 3.05805e-08
3.76667 0.9 2.484e-08
3.83333 0.9 2.07233e-08
3.9 0.9 1.77576e-08
3.96667 0.9 1.55962e-08
4.03333 0.9 1.39934e-08
4.1 0.9 1.27791e-08
4.16667 0.9 1.18371e-08
4.23333 0.9 1.10893e-08
4.3 0.9 1.04831e-08
4.36667 0.9 9.98359e-09
4.43333 0.9 9.56731e-09
4.5 0.9 9.21869e-09
4.56667 0.9 8.92727e-09
4.63333 0.9 8.686e-09
4.7 0.9 8.49012e-09
4.76667 0.9 8.33641e-09
4.83333 0.9 8.22278e-09
4.9 0.9 8.14795e-09
4.96667 0.9 8.11143e-09
0.0333333 0.966667 1.3343e-06
0.1 0.966667 1.94346e-06
0.166667 0.966667 3.37096e-06
0.233333 0.966667 5.7536e-06
0.3 0.966667 9.17314e-06
0.366667 0.966667 1.34468e-05
0.433333 0.966667 1.80878e-05
0.5 0.966667 2.2364e-05
0.566667 0.966667 2.54456e-05
0.633333 0.966667 2.66303e-05
0.7 0.966667 2.55827e-05
0.766667 0.966667 2.24718e-05
0.833333 0.966667 1.79145e-05
0.9 0.966667 1.27426e-05
0.966667 0.966667 7.7236e-06
1.03333 0.966667 3.37872e-06
1.1 0.966667 4.14092e-08
1.16667 0.966667 2.47081e-06
1.23333 0.966667 3.92183e-06
1.3 0.966667 4.42816e-06
1.36667 0.966667 4.06207e-06
1.43333 0.966667 2.99777e-06
1.5 0.966667 1.54474e-06
1.56667 0.966667 8.26692e-08
1.63333 0.966667 1.08282e-06
1.7 0.966667 1.83181e-06
1.76667 0.966667 2.05885e-06
1.83333 0.966667 9.04185e-07
1.9 0.966667 2.99552e-07
1.96667 0.966667 1.13381e-07
2.03333 0.966667 4.97713e-08
2.1 0.966667 1.58894e-07
2.16667 0.966667 2.09994e-07
2.23333 0.966667 2.26417e-07
2.3 0.966667 2.23785e-07
2.36667 0.966667 2.06945e-07
2.43333 0.966667 1.78677e-07
2.5 0.966667 1.42708e-07
2.56667 0.966667 9.68792e-08
2.63333 0.966667 4.23241e-08
2.7 0.966667 2.10563e-08
2.76667 0.966667 9.26644e-08
2.83333 0.966667 1.61916e-07
2.9 0.966667 2.27376e-07
2.96667 0.966667 2.80499e-07
3.03333 0.966667 3.13087e-07
3.1 0.966667 3.20443e-07
3.16667 0.966667 3.033e-07
3.23333 0.966667 2.67626e-07
3.3 0.966667 2.22239e-07
3.36667 0.966667 1.75652e-07
3.43333 0.966667 1.3382e-07
3.5 0.966667 9.95598e-08
3.56667 0.966667 7.34825e-08
3.63333 0.966667 5.46246e-08
3.7 0.966667 4.11189e-08
3.76667 0.966667 3.16852e-08
3.83333 0.966667 2.51417e-08
3.9 0.966667 2.05984e-08
3.96667 0.966667 1.74186e-08
4.03333 0.966667 1.51611e-08
4.1 0.966667 1.35269e-08
4.16667 0.966667 1.23159e-08
4.23333 0.966667 1.13958e-08
4.3 0.966667 1.06791e-08
4.36667 0.966667 1.01087e-08
4.43333 0.966667 9.64684e-09
4.5 0.966667 9.2689e-09
4.56667 0.966667 8.95855e-09
4.63333 0.966667 8.70502e-09
4.7 0.966667 8.50115e-09
4.76667 0.966667 8.3422e-09
4.83333 0.966667 8.22505e-09
4.9 0.966667 8.14776e-09
4.96667 0.966667 8.10936e-09
