0.0333333 0.0333333 9.91188e-06
0.1 0.0333333 2.23981e-05
0.166667 0.0333333 3.14085e-05
0.233333 0.0333333 3.4897e-05
0.3 0.0333333 4.71666e-05
0.366667 0.0333333 7.97439e-05
0.433333 0.0333333 0.000127442
0.5 0.0333333 0.000171496
0.566667 0.0333333 0.00019388
0.633333 0.0333333 0.000188611
0.7 0.0333333 0.00016199
0.766667 0.0333333 0.000125274
0.833333 0.0333333 8.77014e-05
0.9 0.0333333 5.40205e-05
0.966667 0.0333333 2.58113e-05
1.03333 0.0333333 3.33067e-06
1.1 0.0333333 1.32026e-05
1.16667 0.0333333 2.32945e-05
1.23333 0.0333333 2.6636e-05
1.3 0.0333333 2.34951e-05
1.36667 0.0333333 1.46349e-05
1.43333 0.0333333 9.28687e-07
1.5 0.0333333 1.69371e-05
1.56667 0.0333333 3.84505e-05
1.63333 0.0333333 6.30082e-05
1.7 0.0333333 8.95734e-05
1.76667 0.0333333 0.000116511
1.83333 0.0333333 0.000141571
1.9 0.0333333 0.000161769
1.96667 0.0333333 0.000174278
2.03333 0.0333333 0.000177197
2.1 0.0333333 0.000167714
2.16667 0.0333333 0.000142541
2.23333 0.0333333 0.000102171
2.3 0.0333333 5.27722e-05
2.36667 0.0333333 5.45409e-06
2.43333 0.0333333 2.75984e-05
2.5 0.0333333 4.00753e-05
2.56667 0.0333333 3.50897e-05
2.63333 0.0333333 2.16113e-05
2.7 0.0333333 7.82079e-06
2.76667 0.0333333 2.77334e-06
2.83333 0.0333333 1.06173e-05
2.9 0.0333333 1.70374e-05
2.96667 0.0333333 2.20366e-05
3.03333 0.0333333 2.41484e-05
3.1 0.0333333 2.17618e-05
3.16667 0.0333333 1.453e-05
3.23333 0.0333333 3.81699e-06
3.3 0.0333333 7.97921e-06
3.36667 0.0333333 1.85575e-05
3.43333 0.0333333 2.64961e-05
3.5 0.0333333 3.13883e-05
3.56667 0.0333333 3.35424e-05
3.63333 0.0333333 3.35898e-05
3.7 0.0333333 3.22017e-05
3.76667 0.0333333 2.99477e-05
3.83333 0.0333333 2.72538e-05
3.9 0.0333333 2.44119e-05
3.96667 0.0333333 2.16066e-05
4.03333 0.0333333 1.89454e-05
4.1 0.0333333 1.64833e-05
4.16667 0.0333333 1.42414e-05
4.23333 0.0333333 1.22204e-05
4.3 0.0333333 1.04089e-05
4.36667 0.0333333 8.78912e-06
4.43333 0.0333333 7.34064e-06
4.5 0.0333333 6.04221e-06
4.56667 0.0333333 4.87329e-06
4.63333 0.0333333 3.81536e-06
4.7 0.0333333 2.85376e-06
4.76667 0.0333333 1.98123e-06
4.83333 0.0333333 1.2054e-06
4.9 0.0333333 5.64915e-07
4.96667 0.0333333 1.7151e-07
0.0333333 0.1 2.08289e-05
0.1 0.1 1.39054e-05
0.166667 0.1 4.47932e-05
0.233333 0.1 6.84841e-05
0.3 0.1 7.64678e-05
0.366667 0.1 6.14194e-05
0.433333 0.1 2.41288e-05
0.5 0.1 2.36716e-05
0.566667 0.1 6.27612e-05
0.633333 0.1 7.95555e-05
0.7 0.1 7.51593e-05
0.766667 0.1 5.94496e-05
0.833333 0.1 4.09872e-05
0.9 0.1 2.4608e-05
0.966667 0.1 1.17605e-05
1.03333 0.1 2.11953e-06
1.1 0.1 4.93302e-06
1.16667 0.1 9.53706e-06
1.23333 0.1 1.13902e-05
1.3 0.1 1.01844e-05
1.36667 0.1 5.86874e-06
1.43333 0.1 1.43063e-06
1.5 0.1 1.15926e-05
1.56667 0.1 2.45121e-05
1.63333 0.1 3.98959e-05
1.7 0.1 5.70114e-05
1.76667 0.1 7.45353e-05
1.83333 0.1 9.05017e-05
1.9 0.1 0.000102402
1.96667 0.1 0.000108055
2.03333 0.1 0.00010547
2.1 0.1 9.19216e-05
2.16667 0.1 6.56861e-05
2.23333 0.1 2.76563e-05
2.3 0.1 1.72212e-05
2.36667 0.1 5.95337e-05
2.43333 0.1 8.81688e-05
2.5 0.1 9.6585e-05
2.56667 0.1 8.68223e-05
2.63333 0.1 6.8256e-05
2.7 0.1 5.0553e-05
2.76667 0.1 3.79334e-05
2.83333 0.1 2.96747e-05
2.9 0.1 2.30427e-05
2.96667 0.1 1.64523e-05
3.03333 0.1 1.00294e-05
3.1 0.1 5.09993e-06
3.16667 0.1 3.08348e-06
3.23333 0.1 4.47504e-06
3.3 0.1 8.53371e-06
3.36667 0.1 1.37575e-05
3.43333 0.1 1.86625e-05
3.5 0.1 2.23011e-05
3.56667 0.1 2.43457e-05
3.63333 0.1 2.4911e-05
3.7 0.1 2.4323e-05
3.76667 0.1 2.29498e-05
3.83333 0.1 2.11128e-05
3.9 0.1 1.90569e-05
3.96667 0.1 1.69512e-05
4.03333 0.1 1.49035e-05
4.1 0.1 1.2976e-05
4.16667 0.1 1.11997e-05
4.23333 0.1 9.58504e-06
4.3 0.1 8.12997e-06
4.36667 0.1 6.82526e-06
4.43333 0.1 5.65806e-06
4.5 0.1 4.61434e-06
4.56667 0.1 3.68068e-06
4.63333 0.1 2.84611e-06
4.7 0.1 2.10464e-06
4.76667 0.1 1.45976e-06
4.83333 0.1 9.3342e-07
4.9 0.1 5.84229e-07
4.96667 0.1 5.44381e-07
0.0333333 0.166667 2.05675e-05
0.1 0.166667 4.70608e-05
0.166667 0.166667 0.000106163
0.233333 0.166667 0.000138163
0.3 0.166667 0.000154727
0.366667 0.166667 0.000162806
0.433333 0.166667 0.00015019
0.5 0.166667 0.000105655
0.566667 0.166667 4.90935e-05
0.633333 0.166667 1.17861e-05
0.7 0.166667 3.62692e-06
0.766667 0.166667 5.68107e-06
0.833333 0.166667 2.49331e-06
0.9 0.166667 1.22069e-07
0.966667 0.166667 5.73754e-07
1.03333 0.166667 4.13498e-06
1.1 0.166667 8.14443e-06
1.16667 0.166667 1.03997e-05
1.23333 0.166667 1.04267e-05
1.3 0.166667 9.20263e-06
1.36667 0.166667 8.06924e-06
1.43333 0.166667 8.01769e-06
1.5 0.166667 9.60567e-06
1.56667 0.166667 1.30894e-05
1.63333 0.166667 1.84331e-05
1.7 0.166667 2.51826e-05
1.76667 0.166667 3.23637e-05
1.83333 0.166667 3.85469e-05
1.9 0.166667 4.2239e-05
1.96667 0.166667 4.20517e-05
2.03333 0.166667 3.56183e-05
2.1 0.166667 2.1038e-05
2.16667 0.166667 1.03255e-06
2.23333 0.166667 2.94959e-05
2.3 0.166667 6.24654e-05
2.36667 0.166667 9.12874e-05
2.43333 0.166667 0.000114727
2.5 0.166667 0.000122523
2.56667 0.166667 0.000110522
2.63333 0.166667 8.77327e-05
2.7 0.166667 6.81896e-05
2.76667 0.166667 5.82863e-05
2.83333 0.166667 5.56896e-05
2.9 0.166667 5.66185e-05
2.96667 0.166667 5.65023e-05
3.03333 0.166667 5.1624e-05
3.1 0.166667 4.11157e-05
3.16667 0.166667 2.76766e-05
3.23333 0.166667 1.57619e-05
3.3 0.166667 8.44539e-06
3.36667 0.166667 6.00813e-06
3.43333 0.166667 6.83636e-06
3.5 0.166667 8.98085e-06
3.56667 0.166667 1.1087e-05
3.63333 0.166667 1.25214e-05
3.7 0.166667 1.31491e-05
3.76667 0.166667 1.30788e-05
3.83333 0.166667 1.24994e-05
3.9 0.166667 1.15961e-05
3.96667 0.166667 1.05189e-05
4.03333 0.166667 9.37578e-06
4.1 0.166667 8.23871e-06
4.16667 0.166667 7.15135e-06
4.23333 0.166667 6.1375e-06
4.3 0.166667 5.20764e-06
4.36667 0.166667 4.36397e-06
4.43333 0.166667 3.60404e-06
4.5 0.166667 2.92346e-06
4.56667 0.166667 2.31821e-06
4.63333 0.166667 1.78716e-06
4.7 0.166667 1.3356e-06
4.76667 0.166667 9.81247e-07
4.83333 0.166667 7.64755e-07
4.9 0.166667 7.6678e-07
4.96667 0.166667 1.10754e-06
0.0333333 0.233333 2.0239e-06
0.1 0.233333 8.10509e-05
0.166667 0.233333 0.00013917
0.233333 0.233333 0.000160735
0.3 0.233333 8.75978e-05
0.366667 0.233333 0.000131533
0.433333 0.233333 0.000213304
0.5 0.233333 0.000178783
0.566667 0.233333 0.000103432
0.633333 0.233333 5.05104e-05
0.7 0.233333 1.96348e-05
0.766667 0.233333 5.88979e-06
0.833333 0.233333 2.72463e-06
0.9 0.233333 3.01401e-06
0.966667 0.233333 5.02803e-07
1.03333 0.233333 1.08165e-05
1.1 0.233333 2.34742e-05
1.16667 0.233333 3.18576e-05
1.23333 0.233333 3.3066e-05
1.3 0.233333 2.88899e-05
1.36667 0.233333 2.26438e-05
1.43333 0.233333 1.6769e-05
1.5 0.233333 1.22435e-05
1.56667 0.233333 9.05151e-06
1.63333 0.233333 6.804e-06
1.7 0.233333 5.04874e-06
1.76667 0.233333 3.27773e-06
1.83333 0.233333 8.69187e-07
1.9 0.233333 2.87215e-06
1.96667 0.233333 8.73168e-06
2.03333 0.233333 1.74319e-05
2.1 0.233333 2.91001e-05
2.16667 0.233333 4.28401e-05
2.23333 0.233333 5.68423e-05
2.3 0.233333 6.98078e-05
2.36667 0.233333 8.1079e-05
2.43333 0.233333 6.17537e-05
2.5 0.233333 7.95771e-05
2.56667 0.233333 8.00441e-05
2.63333 0.233333 6.17605e-05
2.7 0.233333 4.9925e-05
2.76667 0.233333 4.46424e-05
2.83333 0.233333 4.95182e-05
2.9 0.233333 6.39906e-05
2.96667 0.233333 8.09997e-05
3.03333 0.233333 8.93941e-05
3.1 0.233333 8.06259e-05
3.16667 0.233333 5.66689e-05
3.23333 0.233333 2.88714e-05
3.3 0.233333 7.87467e-06
3.36667 0.233333 2.93054e-06
3.43333 0.233333 5.99587e-06
3.5 0.233333 5.00755e-06
3.56667 0.233333 2.6432e-06
3.63333 0.233333 2.72147e-07
3.7 0.233333 1.57017e-06
3.76667 0.233333 2.78145e-06
3.83333 0.233333 3.444e-06
3.9 0.233333 3.69432e-06
3.96667 0.233333 3.66421e-06
4.03333 0.233333 3.45976e-06
4.1 0.233333 3.15823e-06
4.16667 0.233333 2.81201e-06
4.23333 0.233333 2.45458e-06
4.3 0.233333 2.10604e-06
4.36667 0.233333 1.77774e-06
4.43333 0.233333 1.47583e-06
4.5 0.233333 1.20415e-06
4.56667 0.233333 9.6687e-07
4.63333 0.233333 7.71562e-07
4.7 0.233333 6.33552e-07
4.76667 0.233333 5.82887e-07
4.83333 0.233333 6.75298e-07
4.9 0.233333 1.00503e-06
4.96667 0.233333 1.70894e-06
0.0333333 0.3 1.30596e-05
0.1 0.3 0.000104619
0.166667 0.3 0.00015178
0.233333 0.3 5.61129e-05
0.3 0.3 0.00021647
0.366667 0.3 0.000354431
0.433333 0.3 0.000112738
0.5 0.3 0.000173166
0.566667 0.3 0.000103875
0.633333 0.3 3.67363e-05
0.7 0.3 9.16603e-06
0.766667 0.3 3.69085e-05
0.833333 0.3 4.29651e-05
0.9 0.3 2.83746e-05
0.966667 0.3 1.31022e-05
1.03333 0.3 1.53081e-05
1.1 0.3 3.29249e-05
1.16667 0.3 4.70482e-05
1.23333 0.3 4.90844e-05
1.3 0.3 4.16492e-05
1.36667 0.3 3.15315e-05
1.43333 0.3 2.34556e-05
1.5 0.3 1.85331e-05
1.56667 0.3 1.50786e-05
1.63333 0.3 1.06327e-05
1.7 0.3 3.80315e-06
1.76667 0.3 5.29206e-06
1.83333 0.3 1.56931e-05
1.9 0.3 2.64976e-05
1.96667 0.3 3.72637e-05
2.03333 0.3 4.77604e-05
2.1 0.3 5.73626e-05
2.16667 0.3 6.43287e-05
2.23333 0.3 6.49966e-05
2.3 0.3 5.28068e-05
2.36667 0.3 2.10274e-05
2.43333 0.3 3.57509e-05
2.5 0.3 0.000193536
2.56667 0.3 5.59005e-05
2.63333 0.3 2.58155e-07
2.7 0.3 2.71001e-06
2.76667 0.3 3.07707e-06
2.83333 0.3 1.05205e-06
2.9 0.3 2.42297e-05
2.96667 0.3 6.73778e-05
3.03333 0.3 0.000110379
3.1 0.3 0.000121253
3.16667 0.3 9.00717e-05
3.23333 0.3 4.29335e-05
3.3 0.3 6.65454e-06
3.36667 0.3 1.1713e-05
3.43333 0.3 1.71887e-05
3.5 0.3 1.66023e-05
3.56667 0.3 1.38227e-05
3.63333 0.3 1.07053e-05
3.7 0.3 7.98846e-06
3.76667 0.3 5.86772e-06
3.83333 0.3 4.30739e-06
3.9 0.3 3.19549e-06
3.96667 0.3 2.41317e-06
4.03333 0.3 1.86066e-06
4.1 0.3 1.4631e-06
4.16667 0.3 1.16804e-06
4.23333 0.3 9.40407e-07
4.3 0.3 7.57536e-07
4.36667 0.3 6.04878e-07
4.43333 0.3 4.72646e-07
4.5 0.3 3.53018e-07
4.56667 0.3 2.37423e-07
4.63333 0.3 1.1326e-07
4.7 0.3 4.09044e-08
4.76667 0.3 2.62933e-07
4.83333 0.3 6.18945e-07
4.9 0.3 1.22033e-06
4.96667 0.3 2.24498e-06
0.0333333 0.366667 4.01718e-06
0.1 0.366667 0.000103175
0.166667 0.366667 0.000164562
0.233333 0.366667 5.7321e-05
0.3 0.366667 0.000353698
0.366667 0.366667 0.000620274
0.433333 0.366667 2.85803e-05
0.5 0.366667 0.000152056
0.566667 0.366667 7.3835e-05
0.633333 0.366667 6.78455e-06
0.7 0.366667 7.22287e-05
0.766667 0.366667 0.000123389
0.833333 0.366667 0.000143942
0.9 0.366667 0.000104728
0.966667 0.366667 2.17842e-05
1.03333 0.366667 6.73837e-06
1.1 0.366667 1.45538e-05
1.16667 0.366667 4.53543e-05
1.23333 0.366667 5.06193e-05
1.3 0.366667 3.97569e-05
1.36667 0.366667 2.63905e-05
1.43333 0.366667 1.99948e-05
1.5 0.366667 2.2978e-05
1.56667 0.366667 2.97248e-05
1.63333 0.366667 3.16289e-05
1.7 0.366667 2.37237e-05
1.76667 0.366667 7.55914e-06
1.83333 0.366667 1.19598e-05
1.9 0.366667 3.07096e-05
1.96667 0.366667 4.67554e-05
2.03333 0.366667 5.96333e-05
2.1 0.366667 6.87973e-05
2.16667 0.366667 7.26831e-05
2.23333 0.366667 6.73959e-05
2.3 0.366667 4.30099e-05
2.36667 0.366667 2.9997e-05
2.43333 0.366667 0.00025468
2.5 0.366667 0.000706149
2.56667 0.366667 0.000158644
2.63333 0.366667 5.83195e-05
2.7 0.366667 5.15132e-05
2.76667 0.366667 6.89295e-05
2.83333 0.366667 7.89293e-05
2.9 0.366667 6.84018e-05
2.96667 0.366667 2.16017e-05
3.03333 0.366667 8.9981e-05
3.1 0.366667 0.000168482
3.16667 0.366667 0.000139744
3.23333 0.366667 6.0862e-05
3.3 0.366667 2.10442e-06
3.36667 0.366667 2.09285e-05
3.43333 0.366667 2.68568e-05
3.5 0.366667 2.56916e-05
3.56667 0.366667 2.21895e-05
3.63333 0.366667 1.83848e-05
3.7 0.366667 1.50264e-05
3.76667 0.366667 1.22934e-05
3.83333 0.366667 1.01388e-05
3.9 0.366667 8.44776e-06
3.96667 0.366667 7.10331e-06
4.03333 0.366667 6.00983e-06
4.1 0.366667 5.09676e-06
4.16667 0.366667 4.31529e-06
4.23333 0.366667 3.63295e-06
4.3 0.366667 3.02861e-06
4.36667 0.366667 2.48827e-06
4.43333 0.366667 2.00196e-06
4.5 0.366667 1.56106e-06
4.56667 0.366667 1.15572e-06
4.63333 0.366667 7.71546e-07
4.7 0.366667 3.84611e-07
4.76667 0.366667 4.68335e-08
4.83333 0.366667 5.96317e-07
4.9 0.366667 1.39283e-06
4.96667 0.366667 2.66108e-06
0.0333333 0.433333 6.07495e-05
0.1 0.433333 7.03439e-05
0.166667 0.433333 0.000175715
0.233333 0.433333 0.000207372
0.3 0.433333 0.000157337
0.366667 0.433333 0.000108725
0.433333 0.433333 0.000205741
0.5 0.433333 0.000150284
0.566667 0.433333 4.1704e-05
0.633333 0.433333 4.88592e-05
0.7 0.433333 0.000131683
0.766667 0.433333 0.00020495
0.833333 0.433333 0.000258782
0.9 0.433333 0.000262233
0.966667 0.433333 5.59769e-05
1.03333 0.433333 0.000195386
1.1 0.433333 5.63994e-05
1.16667 0.433333 2.03581e-05
1.23333 0.433333 3.32571e-05
1.3 0.433333 1.86734e-05
1.36667 0.433333 2.80053e-07
1.43333 0.433333 4.57826e-06
1.5 0.433333 1.56699e-05
1.56667 0.433333 5.07584e-05
1.63333 0.433333 7.27373e-05
1.7 0.433333 6.68416e-05
1.76667 0.433333 3.95969e-05
1.83333 0.433333 6.63819e-06
1.9 0.433333 2.11902e-05
1.96667 0.433333 4.27108e-05
2.03333 0.433333 5.81737e-05
2.1 0.433333 6.79351e-05
2.16667 0.433333 7.16141e-05
2.23333 0.433333 6.74144e-05
2.3 0.433333 5.01885e-05
2.36667 0.433333 1.56525e-06
2.43333 0.433333 0.000130931
2.5 0.433333 0.000444706
2.56667 0.433333 0.000158681
2.63333 0.433333 8.30285e-05
2.7 0.433333 8.87923e-05
2.76667 0.433333 0.000120576
2.83333 0.433333 0.000144998
2.9 0.433333 0.000159493
2.96667 0.433333 0.000157971
3.03333 0.433333 0.000117176
3.1 0.433333 0.000242376
3.16667 0.433333 0.000289513
3.23333 0.433333 7.37385e-05
3.3 0.433333 4.34919e-06
3.36667 0.433333 2.9704e-05
3.43333 0.433333 3.47439e-05
3.5 0.433333 3.24252e-05
3.56667 0.433333 2.80079e-05
3.63333 0.433333 2.35208e-05
3.7 0.433333 1.96298e-05
3.76667 0.433333 1.64481e-05
3.83333 0.433333 1.38897e-05
3.9 0.433333 1.18198e-05
3.96667 0.433333 1.01134e-05
4.03333 0.433333 8.67282e-06
4.1 0.433333 7.42814e-06
4.16667 0.433333 6.33222e-06
4.23333 0.433333 5.3543e-06
4.3 0.433333 4.47457e-06
4.36667 0.433333 3.67991e-06
4.43333 0.433333 2.9608e-06
4.5 0.433333 2.30875e-06
4.56667 0.433333 1.71379e-06
4.63333 0.433333 1.16121e-06
4.7 0.433333 6.26394e-07
4.76667 0.433333 6.58816e-08
4.83333 0.433333 5.98551e-07
4.9 0.433333 1.50891e-06
4.96667 0.433333 2.92533e-06
0.0333333 0.5 0.000134772
0.1 0.5 1.43507e-05
0.166667 0.5 0.000157251
0.233333 0.5 0.000241859
0.3 0.5 0.0002567
0.366667 0.5 0.00026182
0.433333 0.5 0.000229602
0.5 0.5 0.000130436
0.566667 0.5 1.92159e-05
0.633333 0.5 6.93113e-05
0.7 0.5 0.000156275
0.766667 0.5 0.00023585
0.833333 0.5 0.000301335
0.9 0.5 0.000370543
0.966667 0.5 7.05082e-06
1.03333 0.5 0.000571925
1.1 0.5 0.000133922
1.16667 0.5 1.48118e-05
1.23333 0.5 4.04211e-06
1.3 0.5 1.53414e-05
1.36667 0.5 4.51659e-05
1.43333 0.5 6.7308e-05
1.5 0.5 2.18011e-05
1.56667 0.5 7.45579e-05
1.63333 0.5 0.00014839
1.7 0.5 0.000136333
1.76667 0.5 7.8942e-05
1.83333 0.5 3.14971e-05
1.9 0.5 5.05978e-06
1.96667 0.5 3.092e-05
2.03333 0.5 4.82834e-05
2.1 0.5 5.87213e-05
2.16667 0.5 6.30786e-05
2.23333 0.5 6.13531e-05
2.3 0.5 5.14622e-05
2.36667 0.5 1.66161e-05
2.43333 0.5 9.05392e-05
2.5 0.5 9.64349e-05
2.56667 0.5 8.78129e-05
2.63333 0.5 7.54654e-05
2.7 0.5 9.64336e-05
2.76667 0.5 0.000135543
2.83333 0.5 0.000166368
2.9 0.5 0.000189031
2.96667 0.5 0.000208425
3.03333 0.5 0.000290858
3.1 0.5 0.000264519
3.16667 0.5 0.00039515
3.23333 0.5 7.76811e-05
3.3 0.5 8.57527e-06
3.36667 0.5 3.42812e-05
3.43333 0.5 3.84545e-05
3.5 0.5 3.53504e-05
3.56667 0.5 3.03742e-05
3.63333 0.5 2.55047e-05
3.7 0.5 2.13436e-05
3.76667 0.5 1.79573e-05
3.83333 0.5 1.52313e-05
3.9 0.5 1.30149e-05
3.96667 0.5 1.11748e-05
4.03333 0.5 9.60934e-06
4.1 0.5 8.24705e-06
4.16667 0.5 7.04032e-06
4.23333 0.5 5.95843e-06
4.3 0.5 4.9818e-06
4.36667 0.5 4.09755e-06
4.43333 0.5 3.29635e-06
4.5 0.5 2.56984e-06
4.56667 0.5 1.90816e-06
4.63333 0.5 1.29666e-06
4.7 0.5 7.10617e-07
4.76667 0.5 1.06059e-07
4.83333 0.5 5.97031e-07
4.9 0.5 1.54581e-06
4.96667 0.5 3.01417e-06
0.0333333 0.566667 0.000193075
0.1 0.566667 4.56698e-05
0.166667 0.566667 0.000104497
0.233333 0.566667 0.000193539
0.3 0.566667 0.000228855
0.366667 0.566667 0.000221961
0.433333 0.566667 0.000172603
0.5 0.566667 8.94503e-05
0.566667 0.566667 5.15746e-06
0.633333 0.566667 6.6471e-05
0.7 0.566667 0.000139927
0.766667 0.566667 0.00020321
0.833333 0.566667 0.000240676
0.9 0.566667 0.000210895
0.966667 0.566667 0.00015151
1.03333 0.566667 0.000498872
1.1 0.566667 0.00013914
1.16667 0.566667 3.36503e-05
1.23333 0.566667 1.93646e-05
1.3 0.566667 4.37086e-05
1.36667 0.566667 8.35157e-05
1.43333 0.566667 0.000134417
1.5 0.566667 0.000226683
1.56667 0.566667 0.000146539
1.63333 0.566667 0.000342984
1.7 0.566667 0.000185112
1.76667 0.566667 0.000104952
1.83333 0.566667 4.96859e-05
1.9 0.566667 9.6421e-06
1.96667 0.566667 1.71231e-05
2.03333 0.566667 3.43402e-05
2.1 0.566667 4.43754e-05
2.16667 0.566667 4.86984e-05
2.23333 0.566667 4.77627e-05
2.3 0.566667 3.92e-05
2.36667 0.566667 1.47063e-05
2.43333 0.566667 9.34547e-06
2.5 0.566667 2.41964e-05
2.56667 0.566667 3.24024e-05
2.63333 0.566667 4.8014e-05
2.7 0.566667 7.34674e-05
2.76667 0.566667 0.000107289
2.83333 0.566667 0.000133392
2.9 0.566667 0.00013967
2.96667 0.566667 0.00012562
3.03333 0.566667 5.68834e-05
3.1 0.566667 0.00029349
3.16667 0.566667 0.000300303
3.23333 0.566667 6.84959e-05
3.3 0.566667 9.60721e-06
3.36667 0.566667 3.3843e-05
3.43333 0.566667 3.7787e-05
3.5 0.566667 3.4607e-05
3.56667 0.566667 2.95536e-05
3.63333 0.566667 2.46087e-05
3.7 0.566667 2.03923e-05
3.76667 0.566667 1.69808e-05
3.83333 0.566667 1.42607e-05
3.9 0.566667 1.20773e-05
3.96667 0.566667 1.02913e-05
4.03333 0.566667 8.7951e-06
4.1 0.566667 7.51163e-06
4.16667 0.566667 6.38876e-06
4.23333 0.566667 5.39219e-06
4.3 0.566667 4.4996e-06
4.36667 0.566667 3.69615e-06
4.43333 0.566667 2.97107e-06
4.5 0.566667 2.31501e-06
4.56667 0.566667 1.7174e-06
4.63333 0.566667 1.16309e-06
4.7 0.566667 6.27188e-07
4.76667 0.566667 6.6002e-08
4.83333 0.566667 5.98849e-07
4.9 0.566667 1.50952e-06
4.96667 0.566667 2.92631e-06
0.0333333 0.633333 0.0002151
0.1 0.633333 8.96733e-05
0.166667 0.633333 4.41587e-05
0.233333 0.633333 0.000127975
0.3 0.633333 0.000158262
0.366667 0.633333 0.000146739
0.433333 0.633333 0.000104351
0.5 0.633333 4.91746e-05
0.566667 0.633333 3.98116e-06
0.633333 0.633333 5.09449e-05
0.7 0.633333 9.94778e-05
0.766667 0.633333 0.000136578
0.833333 0.633333 0.000137451
0.9 0.633333 5.16934e-05
0.966667 0.633333 8.9224e-05
1.03333 0.633333 0.000122186
1.1 0.633333 7.70908e-05
1.16667 0.633333 2.52342e-05
1.23333 0.633333 2.39256e-05
1.3 0.633333 4.9166e-05
1.36667 0.633333 8.66349e-05
1.43333 0.633333 0.000137044
1.5 0.633333 0.000255692
1.56667 0.633333 0.000117143
1.63333 0.633333 0.00032799
1.7 0.633333 0.000179236
1.76667 0.633333 0.000104009
1.83333 0.633333 5.42085e-05
1.9 0.633333 1.95487e-05
1.96667 0.633333 3.53728e-06
2.03333 0.633333 1.82358e-05
2.1 0.633333 2.6878e-05
2.16667 0.633333 3.10157e-05
2.23333 0.633333 3.1318e-05
2.3 0.633333 2.73608e-05
2.36667 0.633333 2.06621e-05
2.43333 0.633333 1.32368e-05
2.5 0.633333 5.85916e-06
2.56667 0.633333 4.26246e-06
2.63333 0.633333 1.78959e-05
2.7 0.633333 3.4242e-05
2.76667 0.633333 5.12983e-05
2.83333 0.633333 6.00503e-05
2.9 0.633333 4.56824e-05
2.96667 0.633333 5.63753e-06
3.03333 0.633333 0.000114542
3.1 0.633333 0.000178546
3.16667 0.633333 0.000135641
3.23333 0.633333 5.12174e-05
3.3 0.633333 6.88712e-06
3.36667 0.633333 2.78331e-05
3.43333 0.633333 3.18827e-05
3.5 0.633333 2.92684e-05
3.56667 0.633333 2.47078e-05
3.63333 0.633333 2.01478e-05
3.7 0.633333 1.62565e-05
3.76667 0.633333 1.31495e-05
3.83333 0.633333 1.07332e-05
3.9 0.633333 8.85932e-06
3.96667 0.633333 7.3873e-06
4.03333 0.633333 6.20489e-06
4.1 0.633333 5.22996e-06
4.16667 0.633333 4.40555e-06
4.23333 0.633333 3.69352e-06
4.3 0.633333 3.06872e-06
4.36667 0.633333 2.51437e-06
4.43333 0.633333 2.01854e-06
4.5 0.633333 1.57124e-06
4.56667 0.633333 1.16163e-06
4.63333 0.633333 7.74677e-07
4.7 0.633333 3.85957e-07
4.76667 0.633333 4.66108e-08
4.83333 0.633333 5.96815e-07
4.9 0.633333 1.39388e-06
4.96667 0.633333 2.66281e-06
0.0333333 0.7 0.000199515
0.1 0.7 0.000105293
0.166667 0.7 4.68592e-06
0.233333 0.7 6.05187e-05
0.3 0.7 8.34901e-05
0.366667 0.7 7.39173e-05
0.433333 0.7 4.64943e-05
0.5 0.7 1.5399e-05
0.566667 0.7 1.33131e-05
0.633333 0.7 3.79368e-05
0.7 0.7 6.07104e-05
0.766667 0.7 7.40169e-05
0.833333 0.7 6.23877e-05
0.9 0.7 2.2827e-05
0.966667 0.7 1.5249e-05
1.03333 0.7 2.58158e-05
1.1 0.7 1.29854e-05
1.16667 0.7 4.62381e-06
1.23333 0.7 1.24488e-05
1.3 0.7 3.24273e-05
1.36667 0.7 5.55807e-05
1.43333 0.7 7.5508e-05
1.5 0.7 5.89936e-05
1.56667 0.7 5.32609e-05
1.63333 0.7 0.00013614
1.7 0.7 0.000120312
1.76667 0.7 8.02213e-05
1.83333 0.7 4.83294e-05
1.9 0.7 2.5783e-05
1.96667 0.7 1.05043e-05
2.03333 0.7 5.70513e-07
2.1 0.7 5.75357e-06
2.16667 0.7 9.79208e-06
2.23333 0.7 1.2382e-05
2.3 0.7 1.41096e-05
2.36667 0.7 1.5318e-05
2.43333 0.7 1.58562e-05
2.5 0.7 1.46878e-05
2.56667 0.7 1.10462e-05
2.63333 0.7 5.56831e-06
2.7 0.7 4.8687e-07
2.76667 0.7 6.70066e-07
2.83333 0.7 7.4333e-06
2.9 0.7 3.12246e-05
2.96667 0.7 7.04333e-05
3.03333 0.7 0.000107137
3.1 0.7 0.000112187
3.16667 0.7 7.79892e-05
3.23333 0.7 3.09077e-05
3.3 0.7 3.24377e-06
3.36667 0.7 1.9072e-05
3.43333 0.7 2.24346e-05
3.5 0.7 2.02726e-05
3.56667 0.7 1.63684e-05
3.63333 0.7 1.24641e-05
3.7 0.7 9.20166e-06
3.76667 0.7 6.70406e-06
3.83333 0.7 4.88362e-06
3.9 0.7 3.59211e-06
3.96667 0.7 2.68565e-06
4.03333 0.7 2.04728e-06
4.1 0.7 1.59035e-06
4.16667 0.7 1.25425e-06
4.23333 0.7 9.98313e-07
4.3 0.7 7.95976e-07
4.36667 0.7 6.2999e-07
4.43333 0.7 4.88687e-07
4.5 0.7 3.62933e-07
4.56667 0.7 2.43245e-07
4.63333 0.7 1.16378e-07
4.7 0.7 3.95499e-08
4.76667 0.7 2.62728e-07
4.83333 0.7 6.19526e-07
4.9 0.7 1.22157e-06
4.96667 0.7 2.24707e-06
0.0333333 0.766667 0.000157214
0.1 0.766667 9.54868e-05
0.166667 0.766667 3.35456e-05
0.233333 0.766667 3.63974e-06
0.3 0.766667 1.47346e-05
0.366667 0.766667 8.59759e-06
0.433333 0.766667 5.15005e-06
0.5 0.766667 1.92169e-05
0.566667 0.766667 2.97046e-05
0.633333 0.766667 3.64011e-05
0.7 0.766667 3.98418e-05
0.766667 0.766667 3.85411e-05
0.833333 0.766667 3.04987e-05
0.9 0.766667 1.86692e-05
0.966667 0.766667 1.04444e-05
1.03333 0.766667 1.00013e-05
1.1 0.766667 1.25051e-05
1.16667 0.766667 1.06683e-05
1.23333 0.766667 2.09422e-06
1.3 0.766667 9.76419e-06
1.36667 0.766667 1.92702e-05
1.43333 0.766667 1.94303e-05
1.5 0.766667 2.18332e-06
1.56667 0.766667 2.65402e-05
1.63333 0.766667 5.0706e-05
1.7 0.766667 5.8101e-05
1.76667 0.766667 5.18429e-05
1.83333 0.766667 4.23695e-05
1.9 0.766667 3.49306e-05
1.96667 0.766667 2.99257e-05
2.03333 0.766667 2.63946e-05
2.1 0.766667 2.32059e-05
2.16667 0.766667 1.9468e-05
2.23333 0.766667 1.46632e-05
2.3 0.766667 8.77436e-06
2.36667 0.766667 2.33048e-06
2.43333 0.766667 3.7538e-06
2.5 0.766667 8.61189e-06
2.56667 0.766667 1.19624e-05
2.63333 0.766667 1.45119e-05
2.7 0.766667 1.7921e-05
2.76667 0.766667 2.43977e-05
2.83333 0.766667 3.60011e-05
2.9 0.766667 5.26438e-05
2.96667 0.766667 6.90086e-05
3.03333 0.766667 7.61337e-05
3.1 0.766667 6.70108e-05
3.16667 0.766667 4.41677e-05
3.23333 0.766667 1.86455e-05
3.3 0.766667 2.32187e-07
3.36667 0.766667 8.29887e-06
3.43333 0.766667 9.63784e-06
3.5 0.766667 7.43925e-06
3.56667 0.766667 4.25695e-06
3.63333 0.766667 1.34255e-06
3.7 0.766667 8.58296e-07
3.76667 0.766667 2.30607e-06
3.83333 0.766667 3.12515e-06
3.9 0.766667 3.47965e-06
3.96667 0.766667 3.51932e-06
4.03333 0.766667 3.36188e-06
4.1 0.766667 3.09218e-06
4.16667 0.766667 2.76761e-06
4.23333 0.766667 2.42492e-06
4.3 0.766667 2.08643e-06
4.36667 0.766667 1.76497e-06
4.43333 0.766667 1.4677e-06
4.5 0.766667 1.19915e-06
4.56667 0.766667 9.6397e-07
4.63333 0.766667 7.70065e-07
4.7 0.766667 6.32996e-07
4.76667 0.766667 5.82986e-07
4.83333 0.766667 6.75916e-07
4.9 0.766667 1.0062e-06
4.96667 0.766667 1.71093e-06
0.0333333 0.833333 0.000102065
0.1 0.833333 7.30323e-05
0.166667 0.833333 5.03757e-05
0.233333 0.833333 4.26964e-05
0.3 0.833333 4.67963e-05
0.366667 0.833333 5.52172e-05
0.433333 0.833333 6.16701e-05
0.5 0.833333 6.3165e-05
0.566667 0.833333 5.87747e-05
0.633333 0.833333 4.99359e-05
0.7 0.833333 3.95209e-05
0.766667 0.833333 2.94519e-05
0.833333 0.833333 2.11466e-05
0.9 0.833333 1.60197e-05
0.966667 0.833333 1.45975e-05
1.03333 0.833333 1.54444e-05
1.1 0.833333 1.57602e-05
1.16667 0.833333 1.3528e-05
1.23333 0.833333 8.98461e-06
1.3 0.833333 3.97597e-06
1.36667 0.833333 5.65982e-07
1.43333 0.833333 2.87702e-07
1.5 0.833333 3.6517e-06
1.56667 0.833333 1.03086e-05
1.63333 0.833333 1.91839e-05
1.7 0.833333 2.90133e-05
1.76667 0.833333 3.85337e-05
1.83333 0.833333 4.7053e-05
1.9 0.833333 5.45214e-05
1.96667 0.833333 6.08848e-05
2.03333 0.833333 6.5042e-05
2.1 0.833333 6.59021e-05
2.16667 0.833333 6.33043e-05
2.23333 0.833333 5.70978e-05
2.3 0.833333 4.7625e-05
2.36667 0.833333 3.66202e-05
2.43333 0.833333 2.54497e-05
2.5 0.833333 1.46422e-05
2.56667 0.833333 4.67393e-06
2.63333 0.833333 4.45602e-06
2.7 0.833333 1.31322e-05
2.76667 0.833333 2.17809e-05
2.83333 0.833333 3.03033e-05
2.9 0.833333 3.74838e-05
2.96667 0.833333 4.10599e-05
3.03333 0.833333 3.89412e-05
3.1 0.833333 3.10663e-05
3.16667 0.833333 2.02617e-05
3.23333 0.833333 1.07593e-05
3.3 0.833333 5.38763e-06
3.36667 0.833333 4.32618e-06
3.43333 0.833333 6.02204e-06
3.5 0.833333 8.6608e-06
3.56667 0.833333 1.10217e-05
3.63333 0.833333 1.25715e-05
3.7 0.833333 1.32399e-05
3.76667 0.833333 1.31741e-05
3.83333 0.833333 1.25835e-05
3.9 0.833333 1.16645e-05
3.96667 0.833333 1.05717e-05
4.03333 0.833333 9.41529e-06
4.1 0.833333 8.2676e-06
4.16667 0.833333 7.17213e-06
4.23333 0.833333 6.15225e-06
4.3 0.833333 5.218e-06
4.36667 0.833333 4.37118e-06
4.43333 0.833333 3.60902e-06
4.5 0.833333 2.92688e-06
4.56667 0.833333 2.32055e-06
4.63333 0.833333 1.78876e-06
4.7 0.833333 1.33672e-06
4.76667 0.833333 9.82094e-07
4.83333 0.833333 7.65516e-07
4.9 0.833333 7.67701e-07
4.96667 0.833333 1.10901e-06
0.0333333 0.9 4.86097e-05
0.1 0.9 5.11842e-05
0.166667 0.9 6.7307e-05
0.233333 0.9 8.88519e-05
0.3 0.9 0.000108532
0.366667 0.9 0.000121142
0.433333 0.9 0.000123839
0.5 0.9 0.000116353
0.566667 0.9 0.000100512
0.633333 0.9 7.93884e-05
0.7 0.9 5.68905e-05
0.766667 0.9 3.6953e-05
0.833333 0.9 2.22246e-05
0.9 0.9 1.32942e-05
0.966667 0.9 8.99062e-06
1.03333 0.9 7.3131e-06
1.1 0.9 6.59928e-06
1.16667 0.9 6.10941e-06
1.23333 0.9 5.7123e-06
1.3 0.9 5.20615e-06
1.36667 0.9 4.10439e-06
1.43333 0.9 2.25846e-06
1.5 0.9 8.49725e-07
1.56667 0.9 2.56649e-06
1.63333 0.9 1.02355e-05
1.7 0.9 2.47749e-05
1.76667 0.9 4.4441e-05
1.83333 0.9 6.59365e-05
1.9 0.9 8.59143e-05
1.96667 0.9 0.000102193
2.03333 0.9 0.000113467
2.1 0.9 0.000118889
2.16667 0.9 0.000118432
2.23333 0.9 0.000112846
2.3 0.9 0.000102784
2.36667 0.9 8.91195e-05
2.43333 0.9 7.33272e-05
2.5 0.9 5.67159e-05
2.56667 0.9 4.03764e-05
2.63333 0.9 2.53276e-05
2.7 0.9 1.23851e-05
2.76667 0.9 2.30484e-06
2.83333 0.9 4.24963e-06
2.9 0.9 7.05574e-06
2.96667 0.9 6.6911e-06
3.03333 0.9 4.64434e-06
3.1 0.9 2.90696e-06
3.16667 0.9 3.14903e-06
3.23333 0.9 5.9713e-06
3.3 0.9 1.07534e-05
3.36667 0.9 1.61679e-05
3.43333 0.9 2.09257e-05
3.5 0.9 2.42479e-05
3.56667 0.9 2.5926e-05
3.63333 0.9 2.6143e-05
3.7 0.9 2.52558e-05
3.76667 0.9 2.36413e-05
3.83333 0.9 2.16173e-05
3.9 0.9 1.94204e-05
3.96667 0.9 1.72106e-05
4.03333 0.9 1.50871e-05
4.1 0.9 1.31051e-05
4.16667 0.9 1.12899e-05
4.23333 0.9 9.64763e-06
4.3 0.9 8.17312e-06
4.36667 0.9 6.85477e-06
4.43333 0.9 5.67805e-06
4.5 0.9 4.62771e-06
4.56667 0.9 3.68949e-06
4.63333 0.9 2.85179e-06
4.7 0.9 2.10818e-06
4.76667 0.9 1.46187e-06
4.83333 0.9 9.34617e-07
4.9 0.9 5.8495e-07
4.96667 0.9 5.45145e-07
0.0333333 0.966667 1.45255e-05
0.1 0.966667 4.6593e-05
0.166667 0.966667 9.37317e-05
0.233333 0.966667 0.000138982
0.3 0.966667 0.000172229
0.366667 0.966667 0.000189587
0.433333 0.966667 0.000190518
0.5 0.966667 0.000176505
0.566667 0.966667 0.000151177
0.633333 0.966667 0.000119097
0.7 0.966667 8.50631e-05
0.766667 0.966667 5.41243e-05
0.833333 0.966667 2.98991e-05
0.9 0.966667 1.31993e-05
0.966667 0.966667 2.82306e-06
1.03333 0.966667 2.93297e-06
1.1 0.966667 5.26451e-06
1.16667 0.966667 4.90266e-06
1.23333 0.966667 2.80109e-06
1.3 0.966667 5.06729e-07
1.36667 0.966667 4.14355e-07
1.43333 0.966667 3.28422e-07
1.5 0.966667 7.56595e-07
1.56667 0.966667 2.9448e-06
1.63333 0.966667 1.4452e-05
1.7 0.966667 3.50931e-05
1.76667 0.966667 6.30131e-05
1.83333 0.966667 9.40596e-05
1.9 0.966667 0.00012348
1.96667 0.966667 0.000147786
2.03333 0.966667 0.000165348
2.1 0.966667 0.000175447
2.16667 0.966667 0.000178052
2.23333 0.966667 0.000174169
2.3 0.966667 0.000164608
2.36667 0.966667 0.000149634
2.43333 0.966667 0.00013055
2.5 0.966667 0.000109422
2.56667 0.966667 8.79395e-05
2.63333 0.966667 6.76053e-05
2.7 0.966667 5.00828e-05
2.76667 0.966667 3.68647e-05
2.83333 0.966667 2.8636e-05
2.9 0.966667 2.47949e-05
2.96667 0.966667 2.33146e-05
3.03333 0.966667 2.13667e-05
3.1 0.966667 1.65781e-05
3.16667 0.966667 8.1732e-06
3.23333 0.966667 2.78916e-06
3.3 0.966667 1.41913e-05
3.36667 0.966667 2.39976e-05
3.43333 0.966667 3.10103e-05
3.5 0.966667 3.49823e-05
3.56667 0.966667 3.63146e-05
3.63333 0.966667 3.56772e-05
3.7 0.966667 3.37451e-05
3.76667 0.966667 3.10731e-05
3.83333 0.966667 2.80659e-05
3.9 0.966667 2.49931e-05
3.96667 0.966667 2.20198e-05
4.03333 0.966667 1.92376e-05
4.1 0.966667 1.66889e-05
4.16667 0.966667 1.43855e-05
4.23333 0.966667 1.23208e-05
4.3 0.966667 1.04785e-05
4.36667 0.966667 8.83715e-06
4.43333 0.966667 7.37351e-06
4.5 0.966667 6.06448e-06
4.56667 0.966667 4.88819e-06
4.63333 0.966667 3.82513e-06
4.7 0.966667 2.85997e-06
4.76667 0.966667 1.98497e-06
4.83333 0.966667 1.20741e-06
4.9 0.966667 5.65775e-07
4.96667 0.966667 1.71758e-07
