0 0 -1 -1
-0.0975 0 -1 -0.95
-0.19 0 -1 -0.9
-0.2775 0 -1 -0.85
-0.36 0 -1 -0.8
-0.4375 0 -1 -0.75
-0.51 0 -1 -0.7
-0.5775 0 -1 -0.65
-0.64 0 -1 -0.6
-0.6975 0 -1 -0.55
-0.75 0 -1 -0.5
-0.7975 0 -1 -0.45
-0.84 0 -1 -0.4
-0.8775 0 -1 -0.35
-0.91 0 -1 -0.3
-0.9375 0 -1 -0.25
-0.96 0 -1 -0.2
-0.9775 0 -1 -0.15
-0.99 0 -1 -0.1
-0.9975 0 -1 -0.05
-1 0 -1 0
-0.9975 0 -1 0.05
-0.99 0 -1 0.1
-0.9775 0 -1 0.15
-0.96 0 -1 0.2
-0.9375 0 -1 0.25
-0.91 0 -1 0.3
-0.8775 0 -1 0.35
-0.84 0 -1 0.4
-0.7975 0 -1 0.45
-0.75 0 -1 0.5
-0.6975 0 -1 0.55
-0.64 0 -1 0.6
-0.5775 0 -1 0.65
-0.51 0 -1 0.7
-0.4375 0 -1 0.75
-0.36 0 -1 0.8
-0.2775 0 -1 0.85
-0.19 0 -1 0.9
-0.0975 0 -1 0.95
0 0 -1 1
0 0 0 -1
-0.0975 0 0 -0.95
-0.19 0 0 -0.9
-0.2775 0 0 -0.85
-0.36 0 0 -0.8
-0.4375 0 0 -0.75
-0.51 0 0 -0.7
-0.5775 0 0 -0.65
-0.64 0 0 -0.6
-0.6975 0 0 -0.55
-0.75 0 0 -0.5
-0.7975 0 0 -0.45
-0.84 0 0 -0.4
-0.8775 0 0 -0.35
-0.91 0 0 -0.3
-0.9375 0 0 -0.25
-0.96 0 0 -0.2
-0.9775 0 0 -0.15
-0.99 0 0 -0.1
-0.9975 0 0 -0.05
-1 0 0 0
-0.9975 0 0 0.05
-0.99 0 0 0.1
-0.9775 0 0 0.15
-0.96 0 0 0.2
-0.9375 0 0 0.25
-0.91 0 0 0.3
-0.8775 0 0 0.35
-0.84 0 0 0.4
-0.7975 0 0 0.45
-0.75 0 0 0.5
-0.6975 0 0 0.55
-0.64 0 0 0.6
-0.5775 0 0 0.65
-0.51 0 0 0.7
-0.4375 0 0 0.75
-0.36 0 0 0.8
-0.2775 0 0 0.85
-0.19 0 0 0.9
-0.0975 0 0 0.95
0 0 0 1
0 0 1 -1
-0.0975 0 1 -0.95
-0.19 0 1 -0.9
-0.2775 0 1 -0.85
-0.36 0 1 -0.8
-0.4375 0 1 -0.75
-0.51 0 1 -0.7
-0.5775 0 1 -0.65
-0.64 0 1 -0.6
-0.6975 0 1 -0.55
-0.75 0 1 -0.5
-0.7975 0 1 -0.45
-0.84 0 1 -0.4
-0.8775 0 1 -0.35
-0.91 0 1 -0.3
-0.9375 0 1 -0.25
-0.96 0 1 -0.2
-0.9775 0 1 -0.15
-0.99 0 1 -0.1
-0.9975 0 1 -0.05
-1 0 1 0
-0.9975 0 1 0.05
-0.99 0 1 0.1
-0.9775 0 1 0.15
-0.96 0 1 0.2
-0.9375 0 1 0.25
-0.91 0 1 0.3
-0.8775 0 1 0.35
-0.84 0 1 0.4
-0.7975 0 1 0.45
-0.75 0 1 0.5
-0.6975 0 1 0.55
-0.64 0 1 0.6
-0.5775 0 1 0.65
-0.51 0 1 0.7
-0.4375 0 1 0.75
-0.36 0 1 0.8
-0.2775 0 1 0.85
-0.19 0 1 0.9
-0.0975 0 1 0.95
0 0 1 1
