0.0333333 0.0333333 6.66346e-06
0.1 0.0333333 1.91393e-05
0.166667 0.0333333 3.62357e-05
0.233333 0.0333333 4.36123e-05
0.3 0.0333333 3.50376e-05
0.366667 0.0333333 1.30731e-05
0.433333 0.0333333 1.57706e-05
0.5 0.0333333 3.94214e-05
0.566667 0.0333333 5.13283e-05
0.633333 0.0333333 5.32417e-05
0.7 0.0333333 4.64103e-05
0.766667 0.0333333 3.63999e-05
0.833333 0.0333333 2.52502e-05
0.9 0.0333333 1.47658e-05
0.966667 0.0333333 6.02629e-06
1.03333 0.0333333 5.24948e-07
1.1 0.0333333 4.88996e-06
1.16667 0.0333333 7.14445e-06
1.23333 0.0333333 8.16306e-06
1.3 0.0333333 7.93085e-06
1.36667 0.0333333 6.86937e-06
1.43333 0.0333333 4.70379e-06
1.5 0.0333333 2.77301e-06
1.56667 0.0333333 1.03035e-06
1.63333 0.0333333 3.26071e-07
1.7 0.0333333 1.22949e-06
1.76667 0.0333333 1.72554e-06
1.83333 0.0333333 1.92634e-06
1.9 0.0333333 1.95964e-06
1.96667 0.0333333 1.9322e-06
2.03333 0.0333333 1.91443e-06
2.1 0.0333333 1.94136e-06
2.16667 0.0333333 2.02165e-06
2.23333 0.0333333 2.14759e-06
2.3 0.0333333 2.3026e-06
2.36667 0.0333333 2.4658e-06
2.43333 0.0333333 2.61408e-06
2.5 0.0333333 2.72293e-06
2.56667 0.0333333 2.76684e-06
2.63333 0.0333333 2.72045e-06
2.7 0.0333333 2.56117e-06
2.76667 0.0333333 2.27451e-06
2.83333 0.0333333 1.86231e-06
2.9 0.0333333 1.35134e-06
2.96667 0.0333333 7.96543e-07
3.03333 0.0333333 2.7211e-07
3.1 0.0333333 1.49999e-07
3.16667 0.0333333 4.24665e-07
3.23333 0.0333333 5.47065e-07
3.3 0.0333333 5.47571e-07
3.36667 0.0333333 4.73308e-07
3.43333 0.0333333 3.68747e-07
3.5 0.0333333 2.64637e-07
3.56667 0.0333333 1.76574e-07
3.63333 0.0333333 1.09086e-07
3.7 0.0333333 6.07045e-08
3.76667 0.0333333 2.76815e-08
3.83333 0.0333333 6.02077e-09
3.9 0.0333333 7.67627e-09
3.96667 0.0333333 1.60024e-08
4.03333 0.0333333 2.08134e-08
4.1 0.0333333 2.33832e-08
4.16667 0.0333333 2.45608e-08
4.23333 0.0333333 2.48998e-08
4.3 0.0333333 2.4755e-08
4.36667 0.0333333 2.43503e-08
4.43333 0.0333333 2.38252e-08
4.5 0.0333333 2.32657e-08
4.56667 0.0333333 2.27239e-08
4.63333 0.0333333 2.22311e-08
4.7 0.0333333 2.18055e-08
4.76667 0.0333333 2.14578e-08
4.83333 0.0333333 2.11939e-08
4.9 0.0333333 2.10169e-08
4.96667 0.0333333 2.09282e-08
0.0333333 0.1 2.13666e-05
0.1 0.1 4.98853e-06
0.166667 0.1 1.09165e-05
0.233333 0.1 8.22814e-06
0.3 0.1 2.77859e-06
0.366667 0.1 8.32062e-07
0.433333 0.1 6.35325e-07
0.5 0.1 7.29237e-06
0.566667 0.1 1.54765e-05
0.633333 0.1 2.17418e-05
0.7 0.1 2.28741e-05
0.766667 0.1 2.1609e-05
0.833333 0.1 1.75448e-05
0.9 0.1 1.2027e-05
0.966667 0.1 6.50312e-06
1.03333 0.1 1.72621e-06
1.1 0.1 1.98094e-06
1.16667 0.1 4.35757e-06
1.23333 0.1 6.09428e-06
1.3 0.1 6.84293e-06
1.36667 0.1 6.8305e-06
1.43333 0.1 5.83491e-06
1.5 0.1 4.6509e-06
1.56667 0.1 3.30879e-06
1.63333 0.1 2.03367e-06
1.7 0.1 9.84087e-07
1.76667 0.1 2.24455e-07
1.83333 0.1 2.64066e-07
1.9 0.1 5.48691e-07
1.96667 0.1 7.08496e-07
2.03333 0.1 8.1009e-07
2.1 0.1 8.98511e-07
2.16667 0.1 9.98482e-07
2.23333 0.1 1.11977e-06
2.3 0.1 1.26266e-06
2.36667 0.1 1.42187e-06
2.43333 0.1 1.58901e-06
2.5 0.1 1.7536e-06
2.56667 0.1 1.90348e-06
2.63333 0.1 2.02454e-06
2.7 0.1 2.10029e-06
2.76667 0.1 2.1113e-06
2.83333 0.1 2.03605e-06
2.9 0.1 1.85637e-06
2.96667 0.1 1.56909e-06
3.03333 0.1 1.19887e-06
3.1 0.1 7.99731e-07
3.16667 0.1 4.37852e-07
3.23333 0.1 1.63948e-07
3.3 0.1 5.08466e-09
3.36667 0.1 8.39415e-08
3.43333 0.1 1.02473e-07
3.5 0.1 8.94513e-08
3.56667 0.1 6.48347e-08
3.63333 0.1 3.95451e-08
3.7 0.1 1.82537e-08
3.76667 0.1 2.16373e-09
3.83333 0.1 9.12516e-09
3.9 0.1 1.65687e-08
3.96667 0.1 2.1172e-08
4.03333 0.1 2.37906e-08
4.1 0.1 2.50814e-08
4.16667 0.1 2.55196e-08
4.23333 0.1 2.54348e-08
4.3 0.1 2.50493e-08
4.36667 0.1 2.45092e-08
4.43333 0.1 2.39088e-08
4.5 0.1 2.33079e-08
4.56667 0.1 2.27436e-08
4.63333 0.1 2.22387e-08
4.7 0.1 2.18068e-08
4.76667 0.1 2.14559e-08
4.83333 0.1 2.11904e-08
4.9 0.1 2.10127e-08
4.96667 0.1 2.09239e-08
0.0333333 0.166667 4.6357e-05
0.1 0.166667 1.96702e-05
0.166667 0.166667 5.53722e-05
0.233333 0.166667 6.15495e-05
0.3 0.166667 2.94145e-05
0.366667 0.166667 8.44704e-06
0.433333 0.166667 2.33396e-05
0.5 0.166667 1.90876e-05
0.566667 0.166667 2.40723e-05
0.633333 0.166667 3.04624e-06
0.7 0.166667 8.72093e-06
0.766667 0.166667 1.50216e-05
0.833333 0.166667 1.6345e-05
0.9 0.166667 1.42753e-05
0.966667 0.166667 1.05736e-05
1.03333 0.166667 6.51263e-06
1.1 0.166667 2.72192e-06
1.16667 0.166667 5.9233e-07
1.23333 0.166667 3.36788e-06
1.3 0.166667 5.5118e-06
1.36667 0.166667 5.74205e-06
1.43333 0.166667 6.72307e-06
1.5 0.166667 7.70033e-06
1.56667 0.166667 6.01583e-06
1.63333 0.166667 4.6111e-06
1.7 0.166667 3.17686e-06
1.76667 0.166667 1.96806e-06
1.83333 0.166667 1.09794e-06
1.9 0.166667 5.53559e-07
1.96667 0.166667 2.54915e-07
2.03333 0.166667 1.0963e-07
2.1 0.166667 4.21978e-08
2.16667 0.166667 1.17451e-09
2.23333 0.166667 4.46047e-08
2.3 0.166667 1.12614e-07
2.36667 0.166667 2.12426e-07
2.43333 0.166667 3.49785e-07
2.5 0.166667 5.29005e-07
2.56667 0.166667 7.53904e-07
2.63333 0.166667 1.02714e-06
2.7 0.166667 1.34723e-06
2.76667 0.166667 1.70192e-06
2.83333 0.166667 2.05618e-06
2.9 0.166667 2.33831e-06
2.96667 0.166667 2.44815e-06
3.03333 0.166667 2.30492e-06
3.1 0.166667 1.91322e-06
3.16667 0.166667 1.38038e-06
3.23333 0.166667 8.57074e-07
3.3 0.166667 4.52305e-07
3.36667 0.166667 1.95729e-07
3.43333 0.166667 5.99458e-08
3.5 0.166667 1.22925e-09
3.56667 0.166667 1.6113e-08
3.63333 0.166667 1.44796e-08
3.7 0.166667 6.08144e-09
3.76667 0.166667 3.23762e-09
3.83333 0.166667 1.11322e-08
3.9 0.166667 1.69838e-08
3.96667 0.166667 2.0921e-08
4.03333 0.166667 2.33245e-08
4.1 0.166667 2.46033e-08
4.16667 0.166667 2.51079e-08
4.23333 0.166667 2.51092e-08
4.3 0.166667 2.48041e-08
4.36667 0.166667 2.43303e-08
4.43333 0.166667 2.37809e-08
4.5 0.166667 2.32175e-08
4.56667 0.166667 2.268e-08
4.63333 0.166667 2.2194e-08
4.7 0.166667 2.17751e-08
4.76667 0.166667 2.1433e-08
4.83333 0.166667 2.11737e-08
4.9 0.166667 2.10005e-08
4.96667 0.166667 2.09158e-08
0.0333333 0.233333 6.45163e-05
0.1 0.233333 5.19696e-05
0.166667 0.233333 0.000139867
0.233333 0.233333 0.000193664
0.3 0.233333 0.000104837
0.366667 0.233333 3.20398e-05
0.433333 0.233333 6.74543e-05
0.5 0.233333 3.55181e-05
0.566667 0.233333 5.34614e-05
0.633333 0.233333 2.46364e-05
0.7 0.233333 1.32639e-06
0.766667 0.233333 1.49103e-05
0.833333 0.233333 2.13004e-05
0.9 0.233333 2.10445e-05
0.966667 0.233333 1.769e-05
1.03333 0.233333 1.31755e-05
1.1 0.233333 7.54434e-06
1.16667 0.233333 4.95383e-06
1.23333 0.233333 5.57165e-07
1.3 0.233333 3.57972e-06
1.36667 0.233333 4.43628e-06
1.43333 0.233333 8.35542e-06
1.5 0.233333 1.00998e-05
1.56667 0.233333 8.51518e-06
1.63333 0.233333 8.0283e-06
1.7 0.233333 5.59561e-06
1.76667 0.233333 3.62707e-06
1.83333 0.233333 2.20147e-06
1.9 0.233333 1.35146e-06
1.96667 0.233333 9.46849e-07
2.03333 0.233333 8.24142e-07
2.1 0.233333 8.50622e-07
2.16667 0.233333 9.36738e-07
2.23333 0.233333 1.02728e-06
2.3 0.233333 1.08901e-06
2.36667 0.233333 1.10043e-06
2.43333 0.233333 1.04466e-06
2.5 0.233333 9.05012e-07
2.56667 0.233333 6.62669e-07
2.63333 0.233333 2.96283e-07
2.7 0.233333 2.15798e-07
2.76667 0.233333 8.88612e-07
2.83333 0.233333 1.71389e-06
2.9 0.233333 2.61954e-06
2.96667 0.233333 3.38902e-06
3.03333 0.233333 3.71109e-06
3.1 0.233333 3.39505e-06
3.16667 0.233333 2.57581e-06
3.23333 0.233333 1.62267e-06
3.3 0.233333 8.53493e-07
3.36667 0.233333 3.71225e-07
3.43333 0.233333 1.20716e-07
3.5 0.233333 1.03518e-08
3.56667 0.233333 2.68776e-08
3.63333 0.233333 3.0566e-08
3.7 0.233333 2.14655e-08
3.76667 0.233333 9.42373e-09
3.83333 0.233333 1.47262e-09
3.9 0.233333 9.94317e-09
3.96667 0.233333 1.59427e-08
4.03333 0.233333 1.98794e-08
4.1 0.233333 2.22569e-08
4.16667 0.233333 2.3529e-08
4.23333 0.233333 2.40565e-08
4.3 0.233333 2.41072e-08
4.36667 0.233333 2.38713e-08
4.43333 0.233333 2.34796e-08
4.5 0.233333 2.302e-08
4.56667 0.233333 2.25505e-08
4.63333 0.233333 2.21087e-08
4.7 0.233333 2.17186e-08
4.76667 0.233333 2.13952e-08
4.83333 0.233333 2.11483e-08
4.9 0.233333 2.09838e-08
4.96667 0.233333 2.09062e-08
0.0333333 0.3 7.47216e-05
0.1 0.3 7.24001e-05
0.166667 0.3 0.000201064
0.233333 0.3 0.000333895
0.3 0.3 0.000442249
0.366667 0.3 1.10136e-05
0.433333 0.3 8.91888e-05
0.5 0.3 6.74174e-05
0.566667 0.3 8.26829e-05
0.633333 0.3 6.32809e-05
0.7 0.3 2.6052e-06
0.766667 0.3 1.99745e-05
0.833333 0.3 3.17999e-05
0.9 0.3 3.52516e-05
0.966667 0.3 3.12219e-05
1.03333 0.3 2.47197e-05
1.1 0.3 1.60148e-05
1.16667 0.3 8.95085e-06
1.23333 0.3 6.55092e-06
1.3 0.3 4.8861e-08
1.36667 0.3 5.131e-06
1.43333 0.3 8.37661e-06
1.5 0.3 1.32255e-05
1.56667 0.3 1.45322e-05
1.63333 0.3 1.23632e-05
1.7 0.3 8.32396e-06
1.76667 0.3 5.27761e-06
1.83333 0.3 3.04077e-06
1.9 0.3 1.82959e-06
1.96667 0.3 1.35961e-06
2.03333 0.3 1.32692e-06
2.1 0.3 1.51288e-06
2.16667 0.3 1.78168e-06
2.23333 0.3 2.05494e-06
2.3 0.3 2.28784e-06
2.36667 0.3 2.45206e-06
2.43333 0.3 2.52505e-06
2.5 0.3 2.48349e-06
2.56667 0.3 2.29967e-06
2.63333 0.3 1.93942e-06
2.7 0.3 1.36144e-06
2.76667 0.3 5.17486e-07
2.83333 0.3 6.44668e-07
2.9 0.3 2.16912e-06
2.96667 0.3 3.99892e-06
3.03333 0.3 5.40869e-06
3.1 0.3 5.53218e-06
3.16667 0.3 4.28694e-06
3.23333 0.3 2.55129e-06
3.3 0.3 1.19564e-06
3.36667 0.3 4.36151e-07
3.43333 0.3 8.42936e-08
3.5 0.3 5.15937e-08
3.56667 0.3 8.60268e-08
3.63333 0.3 7.8452e-08
3.7 0.3 5.7347e-08
3.76667 0.3 3.51411e-08
3.83333 0.3 1.64371e-08
3.9 0.3 2.28048e-09
3.96667 0.3 7.72322e-09
4.03333 0.3 1.44153e-08
4.1 0.3 1.86569e-08
4.16667 0.3 2.1174e-08
4.23333 0.3 2.25246e-08
4.3 0.3 2.31152e-08
4.36667 0.3 2.32311e-08
4.43333 0.3 2.30673e-08
4.5 0.3 2.27548e-08
4.56667 0.3 2.23799e-08
4.63333 0.3 2.19987e-08
4.7 0.3 2.16474e-08
4.76667 0.3 2.13491e-08
4.83333 0.3 2.11185e-08
4.9 0.3 2.09654e-08
4.96667 0.3 2.08967e-08
0.0333333 0.366667 7.61827e-05
0.1 0.366667 6.06399e-05
0.166667 0.366667 0.000173236
0.233333 0.366667 0.000292593
0.3 0.366667 0.000416069
0.366667 0.366667 0.00103614
0.433333 0.366667 0.000127217
0.5 0.366667 0.000132249
0.566667 0.366667 0.000123942
0.633333 0.366667 0.000115033
0.7 0.366667 6.78256e-05
0.766667 0.366667 3.54513e-05
0.833333 0.366667 8.86848e-06
0.9 0.366667 5.45911e-05
0.966667 0.366667 4.6246e-05
1.03333 0.366667 3.83212e-05
1.1 0.366667 2.94668e-05
1.16667 0.366667 1.81893e-05
1.23333 0.366667 1.36268e-05
1.3 0.366667 3.45381e-06
1.36667 0.366667 2.72295e-06
1.43333 0.366667 5.99345e-06
1.5 0.366667 1.77983e-05
1.56667 0.366667 2.17305e-05
1.63333 0.366667 1.93717e-05
1.7 0.366667 1.34131e-05
1.76667 0.366667 7.03627e-06
1.83333 0.366667 3.67942e-06
1.9 0.366667 2.0653e-06
1.96667 0.366667 1.55841e-06
2.03333 0.366667 1.64818e-06
2.1 0.366667 2.01302e-06
2.16667 0.366667 2.47198e-06
2.23333 0.366667 2.92887e-06
2.3 0.366667 3.33301e-06
2.36667 0.366667 3.65487e-06
2.43333 0.366667 3.87205e-06
2.5 0.366667 3.96159e-06
2.56667 0.366667 3.89597e-06
2.63333 0.366667 3.64107e-06
2.7 0.366667 3.1544e-06
2.76667 0.366667 2.38155e-06
2.83333 0.366667 1.24568e-06
2.9 0.366667 3.83837e-07
2.96667 0.366667 2.8248e-06
3.03333 0.366667 6.80162e-06
3.1 0.366667 8.80034e-06
3.16667 0.366667 7.05957e-06
3.23333 0.366667 3.77924e-06
3.3 0.366667 1.48639e-06
3.36667 0.366667 4.31734e-07
3.43333 0.366667 3.7645e-09
3.5 0.366667 1.37451e-07
3.56667 0.366667 1.5712e-07
3.63333 0.366667 1.31923e-07
3.7 0.366667 9.56294e-08
3.76667 0.366667 6.17455e-08
3.83333 0.366667 3.45582e-08
3.9 0.366667 1.44438e-08
3.96667 0.366667 3.49766e-10
4.03333 0.366667 9.10489e-09
4.1 0.366667 1.5189e-08
4.16667 0.366667 1.89227e-08
4.23333 0.366667 2.10703e-08
4.3 0.366667 2.21793e-08
4.36667 0.366667 2.26306e-08
4.43333 0.366667 2.26828e-08
4.5 0.366667 2.25089e-08
4.56667 0.366667 2.22226e-08
4.63333 0.366667 2.1898e-08
4.7 0.366667 2.15829e-08
4.76667 0.366667 2.13077e-08
4.83333 0.366667 2.10923e-08
4.9 0.366667 2.09497e-08
4.96667 0.366667 2.08891e-08
0.0333333 0.433333 6.66105e-05
0.1 0.433333 1.37973e-05
0.166667 0.433333 4.60473e-05
0.233333 0.433333 4.89507e-05
0.3 0.433333 5.57838e-05
0.366667 0.433333 0.000180661
0.433333 0.433333 0.000189504
0.5 0.433333 0.000164634
0.566667 0.433333 0.000158473
0.633333 0.433333 0.000188577
0.7 0.433333 0.000172063
0.766667 0.433333 0.000107574
0.833333 0.433333 6.56746e-05
0.9 0.433333 6.83669e-05
0.966667 0.433333 5.97506e-05
1.03333 0.433333 5.1272e-05
1.1 0.433333 4.21125e-05
1.16667 0.433333 3.28021e-05
1.23333 0.433333 2.19004e-05
1.3 0.433333 5.99488e-06
1.36667 0.433333 6.70194e-06
1.43333 0.433333 6.11504e-06
1.5 0.433333 1.85047e-05
1.56667 0.433333 3.15426e-05
1.63333 0.433333 2.95431e-05
1.7 0.433333 1.88447e-05
1.76667 0.433333 8.90614e-06
1.83333 0.433333 4.1903e-06
1.9 0.433333 2.15893e-06
1.96667 0.433333 1.62259e-06
2.03333 0.433333 1.81916e-06
2.1 0.433333 2.32836e-06
2.16667 0.433333 2.93286e-06
2.23333 0.433333 3.52571e-06
2.3 0.433333 4.05517e-06
2.36667 0.433333 4.49403e-06
2.43333 0.433333 4.82334e-06
2.5 0.433333 5.02444e-06
2.56667 0.433333 5.07576e-06
2.63333 0.433333 4.95232e-06
2.7 0.433333 4.62678e-06
2.76667 0.433333 4.07121e-06
2.83333 0.433333 3.25802e-06
2.9 0.433333 2.15317e-06
2.96667 0.433333 6.98468e-07
3.03333 0.433333 2.02965e-06
3.1 0.433333 1.43011e-05
3.16667 0.433333 1.33039e-05
3.23333 0.433333 4.99938e-06
3.3 0.433333 1.70336e-06
3.36667 0.433333 4.12724e-07
3.43333 0.433333 6.30124e-08
3.5 0.433333 2.02047e-07
3.56667 0.433333 2.082e-07
3.63333 0.433333 1.69298e-07
3.7 0.433333 1.21916e-07
3.76667 0.433333 7.97955e-08
3.83333 0.433333 4.67514e-08
3.9 0.433333 2.25808e-08
3.96667 0.433333 5.7277e-09
4.03333 0.433333 5.57844e-09
4.1 0.433333 1.28918e-08
4.16667 0.433333 1.74345e-08
4.23333 0.433333 2.01105e-08
4.3 0.433333 2.15627e-08
4.36667 0.433333 2.22355e-08
4.43333 0.433333 2.24303e-08
4.5 0.433333 2.23476e-08
4.56667 0.433333 2.21196e-08
4.63333 0.433333 2.18322e-08
4.7 0.433333 2.15408e-08
4.76667 0.433333 2.12809e-08
4.83333 0.433333 2.10754e-08
4.9 0.433333 2.09396e-08
4.96667 0.433333 2.08842e-08
0.0333333 0.5 5.18423e-05
0.1 0.5 6.00463e-06
0.166667 0.5 2.74432e-05
0.233333 0.5 7.78625e-06
0.3 0.5 8.71191e-05
0.366667 0.5 6.97499e-05
0.433333 0.5 0.000151591
0.5 0.5 0.000162647
0.566667 0.5 0.000159053
0.633333 0.5 0.000195705
0.7 0.5 0.000185417
0.766667 0.5 0.000114202
0.833333 0.5 6.44916e-05
0.9 0.5 7.62925e-05
0.966667 0.5 6.81405e-05
1.03333 0.5 5.98773e-05
1.1 0.5 5.16397e-05
1.16667 0.5 4.27582e-05
1.23333 0.5 3.23623e-05
1.3 0.5 1.95222e-05
1.36667 0.5 1.41811e-05
1.43333 0.5 1.13884e-05
1.5 0.5 8.06206e-06
1.56667 0.5 4.71796e-05
1.63333 0.5 4.71191e-05
1.7 0.5 2.51789e-05
1.76667 0.5 9.80987e-06
1.83333 0.5 4.53211e-06
1.9 0.5 2.14529e-06
1.96667 0.5 1.58089e-06
2.03333 0.5 1.84395e-06
2.1 0.5 2.43565e-06
2.16667 0.5 3.11561e-06
2.23333 0.5 3.7726e-06
2.3 0.5 4.35656e-06
2.36667 0.5 4.84344e-06
2.43333 0.5 5.21757e-06
2.5 0.5 5.46367e-06
2.56667 0.5 5.56421e-06
2.63333 0.5 5.50011e-06
2.7 0.5 5.25401e-06
2.76667 0.5 4.81684e-06
2.83333 0.5 4.20117e-06
2.9 0.5 3.47849e-06
2.96667 0.5 2.88835e-06
3.03333 0.5 4.21734e-06
3.1 0.5 7.10448e-06
3.16667 0.5 1.75932e-05
3.23333 0.5 5.50094e-06
3.3 0.5 1.77534e-06
3.36667 0.5 3.95828e-07
3.43333 0.5 9.40161e-08
3.5 0.5 2.29585e-07
3.56667 0.5 2.29188e-07
3.63333 0.5 1.84336e-07
3.7 0.5 1.3235e-07
3.76667 0.5 8.68948e-08
3.83333 0.5 5.15156e-08
3.9 0.5 2.57446e-08
3.96667 0.5 7.81105e-09
4.03333 0.5 4.21617e-09
4.1 0.5 1.20063e-08
4.16667 0.5 1.68617e-08
4.23333 0.5 1.97416e-08
4.3 0.5 2.13259e-08
4.36667 0.5 2.20839e-08
4.43333 0.5 2.23333e-08
4.5 0.5 2.22857e-08
4.56667 0.5 2.20801e-08
4.63333 0.5 2.18069e-08
4.7 0.5 2.15245e-08
4.76667 0.5 2.12705e-08
4.83333 0.5 2.10689e-08
4.9 0.5 2.09357e-08
4.96667 0.5 2.08823e-08
0.0333333 0.566667 5.58674e-06
0.1 0.566667 5.55807e-06
0.166667 0.566667 6.26003e-06
0.233333 0.566667 4.01152e-05
0.3 0.566667 8.45554e-05
0.366667 0.566667 5.61803e-05
0.433333 0.566667 0.000106241
0.5 0.566667 0.000128612
0.566667 0.566667 0.000125113
0.633333 0.566667 0.000160753
0.7 0.566667 0.000151043
0.766667 0.566667 0.000101771
0.833333 0.566667 6.08228e-05
0.9 0.566667 7.58341e-05
0.966667 0.566667 6.77645e-05
1.03333 0.566667 6.07267e-05
1.1 0.566667 5.3713e-05
1.16667 0.566667 4.63464e-05
1.23333 0.566667 3.85452e-05
1.3 0.566667 3.14887e-05
1.36667 0.566667 2.28976e-05
1.43333 0.566667 3.19324e-05
1.5 0.566667 4.93515e-05
1.56667 0.566667 8.81718e-05
1.63333 0.566667 8.56959e-05
1.7 0.566667 3.37973e-05
1.76667 0.566667 1.1816e-05
1.83333 0.566667 4.82815e-06
1.9 0.566667 2.16614e-06
1.96667 0.566667 1.52814e-06
2.03333 0.566667 1.76356e-06
2.1 0.566667 2.33257e-06
2.16667 0.566667 2.98501e-06
2.23333 0.566667 3.60886e-06
2.3 0.566667 4.15537e-06
2.36667 0.566667 4.60168e-06
2.43333 0.566667 4.93254e-06
2.5 0.566667 5.13203e-06
2.56667 0.566667 5.18042e-06
2.63333 0.566667 5.05404e-06
2.7 0.566667 4.72663e-06
2.76667 0.566667 4.17135e-06
2.83333 0.566667 3.36227e-06
2.9 0.566667 2.26875e-06
2.96667 0.566667 8.4151e-07
3.03333 0.566667 1.79964e-06
3.1 0.566667 1.41182e-05
3.16667 0.566667 1.3265e-05
3.23333 0.566667 5.0079e-06
3.3 0.566667 1.70973e-06
3.36667 0.566667 4.1648e-07
3.43333 0.566667 6.09614e-08
3.5 0.566667 2.00954e-07
3.56667 0.566667 2.07626e-07
3.63333 0.566667 1.69002e-07
3.7 0.566667 1.21766e-07
3.76667 0.566667 7.9722e-08
3.83333 0.566667 4.67174e-08
3.9 0.566667 2.25668e-08
3.96667 0.566667 5.72355e-09
4.03333 0.566667 5.578e-09
4.1 0.566667 1.28894e-08
4.16667 0.566667 1.74315e-08
4.23333 0.566667 2.01076e-08
4.3 0.566667 2.156e-08
4.36667 0.566667 2.22332e-08
4.43333 0.566667 2.24283e-08
4.5 0.566667 2.2346e-08
4.56667 0.566667 2.21183e-08
4.63333 0.566667 2.18311e-08
4.7 0.566667 2.15398e-08
4.76667 0.566667 2.128e-08
4.83333 0.566667 2.10747e-08
4.9 0.566667 2.09389e-08
4.96667 0.566667 2.08836e-08
0.0333333 0.633333 6.99775e-06
0.1 0.633333 1.7743e-06
0.166667 0.633333 1.31881e-05
0.233333 0.633333 3.21856e-05
0.3 0.633333 4.98068e-05
0.366667 0.633333 4.80871e-05
0.433333 0.633333 8.06193e-05
0.5 0.633333 8.85344e-05
0.566667 0.633333 7.86526e-05
0.633333 0.633333 6.59729e-05
0.7 0.633333 5.03083e-05
0.766667 0.633333 2.33417e-05
0.833333 0.633333 1.90445e-06
0.9 0.633333 6.60202e-05
0.966667 0.633333 5.86252e-05
1.03333 0.633333 5.31393e-05
1.1 0.633333 4.74289e-05
1.16667 0.633333 4.08873e-05
1.23333 0.633333 3.52207e-05
1.3 0.633333 3.10504e-05
1.36667 0.633333 2.72748e-05
1.43333 0.633333 2.14071e-05
1.5 0.633333 8.88455e-06
1.56667 0.633333 9.56579e-05
1.63333 0.633333 0.000101272
1.7 0.633333 3.49396e-05
1.76667 0.633333 1.20009e-05
1.83333 0.633333 4.91167e-06
1.9 0.633333 2.18149e-06
1.96667 0.633333 1.44984e-06
2.03333 0.633333 1.57462e-06
2.1 0.633333 2.02596e-06
2.16667 0.633333 2.55962e-06
2.23333 0.633333 3.06642e-06
2.3 0.633333 3.49846e-06
2.36667 0.633333 3.83249e-06
2.43333 0.633333 4.05188e-06
2.5 0.633333 4.13798e-06
2.56667 0.633333 4.06623e-06
2.63333 0.633333 3.80444e-06
2.7 0.633333 3.31142e-06
2.76667 0.633333 2.53373e-06
2.83333 0.633333 1.39528e-06
2.9 0.633333 2.34144e-07
2.96667 0.633333 2.67405e-06
3.03333 0.633333 6.68327e-06
3.1 0.633333 8.74088e-06
3.16667 0.633333 7.0492e-06
3.23333 0.633333 3.78948e-06
3.3 0.633333 1.49587e-06
3.36667 0.633333 4.37517e-07
3.43333 0.633333 7.00702e-09
3.5 0.633333 1.35699e-07
3.56667 0.633333 1.56194e-07
3.63333 0.633333 1.31444e-07
3.7 0.633333 9.53881e-08
3.76667 0.633333 6.16288e-08
3.83333 0.633333 3.45058e-08
3.9 0.633333 1.44239e-08
3.96667 0.633333 3.45576e-10
4.03333 0.633333 9.10196e-09
4.1 0.633333 1.51833e-08
4.16667 0.633333 1.89164e-08
4.23333 0.633333 2.10642e-08
4.3 0.633333 2.21739e-08
4.36667 0.633333 2.2626e-08
4.43333 0.633333 2.2679e-08
4.5 0.633333 2.25057e-08
4.56667 0.633333 2.22199e-08
4.63333 0.633333 2.18958e-08
4.7 0.633333 2.1581e-08
4.76667 0.633333 2.13061e-08
4.83333 0.633333 2.10909e-08
4.9 0.633333 2.09484e-08
4.96667 0.633333 2.08878e-08
0.0333333 0.7 1.2165e-05
0.1 0.7 3.97794e-06
0.166667 0.7 2.16321e-05
0.233333 0.7 3.46742e-05
0.3 0.7 4.66721e-05
0.366667 0.7 5.54285e-05
0.433333 0.7 5.79163e-05
0.5 0.7 5.72888e-05
0.566667 0.7 3.46779e-05
0.633333 0.7 4.34896e-06
0.7 0.7 1.52716e-05
0.766667 0.7 3.168e-05
0.833333 0.7 4.36234e-05
0.9 0.7 4.60418e-05
0.966667 0.7 4.29278e-05
1.03333 0.7 3.85621e-05
1.1 0.7 3.4134e-05
1.16667 0.7 2.81932e-05
1.23333 0.7 1.84374e-05
1.3 0.7 2.04123e-05
1.36667 0.7 2.34564e-05
1.43333 0.7 1.16547e-06
1.5 0.7 4.02161e-05
1.56667 0.7 7.59583e-05
1.63333 0.7 5.97518e-05
1.7 0.7 2.824e-05
1.76667 0.7 1.07177e-05
1.83333 0.7 4.71444e-06
1.9 0.7 2.17327e-06
1.96667 0.7 1.34808e-06
2.03333 0.7 1.29183e-06
2.1 0.7 1.54237e-06
2.16667 0.7 1.8797e-06
2.23333 0.7 2.20226e-06
2.3 0.7 2.46369e-06
2.36667 0.7 2.64039e-06
2.43333 0.7 2.71511e-06
2.5 0.7 2.66875e-06
2.56667 0.7 2.47648e-06
2.63333 0.7 2.10593e-06
2.7 0.7 1.51669e-06
2.76667 0.7 6.60755e-07
2.83333 0.7 5.14756e-07
2.9 0.7 2.0561e-06
2.96667 0.7 3.9122e-06
3.03333 0.7 5.35649e-06
3.1 0.7 5.51323e-06
3.16667 0.7 4.28928e-06
3.23333 0.7 2.56083e-06
3.3 0.7 1.20427e-06
3.36667 0.7 4.41732e-07
3.43333 0.7 8.75229e-08
3.5 0.7 4.98178e-08
3.56667 0.7 8.50824e-08
3.63333 0.7 7.79653e-08
3.7 0.7 5.7106e-08
3.76667 0.7 3.50292e-08
3.83333 0.7 1.63914e-08
3.9 0.7 2.26749e-09
3.96667 0.7 7.72093e-09
4.03333 0.7 1.44066e-08
4.1 0.7 1.86463e-08
4.16667 0.7 2.11635e-08
4.23333 0.7 2.25152e-08
4.3 0.7 2.31071e-08
4.36667 0.7 2.32242e-08
4.43333 0.7 2.30616e-08
4.5 0.7 2.275e-08
4.56667 0.7 2.23759e-08
4.63333 0.7 2.19954e-08
4.7 0.7 2.16446e-08
4.76667 0.7 2.13467e-08
4.83333 0.7 2.11164e-08
4.9 0.7 2.09635e-08
4.96667 0.7 2.08949e-08
0.0333333 0.766667 1.20585e-05
0.1 0.766667 3.22324e-06
0.166667 0.766667 1.54928e-05
0.233333 0.766667 2.3833e-05
0.3 0.766667 3.53645e-05
0.366667 0.766667 3.68009e-05
0.433333 0.766667 3.23352e-05
0.5 0.766667 2.74384e-05
0.566667 0.766667 8.20863e-06
0.633333 0.766667 4.81589e-06
0.7 0.766667 1.49487e-05
0.766667 0.766667 2.43446e-05
0.833333 0.766667 2.88275e-05
0.9 0.766667 2.883e-05
0.966667 0.766667 2.43804e-05
1.03333 0.766667 2.11214e-05
1.1 0.766667 1.78232e-05
1.16667 0.766667 1.36535e-05
1.23333 0.766667 4.66696e-06
1.3 0.766667 3.94396e-06
1.36667 0.766667 1.2254e-05
1.43333 0.766667 1.31757e-05
1.5 0.766667 3.27225e-05
1.56667 0.766667 3.8654e-05
1.63333 0.766667 3.04779e-05
1.7 0.766667 1.67956e-05
1.76667 0.766667 7.41816e-06
1.83333 0.766667 3.8347e-06
1.9 0.766667 1.81273e-06
1.96667 0.766667 1.0214e-06
2.03333 0.766667 8.22302e-07
2.1 0.766667 8.7471e-07
2.16667 0.766667 1.00621e-06
2.23333 0.766667 1.13382e-06
2.3 0.766667 1.21853e-06
2.36667 0.766667 1.24061e-06
2.43333 0.766667 1.18661e-06
2.5 0.766667 1.0429e-06
2.56667 0.766667 7.92824e-07
2.63333 0.766667 4.16317e-07
2.7 0.766667 1.07696e-07
2.76667 0.766667 7.94262e-07
2.83333 0.766667 1.6356e-06
2.9 0.766667 2.56032e-06
2.96667 0.766667 3.35105e-06
3.03333 0.766667 3.69343e-06
3.1 0.766667 3.39264e-06
3.16667 0.766667 2.58143e-06
3.23333 0.766667 1.63023e-06
3.3 0.766667 8.59717e-07
3.36667 0.766667 3.75359e-07
3.43333 0.766667 1.23157e-07
3.5 0.766667 1.17037e-08
3.56667 0.766667 2.61637e-08
3.63333 0.766667 3.02074e-08
3.7 0.766667 2.12979e-08
3.76667 0.766667 9.35534e-09
3.83333 0.766667 1.49148e-09
3.9 0.766667 9.93883e-09
3.96667 0.766667 1.59287e-08
4.03333 0.766667 1.98626e-08
4.1 0.766667 2.22404e-08
4.16667 0.766667 2.35141e-08
4.23333 0.766667 2.40437e-08
4.3 0.766667 2.40964e-08
4.36667 0.766667 2.38624e-08
4.43333 0.766667 2.34722e-08
4.5 0.766667 2.3014e-08
4.56667 0.766667 2.25455e-08
4.63333 0.766667 2.21046e-08
4.7 0.766667 2.17151e-08
4.76667 0.766667 2.13923e-08
4.83333 0.766667 2.11457e-08
4.9 0.766667 2.09814e-08
4.96667 0.766667 2.09039e-08
0.0333333 0.833333 8.73293e-06
0.1 0.833333 1.47778e-06
0.166667 0.833333 7.79218e-06
0.233333 0.833333 1.15031e-05
0.3 0.833333 1.2855e-05
0.366667 0.833333 1.15349e-05
0.433333 0.833333 7.52213e-06
0.5 0.833333 1.42358e-06
0.566667 0.833333 5.71924e-06
0.633333 0.833333 1.21004e-05
0.7 0.833333 1.69028e-05
0.766667 0.833333 1.95224e-05
0.833333 0.833333 1.88564e-05
0.9 0.833333 1.605e-05
0.966667 0.833333 1.1674e-05
1.03333 0.833333 8.69148e-06
1.1 0.833333 4.95928e-06
1.16667 0.833333 1.24327e-06
1.23333 0.833333 2.69111e-06
1.3 0.833333 4.31921e-06
1.36667 0.833333 4.44569e-06
1.43333 0.833333 1.3654e-05
1.5 0.833333 1.96514e-05
1.56667 0.833333 1.92912e-05
1.63333 0.833333 1.18832e-05
1.7 0.833333 7.93672e-06
1.76667 0.833333 4.18324e-06
1.83333 0.833333 1.82466e-06
1.9 0.833333 6.50964e-07
1.96667 0.833333 1.54432e-07
2.03333 0.833333 7.09385e-09
2.1 0.833333 3.29383e-08
2.16667 0.833333 2.60015e-08
2.23333 0.833333 3.43808e-08
2.3 0.833333 7.81055e-08
2.36667 0.833333 1.64484e-07
2.43333 0.833333 2.9614e-07
2.5 0.833333 4.74786e-07
2.56667 0.833333 7.02437e-07
2.63333 0.833333 9.80653e-07
2.7 0.833333 1.30739e-06
2.76667 0.833333 1.67011e-06
2.83333 0.833333 2.03354e-06
2.9 0.833333 2.32537e-06
2.96667 0.833333 2.44424e-06
3.03333 0.833333 2.30794e-06
3.1 0.833333 1.92008e-06
3.16667 0.833333 1.3881e-06
3.23333 0.833333 8.63685e-07
3.3 0.833333 4.57056e-07
3.36667 0.833333 1.98743e-07
3.43333 0.833333 6.1692e-08
3.5 0.833333 2.1736e-09
3.56667 0.833333 1.56342e-08
3.63333 0.833333 1.42566e-08
3.7 0.833333 5.99286e-09
3.76667 0.833333 3.25909e-09
3.83333 0.833333 1.11225e-08
3.9 0.833333 1.69616e-08
3.96667 0.833333 2.08954e-08
4.03333 0.833333 2.32998e-08
4.1 0.833333 2.45813e-08
4.16667 0.833333 2.50891e-08
4.23333 0.833333 2.50934e-08
4.3 0.833333 2.47911e-08
4.36667 0.833333 2.43196e-08
4.43333 0.833333 2.37721e-08
4.5 0.833333 2.32103e-08
4.56667 0.833333 2.26742e-08
4.63333 0.833333 2.21891e-08
4.7 0.833333 2.1771e-08
4.76667 0.833333 2.14296e-08
4.83333 0.833333 2.11706e-08
4.9 0.833333 2.09977e-08
4.96667 0.833333 2.09132e-08
0.0333333 0.9 4.40769e-06
0.1 0.9 9.60176e-07
0.166667 0.9 1.10755e-06
0.233333 0.9 3.07724e-06
0.3 0.9 6.2005e-06
0.366667 0.9 1.01434e-05
0.433333 0.9 1.4486e-05
0.5 0.9 1.86756e-05
0.566667 0.9 2.13433e-05
0.633333 0.9 2.26725e-05
0.7 0.9 2.2586e-05
0.766667 0.9 1.91225e-05
0.833333 0.9 1.44071e-05
0.9 0.9 8.86085e-06
0.966667 0.9 3.30482e-06
1.03333 0.9 1.21703e-06
1.1 0.9 5.48727e-06
1.16667 0.9 8.78872e-06
1.23333 0.9 1.09836e-05
1.3 0.9 9.59045e-06
1.36667 0.9 1.19822e-05
1.43333 0.9 1.316e-05
1.5 0.9 9.05586e-06
1.56667 0.9 8.31423e-06
1.63333 0.9 3.50609e-06
1.7 0.9 9.3004e-07
1.76667 0.9 5.9541e-07
1.83333 0.9 1.25877e-06
1.9 0.9 1.41859e-06
1.96667 0.9 1.36668e-06
2.03333 0.9 1.27072e-06
2.1 0.9 1.20782e-06
2.16667 0.9 1.20335e-06
2.23333 0.9 1.25698e-06
2.3 0.9 1.35777e-06
2.36667 0.9 1.49141e-06
2.43333 0.9 1.64314e-06
2.5 0.9 1.79841e-06
2.56667 0.9 1.9425e-06
2.63333 0.9 2.05983e-06
2.7 0.9 2.13302e-06
2.76667 0.9 2.14206e-06
2.83333 0.9 2.06498e-06
2.9 0.9 1.88317e-06
2.96667 0.9 1.5931e-06
3.03333 0.9 1.21931e-06
3.1 0.9 8.16023e-07
3.16667 0.9 4.49906e-07
3.23333 0.9 1.72201e-07
3.3 0.9 1.56082e-10
3.36667 0.9 8.08379e-08
3.43333 0.9 1.00748e-07
3.5 0.9 8.85501e-08
3.56667 0.9 6.43966e-08
3.63333 0.9 3.93547e-08
3.7 0.9 1.81894e-08
3.76667 0.9 2.15986e-09
3.83333 0.9 9.10286e-09
3.9 0.9 1.65374e-08
3.96667 0.9 2.11399e-08
4.03333 0.9 2.37612e-08
4.1 0.9 2.50559e-08
4.16667 0.9 2.54981e-08
4.23333 0.9 2.54171e-08
4.3 0.9 2.50348e-08
4.36667 0.9 2.44974e-08
4.43333 0.9 2.38992e-08
4.5 0.9 2.33e-08
4.56667 0.9 2.27371e-08
4.63333 0.9 2.22334e-08
4.7 0.9 2.18024e-08
4.76667 0.9 2.14521e-08
4.83333 0.9 2.1187e-08
4.9 0.9 2.10096e-08
4.96667 0.9 2.0921e-08
0.0333333 0.966667 1.5137e-06
0.1 0.966667 4.92513e-06
0.166667 0.966667 1.11364e-05
0.233333 0.966667 1.87239e-05
0.3 0.966667 2.64724e-05
0.366667 0.966667 3.36302e-05
0.433333 0.966667 3.91986e-05
0.5 0.966667 4.23691e-05
0.566667 0.966667 4.20511e-05
0.633333 0.966667 3.8784e-05
0.7 0.966667 3.28846e-05
0.766667 0.966667 2.43237e-05
0.833333 0.966667 1.50804e-05
0.9 0.966667 5.97922e-06
0.966667 0.966667 2.03926e-06
1.03333 0.966667 8.1206e-06
1.1 0.966667 1.2861e-05
1.16667 0.966667 1.54547e-05
1.23333 0.966667 1.57112e-05
1.3 0.966667 1.45614e-05
1.36667 0.966667 1.27249e-05
1.43333 0.966667 1.10678e-05
1.5 0.966667 2.35344e-06
1.56667 0.966667 2.19583e-06
1.63333 0.966667 5.18306e-06
1.7 0.966667 6.40951e-06
1.76667 0.966667 6.27369e-06
1.83333 0.966667 5.4264e-06
1.9 0.966667 4.42216e-06
1.96667 0.966667 3.57172e-06
2.03333 0.966667 2.9789e-06
2.1 0.966667 2.63405e-06
2.16667 0.966667 2.48512e-06
2.23333 0.966667 2.47335e-06
2.3 0.966667 2.54618e-06
2.36667 0.966667 2.65957e-06
2.43333 0.966667 2.77637e-06
2.5 0.966667 2.86385e-06
2.56667 0.966667 2.89181e-06
2.63333 0.966667 2.8322e-06
2.7 0.966667 2.6609e-06
2.76667 0.966667 2.36255e-06
2.83333 0.966667 1.93849e-06
2.9 0.966667 1.41538e-06
2.96667 0.966667 8.48372e-07
3.03333 0.966667 3.12177e-07
3.1 0.966667 1.20601e-07
3.16667 0.966667 4.04274e-07
3.23333 0.966667 5.33711e-07
3.3 0.966667 5.39305e-07
3.36667 0.966667 4.68458e-07
3.43333 0.966667 3.66041e-07
3.5 0.966667 2.632e-07
3.56667 0.966667 1.75851e-07
3.63333 0.966667 1.08748e-07
3.7 0.966667 6.05664e-08
3.76667 0.966667 2.76418e-08
3.83333 0.966667 6.02634e-09
3.9 0.966667 7.65226e-09
3.96667 0.966667 1.5973e-08
4.03333 0.966667 2.07846e-08
4.1 0.966667 2.33574e-08
4.16667 0.966667 2.45388e-08
4.23333 0.966667 2.48815e-08
4.3 0.966667 2.47399e-08
4.36667 0.966667 2.43379e-08
4.43333 0.966667 2.38151e-08
4.5 0.966667 2.32575e-08
4.56667 0.966667 2.27172e-08
4.63333 0.966667 2.22255e-08
4.7 0.966667 2.18008e-08
4.76667 0.966667 2.14538e-08
4.83333 0.966667 2.11904e-08
4.9 0.966667 2.10137e-08
4.96667 0.966667 2.09251e-08
