0.0333333 0.0333333 5.62075e-06
0.1 0.0333333 2.04365e-05
0.166667 0.0333333 4.4633e-05
0.233333 0.0333333 6.85347e-05
0.3 0.0333333 8.10679e-05
0.366667 0.0333333 7.49048e-05
0.433333 0.0333333 5.08704e-05
0.5 0.0333333 1.74126e-05
0.566667 0.0333333 1.46956e-05
0.633333 0.0333333 3.77932e-05
0.7 0.0333333 4.92933e-05
0.766667 0.0333333 5.05062e-05
0.833333 0.0333333 4.45957e-05
0.9 0.0333333 3.50065e-05
0.966667 0.0333333 2.45826e-05
1.03333 0.0333333 1.52099e-05
1.1 0.0333333 7.83509e-06
1.16667 0.0333333 2.6943e-06
1.23333 0.0333333 4.08339e-07
1.3 0.0333333 1.87695e-06
1.36667 0.0333333 2.18211e-06
1.43333 0.0333333 1.77994e-06
1.5 0.0333333 1.06314e-06
1.56667 0.0333333 3.28806e-07
1.63333 0.0333333 2.37752e-07
1.7 0.0333333 5.58922e-07
1.76667 0.0333333 6.41264e-07
1.83333 0.0333333 5.4112e-07
1.9 0.0333333 3.31332e-07
1.96667 0.0333333 7.79218e-08
2.03333 0.0333333 1.70845e-07
2.1 0.0333333 3.85741e-07
2.16667 0.0333333 5.52758e-07
2.23333 0.0333333 6.67922e-07
2.3 0.0333333 7.32804e-07
2.36667 0.0333333 7.51362e-07
2.43333 0.0333333 7.28089e-07
2.5 0.0333333 6.67136e-07
2.56667 0.0333333 5.72174e-07
2.63333 0.0333333 4.46804e-07
2.7 0.0333333 2.95451e-07
2.76667 0.0333333 1.24636e-07
2.83333 0.0333333 5.56531e-08
2.9 0.0333333 2.3126e-07
2.96667 0.0333333 3.84893e-07
3.03333 0.0333333 4.99572e-07
3.1 0.0333333 5.63634e-07
3.16667 0.0333333 5.74857e-07
3.23333 0.0333333 5.41129e-07
3.3 0.0333333 4.77153e-07
3.36667 0.0333333 3.99146e-07
3.43333 0.0333333 3.20388e-07
3.5 0.0333333 2.49243e-07
3.56667 0.0333333 1.89472e-07
3.63333 0.0333333 1.41645e-07
3.7 0.0333333 1.04623e-07
3.76667 0.0333333 7.66095e-08
3.83333 0.0333333 5.5743e-08
3.9 0.0333333 4.03705e-08
3.96667 0.0333333 2.9133e-08
4.03333 0.0333333 2.09634e-08
4.1 0.0333333 1.50474e-08
4.16667 0.0333333 1.0775e-08
4.23333 0.0333333 7.69509e-09
4.3 0.0333333 5.4773e-09
4.36667 0.0333333 3.8809e-09
4.43333 0.0333333 2.73145e-09
4.5 0.0333333 1.90297e-09
4.56667 0.0333333 1.30481e-09
4.63333 0.0333333 8.72107e-10
4.7 0.0333333 5.58864e-10
4.76667 0.0333333 3.33238e-10
4.83333 0.0333333 1.74389e-10
4.9 0.0333333 7.06129e-11
4.96667 0.0333333 1.80912e-11
0.0333333 0.1 2.19898e-05
0.1 0.1 3.09407e-05
0.166667 0.1 4.50419e-05
0.233333 0.1 5.88473e-05
0.3 0.1 6.54765e-05
0.366667 0.1 5.98293e-05
0.433333 0.1 4.13684e-05
0.5 0.1 1.49883e-05
0.566667 0.1 1.15305e-05
0.633333 0.1 3.17991e-05
0.7 0.1 4.29626e-05
0.766667 0.1 4.53875e-05
0.833333 0.1 4.12334e-05
0.9 0.1 3.33149e-05
0.966667 0.1 2.42246e-05
1.03333 0.1 1.57946e-05
1.1 0.1 8.98326e-06
1.16667 0.1 4.06441e-06
1.23333 0.1 9.06045e-07
1.3 0.1 8.08851e-07
1.36667 0.1 1.45458e-06
1.43333 0.1 1.39933e-06
1.5 0.1 9.7054e-07
1.56667 0.1 4.30649e-07
1.63333 0.1 3.96489e-08
1.7 0.1 3.45579e-07
1.76667 0.1 4.66596e-07
1.83333 0.1 4.32298e-07
1.9 0.1 2.95021e-07
1.96667 0.1 1.08016e-07
2.03333 0.1 8.66342e-08
2.1 0.1 2.61394e-07
2.16667 0.1 4.01443e-07
2.23333 0.1 5.0097e-07
2.3 0.1 5.5958e-07
2.36667 0.1 5.79599e-07
2.43333 0.1 5.64373e-07
2.5 0.1 5.17385e-07
2.56667 0.1 4.41981e-07
2.63333 0.1 3.41551e-07
2.7 0.1 2.2006e-07
2.76667 0.1 8.28421e-08
2.83333 0.1 6.24681e-08
2.9 0.1 2.05232e-07
2.96667 0.1 3.321e-07
3.03333 0.1 4.29122e-07
3.1 0.1 4.85638e-07
3.16667 0.1 4.98214e-07
3.23333 0.1 4.72145e-07
3.3 0.1 4.19272e-07
3.36667 0.1 3.53405e-07
3.43333 0.1 2.86103e-07
3.5 0.1 2.24704e-07
3.56667 0.1 1.7257e-07
3.63333 0.1 1.30354e-07
3.7 0.1 9.72568e-08
3.76667 0.1 7.1894e-08
3.83333 0.1 5.27729e-08
3.9 0.1 3.85281e-08
3.96667 0.1 2.80086e-08
4.03333 0.1 2.02908e-08
4.1 0.1 1.4656e-08
4.16667 0.1 1.05569e-08
4.23333 0.1 7.58289e-09
4.3 0.1 5.4292e-09
4.36667 0.1 3.87136e-09
4.43333 0.1 2.74509e-09
4.5 0.1 1.9307e-09
4.56667 0.1 1.34143e-09
4.63333 0.1 9.1474e-10
4.7 0.1 6.05969e-10
4.76667 0.1 3.83924e-10
4.83333 0.1 2.27916e-10
4.9 0.1 1.26015e-10
4.96667 0.1 7.41118e-11
0.0333333 0.166667 5.25153e-05
0.1 0.166667 5.1728e-05
0.166667 0.166667 4.80177e-05
0.233333 0.166667 4.04255e-05
0.3 0.166667 3.25506e-05
0.366667 0.166667 2.67573e-05
0.433333 0.166667 2.11191e-05
0.5 0.166667 1.07347e-05
0.566667 0.166667 4.31561e-06
0.633333 0.166667 1.90084e-05
0.7 0.166667 2.99339e-05
0.766667 0.166667 3.52495e-05
0.833333 0.166667 3.48747e-05
0.9 0.166667 3.03662e-05
0.966667 0.166667 2.39101e-05
1.03333 0.166667 1.73208e-05
1.1 0.166667 1.16162e-05
1.16667 0.166667 7.1395e-06
1.23333 0.166667 3.86666e-06
1.3 0.166667 1.63823e-06
1.36667 0.166667 2.64088e-07
1.43333 0.166667 4.42779e-07
1.5 0.166667 6.61751e-07
1.56667 0.166667 5.67052e-07
1.63333 0.166667 3.21188e-07
1.7 0.166667 5.69897e-08
1.76667 0.166667 1.4037e-07
1.83333 0.166667 2.37823e-07
1.9 0.166667 2.42589e-07
1.96667 0.166667 1.82591e-07
2.03333 0.166667 8.95249e-08
2.1 0.166667 1.06112e-08
2.16667 0.166667 1.00354e-07
2.23333 0.166667 1.69939e-07
2.3 0.166667 2.15209e-07
2.36667 0.166667 2.35573e-07
2.43333 0.166667 2.32469e-07
2.5 0.166667 2.08408e-07
2.56667 0.166667 1.66489e-07
2.63333 0.166667 1.10224e-07
2.7 0.166667 4.35272e-08
2.76667 0.166667 2.93111e-08
2.83333 0.166667 1.03718e-07
2.9 0.166667 1.75215e-07
2.96667 0.166667 2.39521e-07
3.03333 0.166667 2.92216e-07
3.1 0.166667 3.28253e-07
3.16667 0.166667 3.42988e-07
3.23333 0.166667 3.34886e-07
3.3 0.166667 3.07447e-07
3.36667 0.166667 2.67981e-07
3.43333 0.166667 2.24237e-07
3.5 0.166667 1.8187e-07
3.56667 0.166667 1.43998e-07
3.63333 0.166667 1.11867e-07
3.7 0.166667 8.56074e-08
3.76667 0.166667 6.47342e-08
3.83333 0.166667 4.84874e-08
3.9 0.166667 3.60432e-08
3.96667 0.166667 2.66288e-08
4.03333 0.166667 1.9575e-08
4.1 0.166667 1.43294e-08
4.16667 0.166667 1.04517e-08
4.23333 0.166667 7.59845e-09
4.3 0.166667 5.50667e-09
4.36667 0.166667 3.97748e-09
4.43333 0.166667 2.86196e-09
4.5 0.166667 2.04949e-09
4.56667 0.166667 1.45848e-09
4.63333 0.166667 1.02922e-09
4.7 0.166667 7.18424e-10
4.76667 0.166667 4.95339e-10
4.83333 0.166667 3.39107e-10
4.9 0.166667 2.37241e-10
4.96667 0.166667 1.85374e-10
0.0333333 0.233333 8.9798e-05
0.1 0.233333 7.83817e-05
0.166667 0.233333 5.15212e-05
0.233333 0.233333 1.98668e-05
0.3 0.233333 2.52746e-05
0.366667 0.233333 3.55584e-05
0.433333 0.233333 1.41489e-05
0.5 0.233333 3.99265e-06
0.566667 0.233333 9.43759e-06
0.633333 0.233333 3.82068e-06
0.7 0.233333 7.85707e-06
0.766667 0.233333 1.88822e-05
0.833333 0.233333 2.51779e-05
0.9 0.233333 2.62134e-05
0.966667 0.233333 2.37474e-05
1.03333 0.233333 1.98664e-05
1.1 0.233333 1.5826e-05
1.16667 0.233333 1.20508e-05
1.23333 0.233333 8.65195e-06
1.3 0.233333 5.67528e-06
1.36667 0.233333 3.17099e-06
1.43333 0.233333 1.22115e-06
1.5 0.233333 9.27318e-08
1.56667 0.233333 7.59763e-07
1.63333 0.233333 8.87628e-07
1.7 0.233333 6.77109e-07
1.76667 0.233333 3.40961e-07
1.83333 0.233333 3.03645e-08
1.9 0.233333 1.87028e-07
1.96667 0.233333 3.05599e-07
2.03333 0.233333 3.48742e-07
2.1 0.233333 3.45498e-07
2.16667 0.233333 3.19947e-07
2.23333 0.233333 2.8857e-07
2.3 0.233333 2.61003e-07
2.36667 0.233333 2.41735e-07
2.43333 0.233333 2.31716e-07
2.5 0.233333 2.29526e-07
2.56667 0.233333 2.32135e-07
2.63333 0.233333 2.35384e-07
2.7 0.233333 2.34425e-07
2.76667 0.233333 2.24382e-07
2.83333 0.233333 2.01512e-07
2.9 0.233333 1.64686e-07
2.96667 0.233333 1.21432e-07
3.03333 0.233333 8.82805e-08
3.1 0.233333 8.09615e-08
3.16667 0.233333 9.91827e-08
3.23333 0.233333 1.26556e-07
3.3 0.233333 1.45985e-07
3.36667 0.233333 1.50878e-07
3.43333 0.233333 1.43377e-07
3.5 0.233333 1.2823e-07
3.56667 0.233333 1.09505e-07
3.63333 0.233333 9.02937e-08
3.7 0.233333 7.24849e-08
3.76667 0.233333 5.69998e-08
3.83333 0.233333 4.41089e-08
3.9 0.233333 3.37055e-08
3.96667 0.233333 2.54996e-08
4.03333 0.233333 1.91379e-08
4.1 0.233333 1.42711e-08
4.16667 0.233333 1.05864e-08
4.23333 0.233333 7.8198e-09
4.3 0.233333 5.75619e-09
4.36667 0.233333 4.2253e-09
4.43333 0.233333 3.09473e-09
4.5 0.233333 2.26309e-09
4.56667 0.233333 1.65366e-09
4.63333 0.233333 1.20899e-09
4.7 0.233333 8.86637e-10
4.76667 0.233333 6.55822e-10
4.83333 0.233333 4.95174e-10
4.9 0.233333 3.91525e-10
4.96667 0.233333 3.40113e-10
0.0333333 0.3 0.000121673
0.1 0.3 0.000102795
0.166667 0.3 5.63026e-05
0.233333 0.3 1.62109e-05
0.3 0.3 6.23247e-05
0.366667 0.3 0.000166793
0.433333 0.3 8.14707e-05
0.5 0.3 3.9559e-06
0.566667 0.3 3.54751e-05
0.633333 0.3 4.14883e-05
0.7 0.3 2.75169e-05
0.766667 0.3 6.5181e-06
0.833333 0.3 1.12926e-05
0.9 0.3 2.08227e-05
0.966667 0.3 2.34876e-05
1.03333 0.3 2.31977e-05
1.1 0.3 2.14819e-05
1.16667 0.3 1.87567e-05
1.23333 0.3 1.53755e-05
1.3 0.3 1.15781e-05
1.36667 0.3 7.61821e-06
1.43333 0.3 3.87781e-06
1.5 0.3 8.59326e-07
1.56667 0.3 1.03357e-06
1.63333 0.3 1.73854e-06
1.7 0.3 1.56758e-06
1.76667 0.3 9.84128e-07
1.83333 0.3 3.54965e-07
1.9 0.3 1.42997e-07
1.96667 0.3 4.75053e-07
2.03333 0.3 6.69641e-07
2.1 0.3 7.68819e-07
2.16667 0.3 8.09033e-07
2.23333 0.3 8.1634e-07
2.3 0.3 8.07113e-07
2.36667 0.3 7.90214e-07
2.43333 0.3 7.69101e-07
2.5 0.3 7.43431e-07
2.56667 0.3 7.10133e-07
2.63333 0.3 6.64115e-07
2.7 0.3 5.98834e-07
2.76667 0.3 5.07044e-07
2.83333 0.3 3.82075e-07
2.9 0.3 2.19918e-07
2.96667 0.3 1.69147e-08
3.03333 0.3 1.76636e-07
3.1 0.3 2.8028e-07
3.16667 0.3 2.58071e-07
3.23333 0.3 1.59388e-07
3.3 0.3 5.71108e-08
3.36667 0.3 1.47129e-08
3.43333 0.3 5.5973e-08
3.5 0.3 7.34912e-08
3.56667 0.3 7.60189e-08
3.63333 0.3 7.03559e-08
3.7 0.3 6.10276e-08
3.76667 0.3 5.07442e-08
3.83333 0.3 4.09667e-08
3.9 0.3 3.23691e-08
3.96667 0.3 2.51659e-08
4.03333 0.3 1.93247e-08
4.1 0.3 1.46975e-08
4.16667 0.3 1.10953e-08
4.23333 0.3 8.32818e-09
4.3 0.3 6.22501e-09
4.36667 0.3 4.64015e-09
4.43333 0.3 3.45449e-09
4.5 0.3 2.57321e-09
4.56667 0.3 1.92228e-09
4.63333 0.3 1.44487e-09
4.7 0.3 1.09808e-09
4.76667 0.3 8.50147e-10
4.83333 0.3 6.78562e-10
4.9 0.3 5.69048e-10
4.96667 0.3 5.16128e-10
0.0333333 0.366667 0.000135155
0.1 0.366667 0.000113878
0.166667 0.366667 5.939e-05
0.233333 0.366667 2.87614e-05
0.3 0.366667 0.000169176
0.366667 0.366667 0.000108611
0.433333 0.366667 0.000134969
0.5 0.366667 1.08076e-05
0.566667 0.366667 7.63378e-05
0.633333 0.366667 0.000102773
0.7 0.366667 9.23098e-05
0.766667 0.366667 5.88665e-05
0.833333 0.366667 1.93355e-05
0.9 0.366667 1.42539e-05
0.966667 0.366667 2.23414e-05
1.03333 0.366667 2.68305e-05
1.1 0.366667 2.78355e-05
1.16667 0.366667 2.64816e-05
1.23333 0.366667 2.34666e-05
1.3 0.366667 1.91688e-05
1.36667 0.366667 1.37883e-05
1.43333 0.366667 7.81419e-06
1.5 0.366667 2.2731e-06
1.56667 0.366667 1.55775e-06
1.63333 0.366667 3.11146e-06
1.7 0.366667 2.86548e-06
1.76667 0.366667 1.81634e-06
1.83333 0.366667 7.23172e-07
1.9 0.366667 1.12008e-07
1.96667 0.366667 6.66331e-07
2.03333 0.366667 1.0025e-06
2.1 0.366667 1.18994e-06
2.16667 0.366667 1.28332e-06
2.23333 0.366667 1.32022e-06
2.3 0.366667 1.32411e-06
2.36667 0.366667 1.30805e-06
2.43333 0.366667 1.27776e-06
2.5 0.366667 1.23391e-06
2.56667 0.366667 1.17353e-06
2.63333 0.366667 1.09092e-06
2.7 0.366667 9.78231e-07
2.76667 0.366667 8.26001e-07
2.83333 0.366667 6.23836e-07
2.9 0.366667 3.61553e-07
2.96667 0.366667 2.9483e-08
3.03333 0.366667 4.63301e-07
3.1 0.366667 8.10212e-07
3.16667 0.366667 7.83331e-07
3.23333 0.366667 5.27195e-07
3.3 0.366667 2.84317e-07
3.36667 0.366667 1.19329e-07
3.43333 0.366667 2.36174e-08
3.5 0.366667 2.63464e-08
3.56667 0.366667 4.84345e-08
3.63333 0.366667 5.46205e-08
3.7 0.366667 5.24339e-08
3.76667 0.366667 4.63927e-08
3.83333 0.366667 3.90728e-08
3.9 0.366667 3.18442e-08
3.96667 0.366667 2.53567e-08
4.03333 0.366667 1.98493e-08
4.1 0.366667 1.53405e-08
4.16667 0.366667 1.1742e-08
4.23333 0.366667 8.92337e-09
4.3 0.366667 6.74735e-09
4.36667 0.366667 5.08667e-09
4.43333 0.366667 3.83144e-09
4.5 0.366667 2.89075e-09
4.56667 0.366667 2.19161e-09
4.63333 0.366667 1.67673e-09
4.7 0.366667 1.30206e-09
4.76667 0.366667 1.03453e-09
4.83333 0.366667 8.50291e-10
4.9 0.366667 7.33956e-10
4.96667 0.366667 6.79323e-10
0.0333333 0.433333 0.000124909
0.1 0.433333 0.000105552
0.166667 0.433333 5.63165e-05
0.233333 0.433333 1.56781e-05
0.3 0.433333 0.000108909
0.366667 0.433333 0.000164036
0.433333 0.433333 6.10645e-05
0.5 0.433333 4.59863e-05
0.566667 0.433333 0.000116082
0.633333 0.433333 0.000165946
0.7 0.433333 0.000169555
0.766667 0.433333 0.000127546
0.833333 0.433333 6.2502e-05
0.9 0.433333 4.22118e-06
0.966667 0.433333 2.14852e-05
1.03333 0.433333 3.0191e-05
1.1 0.433333 3.36183e-05
1.16667 0.433333 3.36847e-05
1.23333 0.433333 3.1458e-05
1.3 0.433333 2.74408e-05
1.36667 0.433333 2.16962e-05
1.43333 0.433333 1.3591e-05
1.5 0.433333 4.50657e-06
1.56667 0.433333 2.66991e-06
1.63333 0.433333 5.4956e-06
1.7 0.433333 4.80082e-06
1.76667 0.433333 2.84571e-06
1.83333 0.433333 1.10946e-06
1.9 0.433333 8.54993e-08
1.96667 0.433333 8.36088e-07
2.03333 0.433333 1.27924e-06
2.1 0.433333 1.52443e-06
2.16667 0.433333 1.64774e-06
2.23333 0.433333 1.69827e-06
2.3 0.433333 1.70565e-06
2.36667 0.433333 1.68622e-06
2.43333 0.433333 1.64735e-06
2.5 0.433333 1.59042e-06
2.56667 0.433333 1.51263e-06
2.63333 0.433333 1.40814e-06
2.7 0.433333 1.26873e-06
2.76667 0.433333 1.08422e-06
2.83333 0.433333 8.43016e-07
2.9 0.433333 5.32729e-07
2.96667 0.433333 1.45552e-07
3.03333 0.433333 3.23958e-07
3.1 0.433333 1.66051e-06
3.16667 0.433333 1.69621e-06
3.23333 0.433333 9.39766e-07
3.3 0.433333 4.77825e-07
3.36667 0.433333 2.21455e-07
3.43333 0.433333 8.03795e-08
3.5 0.433333 5.93899e-09
3.56667 0.433333 3.0072e-08
3.63333 0.433333 4.43872e-08
3.7 0.433333 4.69813e-08
3.76667 0.433333 4.37288e-08
3.83333 0.433333 3.79987e-08
3.9 0.433333 3.16399e-08
3.96667 0.433333 2.55953e-08
4.03333 0.433333 2.02838e-08
4.1 0.433333 1.58337e-08
4.16667 0.433333 1.22222e-08
4.23333 0.433333 9.35758e-09
4.3 0.433333 7.12408e-09
4.36667 0.433333 5.40611e-09
4.43333 0.433333 4.0994e-09
4.5 0.433333 3.11528e-09
4.56667 0.433333 2.38114e-09
4.63333 0.433333 1.83919e-09
4.7 0.433333 1.44447e-09
4.76667 0.433333 1.16295e-09
4.83333 0.433333 9.69895e-10
4.9 0.433333 8.49202e-10
4.96667 0.433333 7.94169e-10
0.0333333 0.5 9.70434e-05
0.1 0.5 8.21339e-05
0.166667 0.5 4.50795e-05
0.233333 0.5 4.357e-06
0.3 0.5 4.92996e-05
0.366667 0.5 4.62538e-05
0.433333 0.5 5.47822e-06
0.5 0.5 7.16967e-05
0.566667 0.5 0.000128557
0.633333 0.5 0.000176827
0.7 0.5 0.00018282
0.766667 0.5 0.000140292
0.833333 0.5 7.00908e-05
0.9 0.5 1.41509e-06
0.966667 0.5 2.22369e-05
1.03333 0.5 3.2696e-05
1.1 0.5 3.73614e-05
1.16667 0.5 3.84355e-05
1.23333 0.5 3.71531e-05
1.3 0.5 3.41586e-05
1.36667 0.5 2.9673e-05
1.43333 0.5 2.34915e-05
1.5 0.5 8.95196e-06
1.56667 0.5 4.59401e-06
1.63333 0.5 1.00557e-05
1.7 0.5 7.63475e-06
1.76667 0.5 3.89073e-06
1.83333 0.5 1.43304e-06
1.9 0.5 6.47408e-08
1.96667 0.5 9.43571e-07
2.03333 0.5 1.43839e-06
2.1 0.5 1.70108e-06
2.16667 0.5 1.8268e-06
2.23333 0.5 1.87332e-06
2.3 0.5 1.87417e-06
2.36667 0.5 1.84732e-06
2.43333 0.5 1.8007e-06
2.5 0.5 1.73579e-06
2.56667 0.5 1.64967e-06
2.63333 0.5 1.53634e-06
2.7 0.5 1.38742e-06
2.76667 0.5 1.19271e-06
2.83333 0.5 9.40646e-07
2.9 0.5 6.19784e-07
2.96667 0.5 2.20386e-07
3.03333 0.5 1.67418e-07
3.1 0.5 2.00161e-06
3.16667 0.5 2.47821e-06
3.23333 0.5 1.12749e-06
3.3 0.5 5.56225e-07
3.36667 0.5 2.59777e-07
3.43333 0.5 1.00757e-07
3.5 0.5 1.71488e-08
3.56667 0.5 2.38937e-08
3.63333 0.5 4.10713e-08
3.7 0.5 4.53114e-08
3.76667 0.5 4.29966e-08
3.83333 0.5 3.77853e-08
3.9 0.5 3.16977e-08
3.96667 0.5 2.57805e-08
4.03333 0.5 2.05151e-08
4.1 0.5 1.60674e-08
4.16667 0.5 1.24372e-08
4.23333 0.5 9.54538e-09
4.3 0.5 7.28319e-09
4.36667 0.5 5.53858e-09
4.43333 0.5 4.20883e-09
4.5 0.5 3.2057e-09
4.56667 0.5 2.45643e-09
4.63333 0.5 1.90284e-09
4.7 0.5 1.49949e-09
4.76667 0.5 1.21184e-09
4.83333 0.5 1.01478e-09
4.9 0.5 8.91823e-10
4.96667 0.5 8.35981e-10
0.0333333 0.566667 6.36054e-05
0.1 0.566667 5.35861e-05
0.166667 0.566667 2.91314e-05
0.233333 0.566667 1.00107e-06
0.3 0.566667 1.43662e-05
0.366667 0.566667 4.48568e-06
0.433333 0.566667 2.83711e-05
0.5 0.566667 6.92396e-05
0.566667 0.566667 0.000106353
0.633333 0.566667 0.000138744
0.7 0.566667 0.000140534
0.766667 0.566667 0.000105954
0.833333 0.566667 4.93159e-05
0.9 0.566667 8.6114e-06
0.966667 0.566667 2.4724e-05
1.03333 0.566667 3.34825e-05
1.1 0.566667 3.76201e-05
1.16667 0.566667 3.87813e-05
1.23333 0.566667 3.79959e-05
1.3 0.566667 3.59036e-05
1.36667 0.566667 3.30288e-05
1.43333 0.566667 3.01096e-05
1.5 0.566667 3.29964e-05
1.56667 0.566667 1.1381e-05
1.63333 0.566667 2.16426e-05
1.7 0.566667 1.01023e-05
1.76667 0.566667 4.547e-06
1.83333 0.566667 1.58965e-06
1.9 0.566667 4.90905e-08
1.96667 0.566667 9.5108e-07
2.03333 0.566667 1.43061e-06
2.1 0.566667 1.6683e-06
2.16667 0.566667 1.76989e-06
2.23333 0.566667 1.79663e-06
2.3 0.566667 1.78272e-06
2.36667 0.566667 1.74576e-06
2.43333 0.566667 1.69306e-06
2.5 0.566667 1.62549e-06
2.56667 0.566667 1.53962e-06
2.63333 0.566667 1.42908e-06
2.7 0.566667 1.28516e-06
2.76667 0.566667 1.09739e-06
2.83333 0.566667 8.53924e-07
2.9 0.566667 5.42298e-07
2.96667 0.566667 1.54874e-07
3.03333 0.566667 3.12243e-07
3.1 0.566667 1.6524e-06
3.16667 0.566667 1.69445e-06
3.23333 0.566667 9.3994e-07
3.3 0.566667 4.78044e-07
3.36667 0.566667 2.21611e-07
3.43333 0.566667 8.04787e-08
3.5 0.566667 5.99966e-09
3.56667 0.566667 3.00355e-08
3.63333 0.566667 4.43655e-08
3.7 0.566667 4.69685e-08
3.76667 0.566667 4.37213e-08
3.83333 0.566667 3.79943e-08
3.9 0.566667 3.16372e-08
3.96667 0.566667 2.55937e-08
4.03333 0.566667 2.02829e-08
4.1 0.566667 1.58331e-08
4.16667 0.566667 1.22219e-08
4.23333 0.566667 9.35739e-09
4.3 0.566667 7.12397e-09
4.36667 0.566667 5.40605e-09
4.43333 0.566667 4.09937e-09
4.5 0.566667 3.11526e-09
4.56667 0.566667 2.38113e-09
4.63333 0.566667 1.83918e-09
4.7 0.566667 1.44447e-09
4.76667 0.566667 1.16294e-09
4.83333 0.566667 9.69892e-10
4.9 0.566667 8.492e-10
4.96667 0.566667 7.94167e-10
0.0333333 0.633333 3.51266e-05
0.1 0.633333 2.93808e-05
0.166667 0.633333 1.56473e-05
0.233333 0.633333 2.1842e-06
0.3 0.633333 2.53908e-06
0.366667 0.633333 5.96302e-06
0.433333 0.633333 2.4929e-05
0.5 0.633333 4.6607e-05
0.566667 0.633333 6.29652e-05
0.633333 0.633333 6.69627e-05
0.7 0.633333 5.45893e-05
0.766667 0.633333 3.09098e-05
0.833333 0.633333 2.43267e-06
0.9 0.633333 2.10118e-05
0.966667 0.633333 2.716e-05
1.03333 0.633333 3.1853e-05
1.1 0.633333 3.39615e-05
1.16667 0.633333 3.42013e-05
1.23333 0.633333 3.31125e-05
1.3 0.633333 3.10447e-05
1.36667 0.633333 2.82574e-05
1.43333 0.633333 2.54227e-05
1.5 0.633333 2.43108e-05
1.56667 0.633333 1.38557e-05
1.63333 0.633333 2.54657e-05
1.7 0.633333 1.00265e-05
1.76667 0.633333 4.32348e-06
1.83333 0.633333 1.44355e-06
1.9 0.633333 7.53307e-08
1.96667 0.633333 8.67805e-07
2.03333 0.633333 1.25971e-06
2.1 0.633333 1.432e-06
2.16667 0.633333 1.4874e-06
2.23333 0.633333 1.4835e-06
2.3 0.633333 1.45123e-06
2.36667 0.633333 1.40562e-06
2.43333 0.633333 1.35218e-06
2.5 0.633333 1.2906e-06
2.56667 0.633333 1.2168e-06
2.63333 0.633333 1.12412e-06
2.7 0.633333 1.00392e-06
2.76667 0.633333 8.46114e-07
2.83333 0.633333 6.39853e-07
2.9 0.633333 3.74584e-07
2.96667 0.633333 4.02638e-08
3.03333 0.633333 4.55825e-07
3.1 0.633333 8.0656e-07
3.16667 0.633333 7.82451e-07
3.23333 0.633333 5.27459e-07
3.3 0.633333 2.84683e-07
3.36667 0.633333 1.19596e-07
3.43333 0.633333 2.379e-08
3.5 0.633333 2.62398e-08
3.56667 0.633333 4.83701e-08
3.63333 0.633333 5.4582e-08
3.7 0.633333 5.2411e-08
3.76667 0.633333 4.63792e-08
3.83333 0.633333 3.90648e-08
3.9 0.633333 3.18395e-08
3.96667 0.633333 2.5354e-08
4.03333 0.633333 1.98477e-08
4.1 0.633333 1.53396e-08
4.16667 0.633333 1.17414e-08
4.23333 0.633333 8.92304e-09
4.3 0.633333 6.74715e-09
4.36667 0.633333 5.08655e-09
4.43333 0.633333 3.83137e-09
4.5 0.633333 2.89071e-09
4.56667 0.633333 2.19159e-09
4.63333 0.633333 1.67672e-09
4.7 0.633333 1.30205e-09
4.76667 0.633333 1.03452e-09
4.83333 0.633333 8.50287e-10
4.9 0.633333 7.33953e-10
4.96667 0.633333 6.7932e-10
0.0333333 0.7 1.59984e-05
0.1 0.7 1.3164e-05
0.166667 0.7 6.42396e-06
0.233333 0.7 2.83055e-07
0.3 0.7 1.37065e-06
0.366667 0.7 2.81038e-06
0.433333 0.7 1.08431e-05
0.5 0.7 1.8463e-05
0.566667 0.7 2.10018e-05
0.633333 0.7 1.57829e-05
0.7 0.7 3.97691e-06
0.766667 0.7 9.81927e-06
0.833333 0.7 2.08142e-05
0.9 0.7 2.63318e-05
0.966667 0.7 2.77176e-05
1.03333 0.7 2.77342e-05
1.1 0.7 2.70724e-05
1.16667 0.7 2.572e-05
1.23333 0.7 2.37504e-05
1.3 0.7 2.10992e-05
1.36667 0.7 1.75171e-05
1.43333 0.7 1.22221e-05
1.5 0.7 1.28383e-06
1.56667 0.7 1.23756e-05
1.63333 0.7 1.31903e-05
1.7 0.7 7.2569e-06
1.76667 0.7 3.14849e-06
1.83333 0.7 9.64347e-07
1.9 0.7 1.72331e-07
1.96667 0.7 7.27968e-07
2.03333 0.7 9.66574e-07
2.1 0.7 1.0396e-06
2.16667 0.7 1.03256e-06
2.23333 0.7 9.92009e-07
2.3 0.7 9.4164e-07
2.36667 0.7 8.9187e-07
2.43333 0.7 8.45463e-07
2.5 0.7 8.00706e-07
2.56667 0.7 7.53138e-07
2.63333 0.7 6.96479e-07
2.7 0.7 6.23247e-07
2.76667 0.7 5.25471e-07
2.83333 0.7 3.9591e-07
2.9 0.7 2.3007e-07
2.96667 0.7 2.37504e-08
3.03333 0.7 1.72809e-07
3.1 0.7 2.78813e-07
3.16667 0.7 2.57985e-07
3.23333 0.7 1.59804e-07
3.3 0.7 5.75537e-08
3.36667 0.7 1.43891e-08
3.43333 0.7 5.57616e-08
3.5 0.7 7.33596e-08
3.56667 0.7 7.5939e-08
3.63333 0.7 7.0308e-08
3.7 0.7 6.09991e-08
3.76667 0.7 5.07273e-08
3.83333 0.7 4.09567e-08
3.9 0.7 3.23633e-08
3.96667 0.7 2.51625e-08
4.03333 0.7 1.93227e-08
4.1 0.7 1.46963e-08
4.16667 0.7 1.10946e-08
4.23333 0.7 8.32777e-09
4.3 0.7 6.22477e-09
4.36667 0.7 4.64e-09
4.43333 0.7 3.45441e-09
4.5 0.7 2.57316e-09
4.56667 0.7 1.92225e-09
4.63333 0.7 1.44486e-09
4.7 0.7 1.09807e-09
4.76667 0.7 8.5014e-10
4.83333 0.7 6.78557e-10
4.9 0.7 5.69044e-10
4.96667 0.7 5.16125e-10
0.0333333 0.766667 5.67299e-06
0.1 0.766667 4.40721e-06
0.166667 0.766667 1.24496e-06
0.233333 0.766667 2.02613e-06
0.3 0.766667 4.06974e-06
0.366667 0.766667 4.65992e-06
0.433333 0.766667 4.79883e-06
0.5 0.766667 6.16622e-06
0.566667 0.766667 1.00434e-05
0.633333 0.766667 1.63033e-05
0.7 0.766667 2.32433e-05
0.766667 0.766667 2.84513e-05
0.833333 0.766667 3.0307e-05
0.9 0.766667 2.89582e-05
0.966667 0.766667 2.57707e-05
1.03333 0.766667 2.21509e-05
1.1 0.766667 1.88165e-05
1.16667 0.766667 1.58478e-05
1.23333 0.766667 1.30781e-05
1.3 0.766667 1.02205e-05
1.36667 0.766667 6.83015e-06
1.43333 0.766667 2.30511e-06
1.5 0.766667 2.83833e-06
1.56667 0.766667 5.8823e-06
1.63333 0.766667 5.61081e-06
1.7 0.766667 3.44219e-06
1.76667 0.766667 1.42447e-06
1.83333 0.766667 2.18295e-07
1.9 0.766667 3.72737e-07
1.96667 0.766667 5.99916e-07
2.03333 0.766667 6.36286e-07
2.1 0.766667 5.85916e-07
2.16667 0.766667 5.06678e-07
2.23333 0.766667 4.28026e-07
2.3 0.766667 3.62992e-07
2.36667 0.766667 3.15567e-07
2.43333 0.766667 2.84969e-07
2.5 0.766667 2.67933e-07
2.56667 0.766667 2.59865e-07
2.63333 0.766667 2.55403e-07
2.7 0.766667 2.4881e-07
2.76667 0.766667 2.34572e-07
2.83333 0.766667 2.08484e-07
2.9 0.766667 1.69094e-07
2.96667 0.766667 1.2378e-07
3.03333 0.766667 8.90864e-08
3.1 0.766667 8.08024e-08
3.16667 0.766667 9.85973e-08
3.23333 0.766667 1.25919e-07
3.3 0.766667 1.45472e-07
3.36667 0.766667 1.50521e-07
3.43333 0.766667 1.43147e-07
3.5 0.766667 1.28087e-07
3.56667 0.766667 1.09419e-07
3.63333 0.766667 9.0242e-08
3.7 0.766667 7.24542e-08
3.76667 0.766667 5.69817e-08
3.83333 0.766667 4.40982e-08
3.9 0.766667 3.36993e-08
3.96667 0.766667 2.54959e-08
4.03333 0.766667 1.91357e-08
4.1 0.766667 1.42698e-08
4.16667 0.766667 1.05857e-08
4.23333 0.766667 7.81936e-09
4.3 0.766667 5.75594e-09
4.36667 0.766667 4.22515e-09
4.43333 0.766667 3.09464e-09
4.5 0.766667 2.26304e-09
4.56667 0.766667 1.65363e-09
4.63333 0.766667 1.20897e-09
4.7 0.766667 8.86626e-10
4.76667 0.766667 6.55815e-10
4.83333 0.766667 4.95169e-10
4.9 0.766667 3.91522e-10
4.96667 0.766667 3.4011e-10
0.0333333 0.833333 1.34053e-06
0.1 0.833333 7.33741e-07
0.166667 0.833333 1.02549e-06
0.233333 0.833333 3.77801e-06
0.3 0.833333 7.47719e-06
0.366667 0.833333 1.21826e-05
0.433333 0.833333 1.79423e-05
0.5 0.833333 2.45608e-05
0.566667 0.833333 3.13443e-05
0.633333 0.833333 3.7049e-05
0.7 0.833333 4.02227e-05
0.766667 0.833333 3.98896e-05
0.833333 0.833333 3.61228e-05
0.9 0.833333 3.00215e-05
0.966667 0.833333 2.31108e-05
1.03333 0.833333 1.66439e-05
1.1 0.833333 1.12768e-05
1.16667 0.833333 7.14433e-06
1.23333 0.833333 4.07892e-06
1.3 0.833333 1.77881e-06
1.36667 0.833333 6.80386e-08
1.43333 0.833333 1.56209e-06
1.5 0.833333 2.42893e-06
1.56667 0.833333 2.37043e-06
1.63333 0.833333 1.52272e-06
1.7 0.833333 4.69189e-07
1.76667 0.833333 2.89939e-07
1.83333 0.833333 6.28746e-07
1.9 0.833333 6.62229e-07
1.96667 0.833333 5.36771e-07
2.03333 0.833333 3.54549e-07
2.1 0.833333 1.73573e-07
2.16667 0.833333 2.12871e-08
2.23333 0.833333 9.26255e-08
2.3 0.833333 1.67595e-07
2.36667 0.833333 2.07088e-07
2.43333 0.833333 2.15948e-07
2.5 0.833333 1.99206e-07
2.56667 0.833333 1.61692e-07
2.63333 0.833333 1.08059e-07
2.7 0.833333 4.29404e-08
2.76667 0.833333 2.89291e-08
2.83333 0.833333 1.0272e-07
2.9 0.833333 1.73827e-07
2.96667 0.833333 2.37931e-07
3.03333 0.833333 2.9061e-07
3.1 0.833333 3.26799e-07
3.16667 0.833333 3.418e-07
3.23333 0.833333 3.34e-07
3.3 0.833333 3.06835e-07
3.36667 0.833333 2.67583e-07
3.43333 0.833333 2.23988e-07
3.5 0.833333 1.81718e-07
3.56667 0.833333 1.43907e-07
3.63333 0.833333 1.11813e-07
3.7 0.833333 8.55754e-08
3.76667 0.833333 6.47154e-08
3.83333 0.833333 4.84764e-08
3.9 0.833333 3.60367e-08
3.96667 0.833333 2.6625e-08
4.03333 0.833333 1.95728e-08
4.1 0.833333 1.43281e-08
4.16667 0.833333 1.04509e-08
4.23333 0.833333 7.59801e-09
4.3 0.833333 5.50642e-09
4.36667 0.833333 3.97733e-09
4.43333 0.833333 2.86187e-09
4.5 0.833333 2.04943e-09
4.56667 0.833333 1.45845e-09
4.63333 0.833333 1.02921e-09
4.7 0.833333 7.18413e-10
4.76667 0.833333 4.95333e-10
4.83333 0.833333 3.39103e-10
4.9 0.833333 2.37238e-10
4.96667 0.833333 1.85372e-10
0.0333333 0.9 9.78887e-08
0.1 0.9 3.16831e-07
0.166667 0.9 1.7388e-06
0.233333 0.9 4.84889e-06
0.3 0.9 1.01883e-05
0.366667 0.9 1.7798e-05
0.433333 0.9 2.70253e-05
0.5 0.9 3.65548e-05
0.566667 0.9 4.46632e-05
0.633333 0.9 4.96578e-05
0.7 0.9 5.04029e-05
0.766667 0.9 4.67356e-05
0.833333 0.9 3.95373e-05
0.9 0.9 3.0382e-05
0.966667 0.9 2.09483e-05
1.03333 0.9 1.25253e-05
1.1 0.9 5.81995e-06
1.16667 0.9 1.03458e-06
1.23333 0.9 1.94487e-06
1.3 0.9 3.38294e-06
1.36667 0.9 3.58976e-06
1.43333 0.9 2.88692e-06
1.5 0.9 1.63587e-06
1.56667 0.9 2.53068e-07
1.63333 0.9 8.63452e-07
1.7 0.9 1.47744e-06
1.76667 0.9 1.5855e-06
1.83333 0.9 1.34679e-06
1.9 0.9 9.50264e-07
1.96667 0.9 5.31853e-07
2.03333 0.9 1.62941e-07
2.1 0.9 1.29616e-07
2.16667 0.9 3.42939e-07
2.23333 0.9 4.84636e-07
2.3 0.9 5.65389e-07
2.36667 0.9 5.95481e-07
2.43333 0.9 5.8351e-07
2.5 0.9 5.36218e-07
2.56667 0.9 4.58869e-07
2.63333 0.9 3.55922e-07
2.7 0.9 2.31894e-07
2.76667 0.9 9.23719e-08
2.83333 0.9 5.4926e-08
2.9 0.9 1.99362e-07
2.96667 0.9 3.27622e-07
3.03333 0.9 4.25795e-07
3.1 0.9 4.83245e-07
3.16667 0.9 4.96556e-07
3.23333 0.9 4.7104e-07
3.3 0.9 4.18561e-07
3.36667 0.9 3.52962e-07
3.43333 0.9 2.85833e-07
3.5 0.9 2.24542e-07
3.56667 0.9 1.72474e-07
3.63333 0.9 1.30297e-07
3.7 0.9 9.72238e-08
3.76667 0.9 7.18747e-08
3.83333 0.9 5.27616e-08
3.9 0.9 3.85215e-08
3.96667 0.9 2.80048e-08
4.03333 0.9 2.02886e-08
4.1 0.9 1.46547e-08
4.16667 0.9 1.05561e-08
4.23333 0.9 7.58245e-09
4.3 0.9 5.42895e-09
4.36667 0.9 3.87122e-09
4.43333 0.9 2.745e-09
4.5 0.9 1.93065e-09
4.56667 0.9 1.3414e-09
4.63333 0.9 9.14724e-10
4.7 0.9 6.05959e-10
4.76667 0.9 3.83918e-10
4.83333 0.9 2.27913e-10
4.9 0.9 1.26014e-10
4.96667 0.9 7.4111e-11
0.0333333 0.966667 4.05811e-08
0.1 0.966667 4.04043e-07
0.166667 0.966667 1.82913e-06
0.233333 0.966667 5.33317e-06
0.3 0.966667 1.16659e-05
0.366667 0.966667 2.07949e-05
0.433333 0.966667 3.16992e-05
0.5 0.966667 4.25436e-05
0.566667 0.966667 5.11695e-05
0.633333 0.966667 5.57367e-05
0.7 0.966667 5.52891e-05
0.766667 0.966667 5.00286e-05
0.833333 0.966667 4.11817e-05
0.9 0.966667 3.05319e-05
0.966667 0.966667 1.98486e-05
1.03333 0.966667 1.04668e-05
1.1 0.966667 3.13824e-06
1.16667 0.966667 1.88887e-06
1.23333 0.966667 4.6969e-06
1.3 0.966667 5.55491e-06
1.36667 0.966667 4.85952e-06
1.43333 0.966667 3.13812e-06
1.5 0.966667 1.02758e-06
1.56667 0.966667 8.46576e-07
1.63333 0.966667 2.05666e-06
1.7 0.966667 2.49028e-06
1.76667 0.966667 2.30625e-06
1.83333 0.966667 1.77745e-06
1.9 0.966667 1.14516e-06
1.96667 0.966667 5.57394e-07
2.03333 0.966667 7.78389e-08
2.1 0.966667 2.81056e-07
2.16667 0.966667 5.30111e-07
2.23333 0.966667 6.873e-07
2.3 0.966667 7.70273e-07
2.36667 0.966667 7.9362e-07
2.43333 0.966667 7.68379e-07
2.5 0.966667 7.025e-07
2.56667 0.966667 6.01728e-07
2.63333 0.966667 4.70706e-07
2.7 0.966667 3.14317e-07
2.76667 0.966667 1.39228e-07
2.83333 0.966667 4.4584e-08
2.9 0.966667 2.23036e-07
2.96667 0.966667 3.78925e-07
3.03333 0.966667 4.95356e-07
3.1 0.966667 5.60743e-07
3.16667 0.966667 5.72934e-07
3.23333 0.966667 5.39889e-07
3.3 0.966667 4.76375e-07
3.36667 0.966667 3.98669e-07
3.43333 0.966667 3.201e-07
3.5 0.966667 2.49072e-07
3.56667 0.966667 1.89371e-07
3.63333 0.966667 1.41586e-07
3.7 0.966667 1.04589e-07
3.76667 0.966667 7.65895e-08
3.83333 0.966667 5.57314e-08
3.9 0.966667 4.03637e-08
3.96667 0.966667 2.91291e-08
4.03333 0.966667 2.09612e-08
4.1 0.966667 1.50461e-08
4.16667 0.966667 1.07742e-08
4.23333 0.966667 7.69464e-09
4.3 0.966667 5.47703e-09
4.36667 0.966667 3.88075e-09
4.43333 0.966667 2.73136e-09
4.5 0.966667 1.90292e-09
4.56667 0.966667 1.30479e-09
4.63333 0.966667 8.72091e-10
4.7 0.966667 5.58855e-10
4.76667 0.966667 3.33233e-10
4.83333 0.966667 1.74387e-10
4.9 0.966667 7.06121e-11
4.96667 0.966667 1.80911e-11
