0
0
6.31195e-08
0
0
1.28334e-07
0
0
1.40097e-05
0
0
7.53634e-05
-0
1.90425e-12
6.08138e-05
1.96719e-21
-7.72082e-13
0.000330145
0
0
1.9516e-05
0
0
0.0001071
0
0
-0
0
0
2.86682e-20
-3.5339e-22
-4.17147e-22
-9.26358e-21
-2.71285e-21
-7.0553e-21
4.59031e-20
0
0
6.63494e-22
0
0
-1.93621e-20
-1.12832e-21
9.25185e-23
3.75888e-22
-8.3621e-21
-4.68166e-21
1.5243e-20
0
0
-0
0
0
-1.64466e-20
-4.42871e-22
4.43487e-22
-7.31332e-22
-6.95928e-21
7.88054e-21
-8.39775e-21
0
0
1.20692e-05
0
0
3.6827e-05
-1.63086e-21
3.78361e-12
3.99053e-05
4.02048e-21
-1.77387e-12
0.000139001
0
0
1.18303e-07
0
0
4.68145e-07
6.39475e-22
6.81771e-13
8.41898e-06
7.25307e-23
-4.21513e-13
1.66556e-05
0
0
-2.73115e-07
0
0
-3.38254e-07
-1.36638e-21
2.73009e-14
-1.64593e-06
-1.0147e-21
1.40876e-15
-2.147e-06
0
0
-5.66383e-07
0
0
-7.20727e-07
-0
3.21224e-14
-3.4951e-06
7.25846e-21
6.11271e-16
-4.77714e-06
0
0
-6.98313e-07
0
0
-6.89174e-07
1.36922e-21
2.41161e-14
-4.31261e-06
-8.87527e-22
2.30956e-16
-4.73278e-06
0
0
-6.73994e-07
0
0
-4.12887e-07
-1.30636e-21
9.61293e-15
-4.14658e-06
3.64456e-21
5.26569e-17
-3.14168e-06
0
0
-5.43801e-07
0
0
-6.64551e-08
6.01778e-22
1.76485e-15
-3.32645e-06
-6.2707e-22
4.52417e-18
-1.10235e-06
0
0
-3.71086e-07
0
0
2.43078e-07
-2.1243e-21
-9.07171e-18
-2.25193e-06
2.82155e-21
-1.50956e-19
7.39643e-07
0
0
-2.0795e-07
0
0
4.70651e-07
1.10876e-21
-4.24024e-18
-1.24651e-06
6.00572e-21
1.42742e-20
2.11817e-06
0
0
-8.42622e-08
0
0
6.06158e-07
-1.03016e-21
-7.38359e-17
-4.92225e-07
-1.52378e-21
1.0357e-19
2.9733e-06
0
0
-7.94473e-09
0
0
6.54959e-07
3.53599e-22
-2.1785e-16
-3.30234e-08
1.48164e-21
6.01258e-20
3.33403e-06
0
0
2.78352e-08
0
0
6.28324e-07
1.09718e-22
-2.6872e-16
1.77885e-07
1.38301e-21
-3.68117e-19
3.26215e-06
0
0
3.58372e-08
0
0
5.40088e-07
6.30563e-24
-1.89566e-16
2.2143e-07
3.71518e-21
-7.72685e-19
2.83341e-06
0
0
2.83645e-08
0
0
4.0625e-07
-9.40779e-23
1.96811e-17
1.73308e-07
-2.1187e-21
2.51282e-19
2.13644e-06
0
0
1.44941e-08
0
0
2.45322e-07
-3.36967e-23
1.25566e-17
8.81786e-08
3.43029e-21
2.97673e-19
1.27601e-06
0
0
-1.34326e-10
0
0
7.79169e-08
3.27189e-23
-1.33782e-17
-4.64328e-10
-1.93274e-21
6.28427e-19
3.71589e-07
0
0
-1.25062e-08
0
0
-7.52188e-08
0
-4.30037e-17
-7.4859e-08
1.71837e-21
1.85898e-18
-4.54237e-07
0
0
-2.13632e-08
0
0
-1.96596e-07
0
-6.69229e-17
-1.27655e-07
-2.22531e-22
2.96202e-18
-1.09695e-06
0
0
-2.65682e-08
0
0
-2.75577e-07
5.35731e-23
-7.07985e-17
-1.58179e-07
-3.03864e-23
3.20062e-18
-1.49322e-06
0
0
-2.86642e-08
0
0
-3.10406e-07
0
-5.85062e-17
-1.69859e-07
1.41313e-22
2.67135e-18
-1.63426e-06
0
0
-2.85299e-08
0
0
-3.07518e-07
-2.99864e-23
-3.23788e-17
-1.68164e-07
-1.30006e-21
1.46166e-18
-1.56167e-06
0
0
-2.70948e-08
0
0
-2.784e-07
-1.84107e-22
6.8638e-18
-1.58838e-07
1.02624e-22
-2.77147e-19
-1.34723e-06
0
0
-2.51316e-08
0
0
-2.35545e-07
-9.25884e-23
7.73245e-20
-1.4662e-07
-1.01157e-21
-1.22133e-20
-1.06724e-06
0
0
-2.3155e-08
0
0
-1.89246e-07
9.16921e-23
-4.39036e-19
-1.34597e-07
-1.43925e-22
1.57904e-20
-7.82677e-07
0
0
-2.14174e-08
0
0
-1.46146e-07
5.96513e-23
1.47724e-22
-1.2423e-07
-4.42254e-22
5.34731e-23
-5.30877e-07
0
0
-1.9971e-08
0
0
-1.09395e-07
5.73745e-23
-3.45512e-23
-1.15752e-07
-1.61818e-22
4.07448e-24
-3.27518e-07
0
0
-1.87495e-08
0
0
-7.96714e-08
-2.7195e-22
5.45224e-23
-1.08697e-07
1.63486e-22
6.61333e-23
-1.73558e-07
0
0
-1.76371e-08
0
0
-5.63251e-08
1.01608e-22
-0
-1.02319e-07
-3.22388e-22
2.61937e-23
-6.25478e-08
0
0
-1.65122e-08
0
0
-3.82421e-08
-2.80406e-22
2.2432e-24
-9.58596e-08
-0
7.59079e-23
1.41064e-08
0
0
-1.52707e-08
0
0
-2.4339e-08
-1.26912e-22
1.02127e-23
-8.86753e-08
5.8913e-22
-0
6.42802e-08
0
0
-1.38338e-08
0
0
-1.37701e-08
-1.12912e-22
-5.92772e-25
-8.02831e-08
2.73643e-22
3.57806e-22
9.40288e-08
0
0
-1.21499e-08
0
0
-5.96583e-09
-6.5709e-23
-1.14141e-23
-7.03685e-08
3.74119e-22
-0
1.07486e-07
0
0
-1.01966e-08
0
0
-5.89173e-10
-1.68421e-22
-1.59295e-23
-5.87906e-08
-1.11386e-22
5.69591e-22
1.07213e-07
0
0
-7.98323e-09
0
0
2.53991e-09
0
2.92498e-23
-4.56011e-08
-5.83579e-22
9.28601e-23
9.47163e-08
0
0
-5.55783e-09
0
0
3.53314e-09
-1.13465e-22
-1.3253e-24
-3.10846e-08
-8.27061e-22
2.09588e-22
7.10156e-08
0
0
-3.01719e-09
0
0
2.5338e-09
0
-9.20275e-24
-1.58192e-08
-0
8.18242e-22
3.72717e-08
0
0
-5.16578e-10
0
0
-1.7128e-10
-1.3065e-22
3.48007e-24
-7.40005e-10
-0
-6.42517e-22
-4.5199e-09
0
0
1.72885e-09
0
0
-4.04246e-09
-8.97677e-23
1.34808e-23
1.28423e-08
-3.17437e-22
2.77032e-22
-5.08351e-08
0
0
3.46623e-09
0
0
-8.2309e-09
9.09434e-24
4.13105e-24
2.33612e-08
1.06088e-22
7.26873e-22
-9.62205e-08
0
0
4.46436e-09
0
0
-1.1657e-08
-8.48775e-24
8.52092e-24
2.93496e-08
8.62614e-23
1.4735e-22
-1.33723e-07
0
0
4.60257e-09
0
0
-1.32738e-08
-2.23826e-24
1.88684e-23
3.00053e-08
6.8792e-24
7.15383e-22
-1.56551e-07
0
0
3.94639e-09
0
0
-1.24424e-08
-1.60336e-23
-1.17394e-23
2.57035e-08
2.461e-23
2.64374e-22
-1.60579e-07
0
0
2.75256e-09
0
0
-9.21149e-09
-8.00183e-24
1.72468e-24
1.80595e-08
-2.00645e-22
-5.78416e-22
-1.46284e-07
0
0
1.38157e-09
0
0
-4.30101e-09
2.37261e-24
-8.60689e-24
9.36998e-09
2.11047e-23
-4.78797e-22
-1.18683e-07
0
0
1.62426e-10
0
0
1.21959e-09
1.61377e-23
3.38474e-24
1.72107e-09
-1.85812e-22
3.00445e-22
-8.51386e-08
0
0
-7.10594e-10
0
0
6.35686e-09
-1.20336e-23
5.06091e-24
-3.68536e-09
-1.53877e-23
1.12194e-22
-5.24615e-08
0
0
-1.19932e-09
0
0
1.04821e-08
2.66847e-25
1.63044e-23
-6.65209e-09
-2.54621e-23
3.21425e-22
-2.49988e-08
0
0
-1.37385e-09
0
0
1.3385e-08
1.93322e-26
-0
-7.65493e-09
-2.26424e-23
5.56512e-23
-4.33889e-09
0
0
-1.34411e-09
0
0
1.51584e-08
1.57847e-25
5.06058e-24
-7.39682e-09
-1.41617e-23
-1.8785e-23
9.88091e-09
0
0
-1.2103e-09
0
0
1.60376e-08
-3.04162e-24
-1.11386e-24
-6.50178e-09
-2.41864e-24
2.48939e-23
1.89274e-08
0
0
-1.04267e-09
0
0
1.62803e-08
8e-25
6.40498e-24
-5.40035e-09
-2.44681e-24
5.69576e-23
2.422e-08
0
0
-8.81596e-10
0
0
1.61057e-08
-2.9563e-24
1.94609e-24
-4.33792e-09
-1.47064e-23
-2.10693e-23
2.6969e-08
0
0
-7.4564e-10
0
0
1.56779e-08
1.18873e-25
-6.9638e-25
-3.42714e-09
-6.09162e-25
-6.77042e-24
2.80799e-08
0
0
-6.40065e-10
0
0
1.51105e-08
-1.01979e-24
6.31668e-25
-2.70053e-09
-6.01951e-25
-2.1637e-24
2.81809e-08
0
0
-5.63223e-10
0
0
1.44785e-08
1.20711e-24
-2.59336e-25
-2.14914e-09
-2.07202e-24
-1.37701e-24
2.76887e-08
0
0
-5.10559e-10
0
0
1.38294e-08
-1.69007e-24
-5.01712e-26
-1.74652e-09
-2.17508e-24
-3.49316e-24
2.68707e-08
0
0
-4.76834e-10
0
0
1.31926e-08
5.0529e-25
-9.42415e-26
-1.46201e-09
-3.82429e-24
-5.52193e-25
2.58951e-08
0
0
-4.57194e-10
0
0
1.25854e-08
-4.05313e-25
2.30199e-25
-1.26707e-09
2.76025e-25
-6.96495e-25
2.48656e-08
0
0
-4.47584e-10
0
0
1.20177e-08
-1.70718e-25
-1.88649e-25
-1.1378e-09
4.02598e-25
1.09553e-24
2.3845e-08
0
0
-4.44817e-10
0
0
1.14947e-08
-9.23431e-26
9.41456e-27
-1.05535e-09
3.25616e-26
5.50191e-25
2.28706e-08
0
0
-4.46486e-10
0
0
1.10191e-08
4.94015e-26
6.84753e-26
-1.00542e-09
1.57704e-26
-0
2.19638e-08
0
0
-4.50829e-10
0
0
1.05916e-08
-5.23047e-26
4.27504e-26
-9.77502e-10
-1.29534e-25
-2.15451e-25
2.11365e-08
0
0
-4.56585e-10
0
0
1.02121e-08
7.66998e-26
4.05128e-26
-9.64013e-10
7.33774e-27
-6.71921e-26
2.03948e-08
0
0
-4.62866e-10
0
0
9.88006e-09
-3.40175e-26
5.30374e-28
-9.59586e-10
-1.40562e-26
-2.09003e-26
1.97415e-08
0
0
-4.6906e-10
0
0
9.59456e-09
4.04604e-26
-2.57017e-27
-9.60463e-10
1.33428e-26
2.5907e-26
1.91774e-08
0
0
-4.74744e-10
0
0
9.35475e-09
-4.32949e-27
-8.89071e-27
-9.64051e-10
4.67765e-27
-1.59512e-26
1.87021e-08
0
0
-4.79636e-10
0
0
9.15982e-09
-1.25733e-26
-0
-9.68564e-10
-7.80554e-27
3.39152e-26
1.83151e-08
0
0
-4.83546e-10
0
0
9.00902e-09
-1.09074e-26
-7.5205e-27
-9.72784e-10
9.22256e-28
4.28329e-27
1.80153e-08
0
0
-4.86344e-10
0
0
8.90178e-09
-2.26236e-27
-9.66061e-28
-9.75881e-10
-3.37253e-27
8.58497e-27
1.7802e-08
0
0
-4.87936e-10
0
0
8.83766e-09
-1.53117e-27
2.94747e-27
-9.77281e-10
-2.89944e-28
-1.68752e-28
1.76746e-08
0
0
-2.44186e-10
0
0
4.40818e-09
0
0
-4.88596e-10
0
0
8.81623e-09
-5.72459e-22
-4.74704e-22
7.64196e-21
8.05305e-21
2.01357e-21
-2.40868e-20
0
0
5.29066e-21
0
0
-0
7.99032e-22
5.81473e-22
2.27137e-21
-8.05051e-21
-1.47665e-20
8.07548e-20
-0
-2.94096e-21
1.61679e-21
-0
3.47163e-20
1.05002e-20
2.19879e-21
4.49037e-22
6.71964e-22
-0
0
-2.65872e-20
-1.74689e-22
8.91619e-22
9.53414e-22
9.90717e-21
5.55478e-21
3.14546e-21
8.71511e-22
3.07053e-12
1.62174e-05
5.94035e-22
-4.67722e-12
9.13452e-05
-0
-3.54201e-12
-2.37482e-05
-4.79824e-21
-2.04232e-12
-4.17659e-05
-4.21619e-21
-4.71964e-12
-4.24592e-05
6.3856e-21
-8.99496e-13
-9.74589e-05
-8.66179e-21
-3.30063e-12
-4.28632e-05
2.77255e-21
-3.10378e-13
-0.000101237
-4.29688e-21
-1.27187e-12
-2.72903e-05
2.0227e-20
-6.46644e-14
-6.48763e-05
-8.19891e-21
-2.12851e-13
-1.31123e-05
1.33792e-20
-4.00039e-15
-2.45309e-05
6.52134e-21
1.20395e-16
-4.6426e-06
1.00998e-20
5.15876e-19
1.51363e-06
-7.59832e-21
2.40748e-16
-2.48072e-06
0
5.69698e-19
4.32799e-06
3.51638e-21
4.22396e-16
-9.07108e-07
1.6571e-20
-1.0212e-18
6.03958e-06
7.04896e-22
1.54049e-15
1.19749e-08
-1.89258e-20
-6.28068e-19
6.73141e-06
-6.80554e-22
1.84143e-15
4.05955e-07
-2.79715e-20
2.44246e-18
6.54173e-06
6.27019e-23
1.31238e-15
4.62829e-07
-6.89154e-21
5.41539e-18
5.6283e-06
9.76183e-23
-1.37282e-16
3.44299e-07
-2.1852e-20
-1.78834e-18
4.16982e-06
3.30633e-23
-8.71224e-17
1.60288e-07
-2.1207e-20
-2.13863e-18
2.37801e-06
-1.02937e-22
9.3469e-17
-2.44199e-08
2.50247e-21
-4.52993e-18
5.00116e-07
1.34071e-22
3.01809e-16
-1.76097e-07
-6.91787e-21
-1.34516e-17
-1.20252e-06
-1.59377e-22
4.70453e-16
-2.81021e-07
2.92906e-21
-2.14572e-17
-2.50189e-06
0
4.97281e-16
-3.38579e-07
-6.76538e-22
-2.31409e-17
-3.25984e-06
0
4.09375e-16
-3.56604e-07
-1.83209e-22
-1.92442e-17
-3.46332e-06
-3.0711e-22
2.25013e-16
-3.47272e-07
9.20015e-22
-1.04641e-17
-3.21536e-06
-5.28878e-23
-4.7236e-17
-3.23226e-07
-2.76384e-21
1.96976e-18
-2.6851e-06
5.90758e-22
-5.35775e-19
-2.9462e-07
1.64034e-22
8.54086e-20
-2.04487e-06
-5.36768e-23
2.95532e-18
-2.67778e-07
1.01281e-21
-1.10613e-19
-1.42468e-06
2.64182e-22
-9.48999e-22
-2.45358e-07
9.69269e-22
6.96304e-23
-8.97205e-07
6.14783e-22
1.20277e-22
-2.27438e-07
1.45451e-22
-1.26962e-23
-4.86666e-07
9.78651e-23
-9.83392e-23
-2.12738e-07
2.96246e-22
-0
-1.87386e-07
-9.20563e-23
-2.6778e-24
-1.99537e-07
5.88306e-22
-5.27143e-23
1.93389e-08
4.26235e-22
2.02954e-24
-1.86191e-07
-8.57344e-22
4.55002e-22
1.54363e-07
7.76638e-23
-0
-1.71356e-07
2.72224e-22
-0
2.35471e-07
2.78153e-22
-7.29707e-23
-1.54043e-07
-7.63466e-22
5.92325e-22
2.75797e-07
6.10983e-22
-5.72838e-23
-1.3361e-07
-4.66982e-22
-2.09432e-21
2.84078e-07
-6.30728e-22
-1.85609e-23
-1.09765e-07
-6.30175e-22
8.07561e-22
2.65625e-07
2.64767e-22
7.58714e-23
-8.25936e-08
2.21927e-21
-0
2.23466e-07
4.31815e-22
-1.31805e-23
-5.26397e-08
-6.35264e-22
-6.25978e-22
1.59536e-07
2.82962e-22
-7.0467e-23
-2.10302e-08
2.11704e-21
2.102e-21
7.59229e-08
2.12078e-22
-4.89495e-23
1.03754e-08
1.27222e-21
-1.29031e-21
-2.37096e-08
5.93679e-23
-4.6786e-23
3.88867e-08
1.60944e-22
-2.80028e-22
-1.32542e-07
2.23147e-22
-4.63845e-23
6.11198e-08
-1.12361e-22
4.73837e-21
-2.39311e-07
-1.85921e-23
8.7655e-24
7.36575e-08
4.70392e-22
-1.20942e-21
-3.28592e-07
-1.87329e-24
1.30078e-23
7.43531e-08
1.8358e-22
-4.13063e-21
-3.84218e-07
-7.29294e-24
-0
6.37543e-08
-1.9986e-23
2.18261e-21
-3.95646e-07
1.46004e-23
-7.10761e-24
4.55163e-08
0
-7.13187e-22
-3.63662e-07
-5.74015e-23
-3.51177e-23
2.50927e-08
3.52799e-22
3.8982e-22
-3.00715e-07
-8.26385e-24
-9.07727e-24
7.40705e-09
-4.63987e-22
4.52428e-22
-2.25019e-07
-5.1635e-24
-2.33692e-23
-4.8832e-09
3.08734e-22
-0
-1.52713e-07
3.19139e-25
-1.41142e-23
-1.15692e-08
-2.66195e-22
-0
-9.3196e-08
-3.70437e-24
6.41757e-24
-1.39238e-08
1.19384e-23
-1.60369e-22
-4.90896e-08
1.96625e-24
1.4963e-23
-1.35886e-08
-1.25606e-23
2.50029e-22
-1.88069e-08
1.05686e-23
-1.3303e-23
-1.19215e-08
-3.88997e-23
-1.17439e-22
8.0428e-10
1.58396e-23
2.49232e-24
-9.81733e-09
-2.19948e-24
1.527e-23
1.28742e-08
7.09884e-24
-1.17715e-23
-7.77173e-09
-4.20733e-23
-7.87651e-23
1.99047e-08
8.13222e-24
6.47983e-25
-6.00902e-09
1.10532e-24
6.30914e-24
2.36946e-08
5.57361e-24
-1.87627e-24
-4.59447e-09
-7.67289e-24
-0
2.54624e-08
7.27817e-24
1.25672e-24
-3.51235e-09
1.1083e-23
3.32349e-23
2.60036e-08
7.66449e-24
-3.24826e-25
-2.71318e-09
1.59316e-24
4.85758e-24
2.58255e-08
5.74909e-24
2.9013e-26
-2.13924e-09
-3.89891e-25
1.02273e-23
2.5246e-08
5.47886e-24
2.25876e-25
-1.73684e-09
1.07836e-24
1.93319e-24
2.44616e-08
7.21235e-24
-3.02708e-25
-1.46093e-09
4.94195e-25
2.0255e-24
2.3593e-08
4.49691e-24
-1.52439e-25
-1.27601e-09
-4.20206e-25
-1.77883e-24
2.27129e-08
3.56553e-24
1.70618e-26
-1.15513e-09
8.14874e-25
7.95385e-25
2.18648e-08
1.95881e-24
-1.12452e-25
-1.07846e-09
0
-9.93752e-26
2.10742e-08
3.63842e-25
-1.6766e-26
-1.03167e-09
1.49142e-25
2.47776e-25
2.03555e-08
-1.08795e-24
4.85366e-28
-1.00461e-09
-5.84536e-26
-4.23624e-25
1.97167e-08
-1.8574e-24
2.31958e-26
-9.90153e-10
-1.23302e-26
-9.54099e-26
1.91617e-08
-1.94078e-24
-1.76403e-28
-9.83364e-10
-5.18492e-26
-2.93481e-26
1.86922e-08
-1.76026e-24
5.75648e-27
-9.80847e-10
-9.16595e-27
-1.33542e-26
1.83089e-08
-1.44336e-24
1.65136e-26
-9.80277e-10
-1.24481e-26
-3.14064e-26
1.80116e-08
-9.02165e-25
-8.44714e-27
-9.80064e-10
9.69538e-27
1.6101e-26
1.77999e-08
-3.87608e-25
1.37285e-27
-9.79103e-10
0
-1.82415e-27
1.76736e-08
0
0
-4.8888e-10
0
0
8.816e-09
-0
-4.87471e-22
-1.78545e-21
-0
0
8.13035e-20
0
0
-1.11712e-21
0
0
2.89645e-20
-5.81556e-22
9.04475e-22
-6.50887e-22
1.78072e-20
-5.74705e-21
-2.74904e-19
-0
-2.2438e-21
-2.13663e-23
-1.93294e-20
1.61422e-20
3.24436e-20
3.55814e-21
1.53147e-21
8.19851e-22
3.2259e-20
-6.68434e-20
1.21899e-19
1.7743e-21
-0
-5.80109e-23
-1.44466e-20
-1.92325e-20
-3.42715e-20
1.5643e-21
-0
1.00028e-21
-3.43963e-21
7.19211e-20
-4.62873e-21
-0
-0
3.43343e-21
-3.91598e-20
-3.60088e-20
3.2416e-21
-8.96063e-21
-3.41956e-21
-7.92904e-21
4.38586e-20
-1.75645e-20
-5.03244e-21
1.96812e-20
2.52722e-21
-0
7.36694e-21
1.54187e-21
-1.30235e-20
2.58316e-21
-9.27281e-22
-1.85127e-21
4.41462e-20
2.67033e-22
-8.01433e-21
-5.1679e-21
-7.17044e-13
-3.06124e-05
4.19325e-20
3.08087e-15
-7.69262e-05
2.18653e-20
-6.29565e-15
-7.37655e-06
2.72831e-20
-6.3058e-17
3.06098e-06
-9.11859e-21
3.4313e-15
-3.73083e-06
2.20187e-20
1.46657e-17
7.3578e-06
2.43074e-21
-4.44334e-15
-1.19633e-06
-7.53099e-21
2.98726e-18
9.86169e-06
-3.31765e-22
-7.76731e-15
1.8527e-07
-4.07473e-20
5.07277e-18
1.07573e-05
2.12557e-22
-1.04088e-14
7.101e-07
-4.20427e-20
-1.2977e-17
1.02875e-05
4.97325e-22
-7.19625e-15
7.27679e-07
-1.27462e-20
-3.09831e-17
8.70225e-06
-2.86882e-23
7.42008e-16
5.01887e-07
-2.77903e-20
1.03954e-17
6.26954e-06
-2.78434e-22
4.98718e-16
1.96177e-07
-9.22967e-21
1.24788e-17
3.30808e-06
0
-5.34547e-16
-9.78662e-08
-3.59551e-21
2.66394e-17
2.07891e-07
-3.19235e-22
-1.73336e-15
-3.33078e-07
5.09931e-21
7.95646e-17
-2.59305e-06
2.89806e-22
-2.71748e-15
-4.89989e-07
-9.13343e-21
1.27196e-16
-4.69095e-06
-1.09976e-22
-2.87435e-15
-5.68448e-07
-3.58641e-21
1.36978e-16
-5.83302e-06
-7.22871e-22
-2.35522e-15
-5.8223e-07
4.96886e-22
1.13249e-16
-6.00186e-06
-7.71398e-22
-1.28148e-15
-5.52893e-07
2.62455e-21
6.10029e-17
-5.40481e-06
-9.41335e-22
2.65029e-16
-5.02699e-07
2.99216e-21
-1.13421e-17
-4.36943e-06
1.10588e-21
3.00251e-18
-4.48939e-07
2.85238e-22
-4.82235e-19
-3.21182e-06
1.11817e-21
-1.60126e-17
-4.01444e-07
3.35277e-22
6.19872e-19
-2.15028e-06
1.87707e-21
5.12093e-21
-3.63472e-07
-1.85299e-21
-4.89241e-22
-1.28846e-06
1.08875e-21
-7.55422e-22
-3.3408e-07
-1.96239e-21
8.10332e-24
-6.44678e-07
1.96617e-21
3.95528e-23
-3.10468e-07
4.02415e-22
-0
-1.92426e-07
2.48451e-21
9.60793e-24
-2.895e-07
8.03958e-22
-7.07877e-22
1.09092e-07
1.73737e-21
-1.10953e-23
-2.6843e-07
-0
-5.61926e-22
2.98518e-07
2.65488e-21
-1.8891e-24
-2.45117e-07
2.63281e-21
-4.31657e-22
4.06174e-07
1.81766e-21
-4.24414e-23
-2.18027e-07
-1.76766e-21
1.2219e-21
4.53288e-07
2.70602e-21
-4.76109e-23
-1.86172e-07
2.60973e-21
1.43918e-21
4.53433e-07
1.46392e-21
-1.52776e-22
-1.49079e-07
1.18122e-21
2.37974e-22
4.14517e-07
1.85565e-21
-2.4663e-22
-1.06816e-07
-5.23655e-22
2.72391e-21
3.40735e-07
0
-3.86357e-22
-6.00959e-08
4.53441e-22
-3.09185e-21
2.34358e-07
8.05661e-23
-1.55311e-22
-1.04591e-08
1.1451e-21
-0
9.75279e-08
4.87999e-22
-1.63245e-22
3.94691e-08
9.30125e-22
4.26888e-21
-6.56675e-08
8.6538e-23
-1.96432e-22
8.56991e-08
4.79958e-22
-2.13159e-21
-2.46551e-07
0
-2.5522e-22
1.22761e-07
2.07518e-21
-9.15499e-22
-4.28711e-07
2.59561e-22
-1.45234e-22
1.44303e-07
-9.91851e-22
-6.6466e-21
-5.86057e-07
1.83627e-23
-6.23769e-23
1.45266e-07
1.05864e-22
5.15977e-21
-6.86795e-07
-3.61014e-23
-3.90382e-23
1.25293e-07
-1.38738e-23
-4.35923e-22
-7.06545e-07
-2.0832e-22
-3.97428e-23
9.07089e-08
-2.73817e-22
1.88951e-21
-6.43987e-07
-1.004e-22
-2.75992e-23
5.22408e-08
1.38734e-22
-1.22026e-21
-5.24416e-07
-2.50583e-22
-4.87353e-23
1.96319e-08
9.60199e-23
4.6117e-22
-3.85804e-07
-9.51076e-23
-1.24516e-23
-2.39001e-09
-1.00544e-22
-4.95192e-22
-2.59529e-07
-1.20405e-22
-2.90588e-23
-1.41363e-08
-4.77986e-22
-5.67636e-22
-1.60708e-07
-5.79663e-23
-1.14108e-24
-1.84432e-08
2.29884e-22
-2.28031e-22
-9.06961e-08
-6.635e-24
-2.24423e-23
-1.83681e-08
-5.54665e-23
5.00141e-23
-4.41945e-08
2.56863e-23
-1.4532e-24
-1.61907e-08
-2.3067e-23
9.75723e-23
-1.46485e-08
4.09765e-23
-1.24354e-23
-1.33172e-08
7.67417e-23
8.39056e-23
3.46079e-09
3.48405e-23
6.34198e-24
-1.04954e-08
-2.98587e-23
2.01708e-22
1.41577e-08
2.4757e-23
3.76997e-24
-8.05577e-09
-3.59139e-23
-8.58084e-24
2.01766e-08
1.71215e-23
-2.37962e-25
-6.09438e-09
-4.46706e-24
-6.00107e-23
2.33027e-08
2.10177e-23
-8.97574e-25
-4.59091e-09
-1.47308e-24
6.91588e-24
2.4674e-08
2.24091e-23
-1.12426e-24
-3.47736e-09
3.62629e-24
-3.0604e-23
2.50044e-08
2.91987e-23
-9.74329e-25
-2.67427e-09
-1.20945e-23
-6.89314e-24
2.47372e-08
3.0142e-23
-3.27092e-25
-2.10778e-09
-2.43499e-24
9.54274e-24
2.41454e-08
3.15175e-23
-1.05044e-25
-1.71599e-09
-4.41039e-24
-3.81323e-24
2.33957e-08
2.66085e-23
2.49976e-25
-1.45012e-09
1.65044e-25
1.0241e-24
2.25894e-08
1.96101e-23
-3.6981e-26
-1.27322e-09
3.20387e-25
-1.49442e-24
2.17872e-08
8.81045e-24
-5.22294e-26
-1.15805e-09
0
3.99732e-25
2.10252e-08
-7.49548e-26
-1.37938e-26
-1.08498e-09
-1.49499e-25
1.41071e-24
2.03245e-08
-7.02329e-24
-3.79888e-26
-1.04005e-09
-3.40382e-25
-1.54639e-25
1.96969e-08
-1.10592e-23
-2.52716e-27
-1.01348e-09
-1.87166e-25
1.91378e-25
1.91491e-08
-1.22452e-23
-6.76133e-27
-9.98488e-10
-7.95448e-27
1.76403e-25
1.86843e-08
-1.13204e-23
-2.76086e-28
-9.90409e-10
-2.89442e-26
5.3421e-26
1.83039e-08
-8.67218e-24
-2.43262e-26
-9.86047e-10
-1.87707e-26
-3.04434e-26
1.80085e-08
-5.42013e-24
3.49451e-28
-9.83221e-10
2.43702e-27
-1.22256e-26
1.77981e-08
-2.22804e-24
-1.74048e-27
-9.80437e-10
-1.44061e-27
9.52864e-27
1.76727e-08
0
0
-4.89086e-10
0
0
8.81576e-09
-6.06081e-22
-1.59435e-21
-5.67038e-23
-8.14657e-21
2.44346e-20
7.15504e-20
0
0
3.08813e-22
0
0
-7.60841e-20
-0
-2.24265e-21
-5.76127e-22
-1.71483e-20
-2.27973e-20
-1.11103e-20
-0
-2.66569e-21
-1.17964e-21
-9.31539e-21
0
7.55789e-20
-2.30961e-21
7.56227e-21
9.34447e-21
-3.01345e-20
1.38332e-19
6.78903e-20
-9.07869e-21
-5.31135e-21
-5.36586e-21
9.38912e-21
-1.60227e-20
-5.12594e-20
-2.40675e-21
8.87248e-21
-2.95179e-21
3.077e-20
-9.9039e-20
2.97035e-20
-6.62789e-21
-5.30995e-21
2.54771e-21
0
7.36807e-20
-2.23866e-21
-1.26225e-20
7.05179e-21
-1.05298e-21
-2.38646e-20
-5.71959e-21
-1.7494e-20
2.48298e-20
-2.93737e-21
3.90054e-21
5.32756e-20
1.39597e-20
3.98059e-20
-1.10243e-20
-0
7.21107e-22
7.66097e-20
-4.88945e-21
1.72355e-20
-5.76309e-21
-1.73805e-12
-6.95746e-05
1.01001e-19
7.71231e-14
-0.000196314
-1.82039e-20
4.06309e-13
-1.98474e-05
8.24226e-20
2.27783e-14
-2.73142e-05
1.58831e-20
6.12194e-15
-5.06334e-06
2.66811e-20
3.86211e-17
1.13401e-05
1.61424e-21
3.85498e-13
-1.63818e-06
-1.37201e-20
-7.74809e-15
2.29646e-05
4.6088e-21
8.82531e-13
8.76687e-07
2.70608e-20
-6.04846e-15
3.27442e-05
-2.57243e-21
1.0862e-12
2.7478e-06
-5.99159e-20
1.42154e-14
3.57147e-05
-5.82506e-22
7.75699e-13
2.6825e-06
-1.56399e-20
3.44168e-14
2.33306e-05
-3.88066e-23
3.11837e-13
1.4951e-06
-4.11621e-20
2.93328e-14
1.17931e-05
4.28904e-22
-6.25316e-15
1.7736e-07
-6.88817e-20
-1.16782e-16
3.94582e-06
1.05702e-21
3.85991e-15
-2.43257e-07
-4.06826e-20
-1.26249e-16
-7.43885e-07
1.63983e-21
8.84614e-15
-5.73025e-07
-1.3041e-20
-4.37234e-16
-5.01824e-06
1.81368e-21
1.45865e-14
-7.84588e-07
-1.61179e-20
-6.92745e-16
-8.18953e-06
9.27911e-22
1.53836e-14
-8.76215e-07
2.90971e-21
-7.47571e-16
-9.7847e-06
1.93055e-21
1.25662e-14
-8.68988e-07
-1.38322e-21
-6.13134e-16
-9.75706e-06
2.65133e-21
6.74146e-15
-7.98848e-07
-2.60017e-21
-3.25942e-16
-8.49798e-06
2.59995e-21
-1.36547e-15
-7.03407e-07
4.02951e-21
5.95451e-17
-6.62013e-06
2.56437e-21
-1.53796e-17
-6.10339e-07
4.67466e-21
2.48092e-18
-4.67771e-06
1.59621e-21
7.86398e-17
-5.33473e-07
2.38267e-21
-3.13637e-18
-3.00655e-06
5.47124e-21
-2.6326e-20
-4.75234e-07
2.65478e-21
3.44841e-22
-1.72382e-06
5.81369e-21
3.6579e-21
-4.31977e-07
3.77166e-21
-2.91494e-23
-8.10983e-07
8.67188e-21
-5.58891e-22
-3.98199e-07
-0
-1.88433e-22
-1.95717e-07
9.02399e-21
-7.00906e-23
-3.68715e-07
9.75104e-22
1.53512e-21
1.99745e-07
8.88883e-21
8.47601e-23
-3.39386e-07
9.56731e-22
-7.27996e-23
4.39283e-07
8.2003e-21
-5.86736e-23
-3.07166e-07
2.76041e-21
4.64722e-22
5.69002e-07
8.00987e-21
-1.18263e-22
-2.69933e-07
4.34301e-21
1.68889e-21
6.19414e-07
8.2537e-21
-1.75233e-22
-2.26328e-07
-1.2077e-21
-0
6.09174e-07
7.36236e-21
-3.05788e-22
-1.75648e-07
4.3948e-21
-3.07272e-22
5.48628e-07
3.96733e-21
-5.48407e-22
-1.1785e-07
-6.5309e-22
-3.87925e-21
4.42718e-07
4.66477e-21
-5.40485e-22
-5.36416e-08
2.2771e-21
2.81553e-21
2.93336e-07
2.21388e-21
-7.43265e-22
1.53142e-08
3.86492e-21
2.96653e-21
1.01451e-07
2.91808e-21
-9.13846e-22
8.60679e-08
-3.96567e-22
-2.83144e-21
-1.30512e-07
8.80267e-22
-7.46305e-22
1.53893e-07
-0
-2.58968e-21
-3.95301e-07
7.1378e-22
-6.78225e-22
2.11604e-07
-0
3.16547e-21
-6.75336e-07
6.49668e-22
-5.10444e-22
2.48988e-07
2.44101e-21
3.37739e-21
-9.34386e-07
6.57694e-23
-4.53777e-22
2.54565e-07
3.27424e-22
-0
-1.11376e-06
-1.67863e-22
-1.11587e-22
2.22984e-07
-3.7313e-23
-9.99496e-21
-1.15421e-06
-2.96084e-22
-2.14746e-22
1.6304e-07
-1.81448e-22
1.9472e-21
-1.0403e-06
-1.03023e-22
-5.98926e-23
9.54644e-08
-4.65601e-22
-1.09641e-21
-8.21849e-07
-5.79743e-22
-8.71826e-23
3.97671e-08
-5.4495e-22
-9.57924e-22
-5.80135e-07
-4.41281e-22
-1.66058e-22
3.92304e-09
-1.51947e-22
7.68079e-22
-3.75178e-07
-3.67038e-22
-9.889e-24
-1.44224e-08
-4.40457e-22
1.31138e-21
-2.26764e-07
-1.84691e-22
-1.0857e-22
-2.12393e-08
-4.86803e-23
1.09363e-21
-1.28192e-07
-7.6332e-23
-4.18119e-23
-2.17172e-08
-3.1265e-22
-5.22276e-22
-6.56513e-08
2.36119e-23
1.7025e-23
-1.92731e-08
-8.17906e-23
4.33891e-22
-2.70824e-08
5.12591e-23
-3.15319e-23
-1.58623e-08
-2.66523e-22
-4.78934e-22
-3.83914e-09
5.51663e-23
-1.07482e-23
-1.24765e-08
0
1.04344e-22
9.8209e-09
2.63437e-23
-9.76012e-24
-9.542e-09
1.43369e-23
-2.0389e-23
1.75738e-08
1.09206e-23
9.3684e-26
-7.18128e-09
-3.57746e-23
9.04171e-23
2.17271e-08
5.33025e-24
-3.99234e-24
-5.37103e-09
5.32255e-24
3.67425e-23
2.37132e-08
2.61154e-23
-2.0171e-24
-4.02926e-09
-7.00345e-24
1.54521e-23
2.44148e-08
3.42209e-23
-7.0782e-25
-3.06024e-09
-4.30184e-24
-5.67481e-24
2.43734e-08
5.21118e-23
-1.44492e-24
-2.37513e-09
-1.68537e-24
2.54698e-24
2.39196e-08
5.33465e-23
-9.45716e-25
-1.89969e-09
4.52636e-24
5.43085e-24
2.32549e-08
4.78524e-23
-9.16668e-26
-1.57545e-09
-4.60942e-24
-3.19938e-24
2.2501e-08
3.34223e-23
-4.53077e-25
-1.35817e-09
0
1.24921e-25
2.17314e-08
1.48605e-23
-1.1716e-25
-1.21528e-09
-4.7155e-25
-9.34651e-25
2.09898e-08
-4.28147e-24
-9.76753e-26
-1.12327e-09
2.73016e-25
-1.93839e-24
2.03019e-08
-1.81334e-23
-3.72012e-26
-1.06546e-09
-1.30967e-25
2.40579e-25
1.96825e-08
-2.68049e-23
-1.70368e-26
-1.03016e-09
1.86746e-25
-6.50614e-25
1.91399e-08
-2.8193e-23
-2.68286e-27
-1.00925e-09
-3.88433e-26
-5.70413e-26
1.86784e-08
-2.50721e-23
7.13119e-28
-9.97158e-10
-6.19272e-26
1.96552e-25
1.83001e-08
-1.87471e-23
-2.25495e-26
-9.90062e-10
-2.29973e-26
7.85743e-26
1.80061e-08
-1.14632e-23
-1.37637e-26
-9.85368e-10
-8.98588e-27
-3.03169e-26
1.77967e-08
-4.4759e-24
-2.38161e-27
-9.81314e-10
-1.77963e-27
1.08539e-26
1.76719e-08
0
0
-4.89218e-10
0
0
8.8155e-09
-5.18494e-22
-1.82389e-22
2.10696e-21
2.33398e-20
-9.3164e-21
-2.49202e-20
0
0
-1.99192e-22
0
0
4.58154e-21
6.73391e-22
-2.05123e-21
3.35329e-22
7.31427e-21
4.34081e-20
-5.0994e-21
6.98544e-22
-5.20337e-21
-1.22192e-20
7.70393e-21
-1.16963e-19
-8.55113e-20
5.33392e-21
-9.31551e-21
-3.22511e-21
5.59826e-21
-7.52441e-20
-3.22237e-20
-0
-2.43818e-20
1.45561e-20
-5.08664e-20
-1.04489e-19
2.57609e-20
7.94107e-21
-1.41132e-20
1.18394e-20
2.02204e-19
9.18402e-20
-3.83054e-20
5.87112e-21
5.98742e-21
7.09802e-21
3.33609e-20
4.94544e-20
-4.81507e-21
3.17045e-20
-1.97353e-20
0
2.84067e-20
-4.21579e-20
3.61334e-20
9.81713e-21
8.27185e-21
1.37009e-21
8.22717e-20
-9.89883e-21
-2.70368e-20
3.38824e-20
-1.92866e-21
4.55527e-22
1.48352e-19
-3.06801e-22
0
-0
3.9609e-22
5.10241e-21
1.47866e-19
4.9257e-21
5.78334e-21
-2.12229e-20
1.66391e-12
-3.56384e-05
1.22121e-19
7.87409e-14
-7.21636e-05
1.96988e-20
-6.39333e-14
-6.53099e-06
3.0414e-20
-1.26644e-17
1.60986e-05
1.21867e-20
1.24192e-12
-1.8744e-06
-1.04217e-20
-2.69498e-14
4.49049e-05
-2.93802e-21
6.1711e-23
-2.4839e-23
-6.16462e-20
-9.29327e-22
1.80681e-20
-7.01593e-22
-1.8387e-21
3.01161e-22
-2.14674e-19
1.48624e-21
6.98201e-21
-5.99058e-22
3.31284e-21
5.07249e-23
0
5.41548e-22
-1.30617e-20
-6.07341e-22
1.29176e-12
3.68408e-06
-2.35957e-20
1.38863e-13
2.1787e-05
7.44751e-22
2.42285e-13
7.85254e-07
-9.25383e-20
6.40071e-14
5.32051e-06
3.14506e-21
-3.61289e-13
-1.37562e-06
5.23627e-21
1.71669e-13
-4.68862e-06
3.45041e-21
-1.0051e-12
-3.43704e-06
7.62374e-21
4.8304e-13
-2.62886e-05
5.74285e-21
-1.62389e-12
-5.64225e-06
2.39848e-21
7.85521e-13
-5.86703e-05
6.66914e-21
-1.74148e-12
-6.52825e-06
6.82817e-21
8.4757e-13
-7.97834e-05
4.49887e-21
-1.41429e-12
-6.09377e-06
-7.019e-22
6.89652e-13
-8.11579e-05
7.18473e-21
-7.42312e-13
-4.0085e-06
7.84963e-21
3.59599e-13
-5.53314e-05
5.43983e-21
-2.2474e-13
-2.1072e-06
4.42446e-21
1.1322e-13
-2.75704e-05
8.69769e-21
2.23169e-15
-7.77204e-07
-1.48491e-21
-1.15766e-16
-6.54984e-06
9.13424e-21
-7.48666e-16
-6.59506e-07
4.44501e-21
3.19425e-17
-4.02833e-06
1.07944e-20
6.2689e-17
-5.75787e-07
-6.96507e-21
-2.10424e-18
-2.21696e-06
1.34272e-20
-8.92586e-18
-5.16587e-07
-0
3.21926e-20
-9.96277e-07
1.59147e-20
8.08172e-19
-4.71934e-07
1.09969e-21
1.08656e-19
-2.08855e-07
1.77078e-20
1.16492e-19
-4.3383e-07
3.87294e-21
-5.59907e-20
2.78995e-07
2.06132e-20
-1.06749e-19
-3.96455e-07
-2.17729e-21
1.96422e-20
5.64506e-07
2.21468e-20
4.72729e-20
-3.55764e-07
-1.57485e-21
-7.83407e-21
7.12687e-07
1.8858e-20
-1.78556e-20
-3.09029e-07
2.98198e-21
-4.00726e-22
7.6433e-07
1.75405e-20
5.92619e-21
-2.54501e-07
2.31072e-21
-0
7.43349e-07
1.67644e-20
-2.66203e-21
-1.91206e-07
5.06312e-21
-2.921e-21
6.62387e-07
1.44841e-20
1.99924e-22
-1.18886e-07
3.77738e-21
1.26083e-21
5.26813e-07
9.41584e-21
-1.3465e-21
-3.80401e-08
-0
4.57664e-21
3.3755e-07
8.94855e-21
-1.04005e-21
4.99229e-08
3.95423e-21
-1.37774e-21
9.32368e-08
4.99547e-21
-1.55463e-21
1.42402e-07
5.13953e-21
1.16484e-20
-2.07719e-07
2.05996e-21
-1.19838e-21
2.35106e-07
-0
7.18055e-22
-5.64308e-07
2.53074e-22
-1.43278e-21
3.21057e-07
-1.11042e-21
1.38504e-20
-9.67336e-07
9.19421e-23
-5.12423e-22
3.88168e-07
3.79074e-21
5.46517e-21
-1.38491e-06
1.41137e-22
-3.42855e-22
4.14869e-07
2.38405e-21
1.93856e-21
-1.72851e-06
-1.74623e-22
-4.15622e-22
3.76454e-07
2.84631e-22
1.0364e-20
-1.84419e-06
2.18002e-23
-5.63832e-22
2.7745e-07
-4.4543e-22
-8.51035e-21
-1.64712e-06
-9.73522e-22
-4.36568e-22
1.60082e-07
8.15914e-23
9.2055e-22
-1.23859e-06
-6.87777e-22
-2.91737e-22
6.75866e-08
-1.00837e-21
4.62293e-21
-8.13946e-07
-4.78178e-22
-3.07381e-22
1.30332e-08
2.43029e-22
-3.12485e-21
-4.94853e-07
-6.25005e-22
-1.92714e-22
-1.30751e-08
-1.23835e-21
-1.38827e-21
-2.87698e-07
-4.52124e-22
-7.04789e-23
-2.26712e-08
2.1256e-22
-1.37887e-21
-1.59908e-07
-2.00417e-22
-1.19348e-22
-2.38534e-08
1.14558e-22
4.89992e-22
-8.26127e-08
-1.76945e-23
-6.76609e-23
-2.13189e-08
1.50657e-22
-4.43757e-23
-3.6404e-08
5.09514e-23
-1.30943e-23
-1.75645e-08
-7.78547e-23
3.23241e-22
-9.0916e-09
2.98041e-23
-2.80988e-23
-1.38005e-08
-1.5877e-23
-2.93487e-22
6.79639e-09
-3.77417e-23
-6.56238e-25
-1.05321e-08
4.00496e-23
1.46168e-22
1.58002e-08
-5.71391e-23
-2.62026e-24
-7.90305e-09
-8.01509e-24
-2.12959e-23
2.06714e-08
-4.60266e-23
-3.53118e-25
-5.88765e-09
-1.19505e-23
-2.23778e-24
2.30769e-08
-2.85933e-23
-1.38023e-24
-4.39395e-09
-1.57534e-23
-5.21247e-23
2.40273e-08
6.74806e-24
-1.14329e-24
-3.31484e-09
0
2.03658e-23
2.41352e-08
3.3291e-23
-1.06191e-24
-2.55127e-09
9.50482e-25
-7.22297e-24
2.3772e-08
4.25826e-23
-7.07437e-25
-2.0206e-09
-3.71719e-24
-3.48025e-24
2.31627e-08
4.55299e-23
-8.75505e-27
-1.65788e-09
-3.62432e-24
4.13443e-24
2.2443e-08
3.03307e-23
-5.43126e-25
-1.41401e-09
0
-1.35803e-25
2.16947e-08
7.45335e-24
-1.61201e-25
-1.25286e-09
-4.27066e-25
1.60724e-24
2.09664e-08
-1.37665e-23
-1.4811e-25
-1.14838e-09
-8.24795e-25
4.20655e-25
2.02868e-08
-3.16874e-23
-1.1569e-25
-1.08209e-09
-1.48484e-25
6.19395e-25
1.96727e-08
-4.11848e-23
-4.08551e-26
-1.04104e-09
-1.41275e-25
7.54907e-25
1.91335e-08
-4.12126e-23
-2.21731e-26
-1.01623e-09
4.41296e-26
4.13361e-25
1.86742e-08
-3.54176e-23
-3.1103e-26
-1.00149e-09
2.01351e-26
-2.18489e-25
1.82974e-08
-2.5923e-23
-1.04422e-26
-9.92594e-10
-4.37272e-26
1.30122e-26
1.80044e-08
-1.53925e-23
-2.2107e-26
-9.86684e-10
2.05825e-26
-4.17402e-26
1.77956e-08
-5.8188e-24
-5.46445e-27
-9.8183e-10
-1.43552e-26
9.59842e-27
1.76711e-08
0
0
-4.89292e-10
0
0
8.81523e-09
-1.9405e-22
8.27023e-22
8.48109e-23
-0
-2.34266e-20
5.21861e-21
0
0
1.87711e-22
0
0
4.08357e-21
3.43789e-22
2.71263e-21
1.01473e-21
-5.00202e-20
2.57918e-20
-2.82956e-20
8.61442e-22
4.02407e-21
5.19172e-21
4.33867e-20
4.39557e-20
1.98035e-19
3.95961e-21
-1.75839e-20
-1.53564e-20
-1.9521e-20
-1.06421e-19
-1.47451e-19
-1.29788e-20
-2.39921e-20
0
1.24839e-19
-1.45904e-19
6.39374e-20
2.20793e-20
1.67063e-20
0
6.55182e-20
-8.08034e-21
9.62798e-21
6.74314e-20
3.37691e-20
-2.52902e-20
1.2767e-19
-5.49561e-20
-1.24586e-20
4.05843e-20
1.97559e-20
-1.03106e-20
-1.67426e-20
1.54175e-20
-9.75967e-21
4.02088e-20
1.37986e-21
-1.39111e-21
1.63743e-19
-6.28031e-22
3.83717e-20
-6.98172e-20
-3.28176e-21
5.42414e-21
1.88202e-19
-1.30117e-21
5.14177e-20
-1.38638e-19
-8.62375e-23
6.3166e-21
2.54249e-19
-7.12014e-21
6.31651e-20
-7.72771e-20
3.4896e-12
-5.00844e-05
1.34312e-19
1.56992e-13
-0.000119169
5.98571e-21
8.39748e-13
-9.25238e-06
9.99527e-20
-2.4139e-14
3.60887e-05
-1.05167e-20
3.55478e-12
-1.9341e-06
-2.27548e-20
-6.90774e-14
8.68037e-05
1.50835e-20
-5.26944e-21
-4.63647e-23
-7.83218e-20
1.38967e-22
9.363e-21
-1.58828e-21
8.91398e-23
-9.53264e-24
1.2737e-19
-8.11444e-22
-4.43543e-21
-2.40046e-21
2.02433e-21
0
-1.65201e-19
-8.38354e-21
3.09365e-21
-1.05674e-21
-8.89472e-21
-1.54706e-22
6.847e-20
-5.75659e-21
3.20453e-21
1.10263e-21
3.8019e-13
6.7005e-07
-1.5119e-19
1.33e-13
4.6238e-06
3.74805e-21
-1.37964e-12
-3.63082e-06
3.4264e-20
6.38841e-13
-1.59108e-05
7.69237e-21
7.19162e-21
-3.1324e-22
0
1.15466e-20
5.32064e-21
6.70161e-21
1.07159e-20
1.07907e-21
-2.6318e-20
-8.10769e-21
1.17398e-20
7.50145e-21
1.32383e-20
-3.71818e-22
-2.33095e-21
-1.15254e-21
4.82572e-21
7.48468e-21
1.1584e-20
0
6.82979e-22
-2.05712e-21
-8.07316e-21
9.40128e-21
6.74315e-21
-1.35039e-22
1.03083e-20
-4.12478e-22
2.81529e-21
8.17095e-21
-1.27255e-12
-6.15119e-06
-4.77856e-21
5.98245e-13
-9.39674e-05
9.55844e-21
-2.24132e-13
-2.26791e-06
-9.64341e-21
1.09776e-13
-3.03961e-05
9.80197e-21
1.57797e-15
-7.72137e-07
8.66761e-21
-6.54924e-17
-5.20513e-06
1.46193e-20
1.15905e-17
-6.5883e-07
1.1863e-20
-5.09718e-19
-2.76273e-06
1.67812e-20
-1.6463e-18
-5.82789e-07
3.46103e-21
1.34083e-20
-1.20642e-06
2.48736e-20
1.52846e-19
-5.27585e-07
1.19317e-21
2.37218e-20
-2.44218e-07
2.86611e-20
1.94731e-20
-4.81727e-07
6.00756e-22
-1.07744e-20
3.32055e-07
3.21238e-20
-1.8932e-20
-4.37531e-07
5.32426e-21
4.85557e-21
6.59432e-07
3.64109e-20
8.63303e-21
-3.89932e-07
2.28474e-21
2.33149e-21
8.23774e-07
3.58262e-20
-3.33722e-21
-3.35616e-07
9.20588e-21
-4.38353e-21
8.7658e-07
3.45015e-20
1.03446e-21
-2.72466e-07
6.55705e-21
2.97712e-21
8.4701e-07
2.82748e-20
-8.02767e-22
-1.99237e-07
8.30551e-21
5.79918e-21
7.49921e-07
2.57271e-20
-7.0217e-22
-1.15412e-07
7.03959e-21
-5.7525e-21
5.91038e-07
2.23725e-20
-8.76631e-22
-2.11653e-08
2.91019e-21
-1.25676e-20
3.70199e-07
1.45871e-20
-1.39362e-21
8.25967e-08
7.48097e-21
-3.11288e-22
8.33468e-08
7.42895e-21
-1.23413e-21
1.94142e-07
7.25379e-21
9.16914e-21
-2.76284e-07
3.11854e-21
-1.02685e-21
3.10758e-07
9.10596e-21
-1.62795e-20
-7.17389e-07
1.77601e-21
-9.5166e-22
4.28398e-07
3.12889e-21
-1.19545e-20
-1.24946e-06
1.23584e-21
-8.44825e-22
5.40423e-07
-0
9.48389e-21
-1.87788e-06
6.56923e-23
-4.85948e-22
6.27975e-07
2.57288e-21
-2.13805e-20
-2.55931e-06
-1.36329e-22
-3.61143e-22
6.27246e-07
1.37582e-21
-2.52074e-20
-3.00242e-06
-5.55802e-23
-5.81305e-22
4.68219e-07
-2.01603e-23
9.46725e-21
-2.68296e-06
-2.24905e-22
-4.03706e-22
2.48273e-07
-9.4659e-22
4.0711e-21
-1.80617e-06
-6.17978e-22
-8.23061e-22
9.83685e-08
-1.14757e-21
-4.25952e-21
-1.05825e-06
-1.16917e-21
-4.46861e-22
2.24482e-08
-1.00197e-21
5.04919e-21
-6.00602e-07
-1.01293e-21
-2.90951e-22
-1.11514e-08
-9.9225e-22
6.81488e-22
-3.36366e-07
-8.39018e-22
-2.16357e-22
-2.32391e-08
-3.34452e-22
-8.78065e-22
-1.83417e-07
-5.08233e-22
-8.72401e-23
-2.50742e-08
-6.03912e-22
-2.27244e-22
-9.44759e-08
-7.96309e-23
-6.71641e-23
-2.2541e-08
3.18945e-23
2.61495e-22
-4.2628e-08
3.25363e-23
1.95567e-23
-1.85884e-08
-2.97619e-22
-2.99053e-22
-1.24713e-08
-3.81454e-23
2.46022e-23
-1.45953e-08
-1.0142e-22
-1.41226e-23
4.90562e-09
-1.10012e-22
1.98746e-24
-1.11242e-08
-1.19648e-22
5.04039e-23
1.47154e-08
-1.6569e-22
3.69631e-24
-8.333e-09
-3.42698e-23
-1.3068e-23
2.00356e-08
-1.48845e-22
8.40908e-25
-6.19439e-09
-8.52928e-24
8.2222e-24
2.26977e-08
-1.07953e-22
1.46433e-25
-4.60993e-09
-1.26655e-23
3.91285e-23
2.37977e-08
-4.64674e-23
3.17869e-25
-3.46534e-09
4.16028e-24
-1.85373e-24
2.39944e-08
-9.95696e-24
-9.94681e-25
-2.65524e-09
-3.06303e-24
-6.68098e-24
2.36847e-08
1.46506e-23
-1.90278e-25
-2.09189e-09
1.99813e-24
1.27244e-24
2.31079e-08
2.08804e-23
-4.47443e-25
-1.70643e-09
-9.74785e-25
-3.40675e-24
2.24083e-08
1.25724e-23
-3.94067e-25
-1.44687e-09
-1.42266e-24
-1.84118e-24
2.16724e-08
-6.54065e-24
-1.73848e-25
-1.27495e-09
-1.14996e-24
6.17079e-25
2.09519e-08
-2.55737e-23
-1.25218e-25
-1.16312e-09
1.11106e-25
-2.73781e-26
2.02774e-08
-4.16444e-23
1.43485e-26
-1.09184e-09
-1.60108e-25
2.96824e-25
1.96665e-08
-5.07648e-23
3.48949e-26
-1.04739e-09
2.03254e-25
-6.85493e-25
1.91293e-08
-4.79797e-23
-4.59549e-26
-1.02028e-09
-9.53233e-26
-1.53004e-25
1.86714e-08
-4.01396e-23
-5.35607e-26
-1.00398e-09
0
-2.31703e-26
1.82955e-08
-2.86677e-23
-2.84613e-26
-9.94023e-10
9.47687e-27
-8.97819e-27
1.80031e-08
-1.67667e-23
-2.11864e-26
-9.87406e-10
-7.45711e-27
7.6514e-26
1.77947e-08
-6.21235e-24
-1.12567e-26
-9.82102e-10
2.23908e-27
-7.86964e-27
1.76705e-08
0
0
-4.89331e-10
0
0
8.81495e-09
2.41392e-21
-1.64861e-22
3.42259e-21
3.57984e-21
2.72208e-20
1.54178e-20
0
0
3.08004e-21
0
0
-0
4.61159e-21
-2.9506e-21
7.8787e-22
4.50452e-21
-4.10395e-20
-1.2332e-20
2.2705e-21
-6.5922e-21
1.5629e-21
6.90498e-21
3.60185e-20
-3.41407e-20
-4.94874e-21
4.08909e-21
1.80872e-21
8.52516e-21
2.81552e-20
3.96462e-20
-1.60796e-20
-1.23162e-20
4.79729e-21
-5.54879e-20
6.77578e-20
-7.75711e-21
1.23398e-20
6.66414e-21
-1.85576e-20
4.85565e-20
-2.58616e-20
2.03575e-20
3.3668e-20
-1.48377e-20
-1.35676e-20
8.01369e-20
3.86581e-20
-6.66758e-21
2.73821e-20
-1.39177e-20
-1.46551e-20
5.85542e-20
-1.75604e-20
1.32161e-19
1.08239e-20
-4.56493e-21
-3.66101e-22
1.96753e-19
2.0185e-21
-8.77592e-20
-1.34943e-19
-9.26391e-22
1.33923e-21
2.8085e-19
3.40626e-21
6.96441e-20
-1.51177e-19
-3.06565e-22
-1.73224e-20
3.14416e-19
1.0696e-20
-1.11501e-19
-5.93957e-20
3.67746e-12
-4.22987e-05
1.88006e-19
1.22835e-13
-8.04271e-05
-7.42792e-20
2.26428e-12
-1.06651e-05
1.65096e-19
-5.88285e-14
5.94839e-05
2.18598e-20
-1.78491e-21
-1.80631e-22
5.40273e-20
-4.98224e-21
5.99784e-21
-4.50028e-21
2.03533e-21
-1.47056e-23
-1.88181e-19
-4.93576e-22
-7.16871e-21
5.01581e-21
-1.20485e-21
-4.817e-22
3.33791e-20
-1.80967e-21
-7.622e-21
-2.06396e-21
-2.91942e-21
1.98297e-22
-1.0164e-19
1.13619e-20
6.14358e-21
-1.77105e-21
2.91949e-12
6.39539e-06
-3.57334e-20
3.14375e-13
2.94677e-05
9.21869e-22
-3.08546e-13
-7.78535e-07
-1.64896e-19
4.26788e-13
5.86583e-06
4.52203e-21
-4.12831e-12
-8.34399e-06
-1.89619e-19
1.88605e-12
-4.48744e-05
5.71871e-21
6.70773e-21
7.66199e-22
4.30136e-20
-4.22205e-21
-0
6.63137e-21
1.77977e-20
-1.84059e-22
-2.68778e-20
-1.47033e-20
-4.43216e-21
7.59486e-21
1.28397e-20
-6.15169e-22
2.75478e-20
1.84159e-20
-1.61136e-20
9.39447e-21
1.56851e-20
-1.42737e-22
-4.31941e-21
-1.03282e-20
2.06551e-20
8.01688e-21
9.93509e-21
-1.84069e-22
9.04836e-21
1.2416e-20
-2.20567e-20
1.05175e-20
5.47251e-21
1.33377e-22
-2.05047e-20
-4.046e-21
1.05197e-20
9.97581e-21
-9.8566e-13
-5.53991e-06
6.84026e-21
4.39174e-13
-8.67587e-05
1.11471e-20
-1.36494e-13
-1.80073e-06
6.11874e-21
5.71367e-14
-2.20446e-05
1.40771e-20
-6.90177e-16
-7.17098e-07
-1.02434e-20
2.46353e-17
-3.31981e-06
1.69697e-20
9.63475e-17
-6.25471e-07
6.07288e-21
-9.84717e-19
-1.43362e-06
2.37188e-20
-9.18637e-18
-5.61429e-07
-0
-9.16251e-19
-3.08861e-07
3.37105e-20
-8.6488e-19
-5.0977e-07
3.15274e-21
5.0537e-19
3.46471e-07
3.83138e-20
9.58887e-19
-4.60998e-07
3.72241e-21
-1.95597e-19
7.10543e-07
4.31414e-20
-4.32911e-19
-4.09129e-07
-2.99363e-21
6.67437e-20
8.89614e-07
4.46472e-20
1.63368e-19
-3.50354e-07
1.13509e-21
-2.50197e-20
9.45277e-07
4.36324e-20
-5.71307e-20
-2.82264e-07
-2.11483e-21
7.74646e-21
9.11571e-07
4.04162e-20
1.98854e-20
-2.03411e-07
-6.29046e-21
-1.00281e-20
8.05502e-07
3.93957e-20
-6.60446e-21
-1.13083e-07
6.95344e-21
1.14645e-20
6.33381e-07
3.14806e-20
2.27136e-21
-1.12022e-08
-4.20439e-21
3.21766e-21
3.9451e-07
2.49979e-20
-1.01302e-21
1.01735e-07
3.2804e-21
-7.11002e-21
8.30792e-08
1.4709e-20
-3.06589e-22
2.24752e-07
8.19755e-21
-9.80259e-21
-3.11368e-07
7.72231e-21
-8.13027e-22
3.56646e-07
-4.37973e-21
-8.23029e-21
-8.05188e-07
-1.27741e-21
-7.50597e-22
4.96695e-07
-3.3268e-21
-9.26171e-21
-1.42512e-06
8.71073e-22
2.33206e-22
6.46729e-07
3.25864e-21
8.18827e-22
-2.2216e-06
2.12514e-22
-4.45378e-22
8.20094e-07
2.24447e-21
3.19649e-20
-3.32182e-06
-3.68464e-22
-2.76529e-22
9.49133e-07
-1.8282e-20
2.69448e-21
-4.53406e-06
5.29518e-22
3.48132e-22
7.20938e-07
5.38342e-21
1.79424e-20
-4.09509e-06
-8.50127e-22
-4.18843e-22
3.30252e-07
-2.14488e-21
1.60726e-20
-2.34029e-06
-1.08822e-21
-5.6717e-22
1.19654e-07
-3.05733e-21
-1.30247e-21
-1.22202e-06
-7.19101e-22
-5.56509e-22
2.85454e-08
3.37415e-22
-2.43016e-21
-6.64412e-07
-1.21684e-21
-4.78476e-22
-9.81864e-09
2.01719e-22
3.66235e-21
-3.6371e-07
-1.56098e-21
-1.17089e-22
-2.34001e-08
-6.82652e-22
8.71544e-22
-1.9599e-07
-6.93649e-22
-1.41615e-22
-2.56245e-08
-1.85432e-22
-8.65148e-22
-1.00583e-07
-1.07342e-22
-7.58185e-23
-2.31101e-08
9.81488e-23
3.80486e-22
-4.57364e-08
1.44638e-24
-2.49372e-23
-1.90668e-08
-2.03883e-22
-1.65344e-22
-1.41196e-08
-9.38086e-23
3.75511e-24
-1.49656e-08
5.2183e-23
2.12477e-22
3.99977e-09
-2.17116e-22
8.35389e-24
-1.1399e-08
-1.2327e-22
3.79421e-23
1.42018e-08
-2.89617e-22
9.25889e-24
-8.53178e-09
2.65068e-23
-2.95795e-23
1.97367e-08
-2.65782e-22
5.97847e-24
-6.33579e-09
-8.8036e-24
7.31608e-23
2.25197e-08
-2.10383e-22
6.2906e-24
-4.70925e-09
-1.52625e-23
2.18418e-23
2.36896e-08
-1.26978e-22
-4.54016e-25
-3.53443e-09
-1.28992e-23
-3.82678e-23
2.39276e-08
-7.17182e-23
9.10766e-25
-2.70291e-09
-1.47809e-23
1.47974e-24
2.36427e-08
-2.7007e-23
-2.69988e-25
-2.12454e-09
-6.20122e-24
6.98765e-24
2.30811e-08
-1.1231e-23
2.54926e-25
-1.72865e-09
0
5.11452e-24
2.23909e-08
-1.30153e-23
2.06054e-25
-1.4619e-09
-9.81855e-25
3.51221e-24
2.1661e-08
-2.21188e-23
2.00304e-27
-1.28505e-09
-7.14499e-25
-3.36184e-26
2.09443e-08
-3.71419e-23
5.19896e-27
-1.16985e-09
-2.30177e-25
7.93187e-25
2.02722e-08
-4.97863e-23
-3.73928e-26
-1.09628e-09
-4.42397e-25
-1.8743e-25
1.96629e-08
-5.50721e-23
4.676e-26
-1.05027e-09
-4.21371e-25
3.02945e-25
1.91268e-08
-5.00721e-23
1.05661e-26
-1.02211e-09
1.73003e-25
3.90331e-26
1.86696e-08
-4.06373e-23
-1.58853e-26
-1.00509e-09
-2.25998e-26
-7.05093e-26
1.82942e-08
-2.86944e-23
-2.14439e-26
-9.94656e-10
6.89231e-26
-1.59185e-25
1.80021e-08
-1.64946e-23
-3.42889e-26
-9.87719e-10
-3.10409e-26
3.38495e-26
1.77939e-08
-6.04153e-24
-1.2302e-26
-9.82216e-10
-2.33567e-27
3.96661e-27
1.76699e-08
0
0
-4.89346e-10
0
0
8.81466e-09
2.09994e-21
-1.07079e-21
5.34811e-21
-8.83381e-23
-1.01471e-20
-2.51692e-20
0
0
1.63241e-21
0
0
3.61878e-21
-0
-9.25671e-22
1.89885e-21
-5.70471e-22
8.74021e-21
3.25404e-21
-1.1606e-20
-2.39888e-21
2.1588e-21
-3.74322e-21
7.48299e-21
-2.42552e-20
-8.2008e-21
-5.29061e-21
-5.7914e-22
5.06984e-20
-1.32014e-20
4.32689e-22
1.2539e-20
-0
0
-2.03168e-20
3.68961e-20
-6.40282e-21
1.31364e-20
-4.10334e-21
-7.86507e-21
-5.50182e-20
1.4406e-21
-8.72053e-20
-9.57728e-21
4.29778e-21
2.60816e-21
-1.62477e-20
-2.26964e-20
9.52776e-21
2.68299e-20
-4.72523e-21
1.25545e-21
1.78479e-19
-2.12119e-20
2.89908e-20
5.39858e-20
2.06178e-21
3.46771e-21
2.02166e-19
1.16828e-21
-9.91905e-20
2.94681e-20
-2.07513e-21
1.81781e-21
2.93119e-19
-3.66453e-21
3.84032e-20
-1.81617e-19
2.97341e-12
-0.000110867
3.22346e-19
4.18484e-13
-0.000311608
-1.27882e-19
1.95153e-12
-2.99091e-05
2.363e-19
5.73577e-14
-2.67821e-05
-9.96764e-20
3.0914e-12
-1.06485e-05
1.21622e-20
-8.11196e-14
7.95211e-05
3.82267e-20
1.89172e-21
1.30669e-21
4.30187e-20
1.75907e-22
1.21257e-20
1.33945e-20
-2.76076e-21
-2.29575e-23
4.19137e-20
-6.45306e-22
-1.19922e-21
-8.21088e-22
-3.21233e-21
0
-5.63976e-20
-4.3108e-22
1.80387e-20
-2.00408e-21
-1.83675e-20
-9.19062e-22
-1.43649e-19
-1.07193e-20
-1.34687e-20
-2.13926e-21
1.98607e-12
4.13204e-06
-8.9752e-21
2.1404e-13
2.1837e-05
5.14355e-22
-1.79708e-12
-3.40376e-06
-1.0482e-19
7.95623e-13
4.5256e-06
2.4796e-21
-1.43773e-20
1.39422e-21
0
-1.55725e-20
3.46025e-21
4.21644e-21
0
-3.15237e-22
5.05258e-20
1.39825e-20
-1.39151e-20
3.9457e-21
0
-1.211e-21
-8.19818e-20
3.72249e-20
1.95759e-20
4.9639e-21
1.10534e-20
-2.10281e-21
-3.18402e-20
2.53894e-21
-1.17899e-20
7.51573e-21
1.61188e-20
-2.0399e-22
3.45978e-21
8.89079e-21
-1.67759e-20
7.44442e-21
1.267e-20
-8.64778e-22
-2.69023e-20
5.34898e-21
1.93878e-20
6.69249e-21
8.28766e-21
-2.25342e-22
6.01254e-20
-5.1754e-21
9.44231e-21
5.24295e-21
5.58277e-21
-1.37449e-21
3.5821e-21
4.96921e-21
2.99532e-21
2.84535e-21
-3.61665e-13
-3.05032e-06
2.11584e-21
1.4703e-13
-4.44071e-05
5.88347e-21
2.60272e-15
-7.43331e-07
-0
-8.81783e-17
-3.80667e-06
1.03613e-20
-3.6423e-16
-6.40277e-07
-3.73616e-21
4.80841e-18
-1.65308e-06
1.42445e-20
3.66781e-17
-5.70549e-07
6.40363e-22
2.57388e-18
-4.00604e-07
2.68122e-20
2.07853e-18
-5.1597e-07
5.77837e-21
-1.52616e-18
3.15862e-07
3.60444e-20
-3.10648e-18
-4.65617e-07
-0
6.01351e-19
7.08803e-07
4.4292e-20
1.44014e-18
-4.12835e-07
-3.03456e-22
-2.14204e-19
9.00972e-07
5.03817e-20
-5.46166e-19
-3.53487e-07
9.18992e-21
7.18916e-20
9.62042e-07
5.09765e-20
1.93022e-19
-2.85004e-07
4.00769e-21
-1.80719e-20
9.30037e-07
4.58773e-20
-6.49245e-20
-2.05857e-07
1.22135e-21
4.14342e-21
8.23934e-07
4.14526e-20
2.26445e-20
-1.15294e-07
-0
2.79534e-21
6.51016e-07
4.28896e-20
-6.81133e-21
-1.32179e-08
6.55079e-21
-7.1437e-21
4.11062e-07
4.10316e-20
3.54498e-21
9.98849e-08
1.65292e-21
2.79107e-22
9.84993e-08
2.7866e-20
-3.11404e-22
2.23042e-07
8.25957e-21
1.53802e-20
-2.9701e-07
5.94975e-21
8.89709e-22
3.55052e-07
3.08927e-21
1.08818e-20
-7.91753e-07
-1.77283e-21
5.86471e-22
4.95188e-07
4.36009e-21
6.84657e-21
-1.41241e-06
3.55237e-22
8.53661e-22
6.45274e-07
5.40385e-21
1.46585e-20
-2.2093e-06
-8.32193e-22
2.00581e-21
8.18624e-07
2.62785e-21
3.76083e-21
-3.30937e-06
-0
2.76177e-21
9.47676e-07
-1.82689e-20
-3.44307e-21
-4.52172e-06
7.90909e-22
7.4807e-22
7.19904e-07
4.75395e-21
1.75472e-20
-4.08635e-06
-4.71101e-22
-1.46595e-22
3.29754e-07
0
-8.61528e-21
-2.33615e-06
-1.90088e-21
-5.15458e-22
1.19428e-07
2.53297e-22
-6.15084e-21
-1.22017e-06
-2.37497e-21
-3.76424e-22
2.84357e-08
-5.04338e-22
-2.98455e-22
-6.63548e-07
-2.30376e-21
-3.1013e-22
-9.87333e-09
-5.03104e-22
-1.30252e-21
-3.63302e-07
-1.43494e-21
-1.65618e-22
-2.34279e-08
3.40751e-22
5.46723e-22
-1.958e-07
-4.5466e-22
-9.46302e-23
-2.56388e-08
-1.85201e-22
-1.30762e-21
-1.00499e-07
-3.28071e-23
8.96864e-23
-2.31175e-08
-3.59539e-22
1.11389e-21
-4.57037e-08
-2.61415e-23
6.53252e-23
-1.90706e-08
-4.41424e-22
1.42279e-22
-1.4111e-08
-1.94104e-22
4.08633e-23
-1.49676e-08
6.95376e-23
-5.67432e-23
3.99761e-09
-3.33047e-22
2.25643e-23
-1.14001e-08
0
8.8029e-23
1.41954e-08
-4.22209e-22
1.9744e-23
-8.53236e-09
-2.64972e-23
-8.11079e-23
1.97291e-08
-3.85941e-22
1.16653e-23
-6.3361e-09
-4.40052e-24
-5.39728e-23
2.25123e-08
-2.99195e-22
7.89987e-24
-4.70943e-09
-2.61581e-23
1.50638e-24
2.3683e-08
-1.99715e-22
4.96609e-24
-3.53453e-09
4.29891e-24
3.14183e-23
2.39219e-08
-1.33388e-22
3.58594e-24
-2.70296e-09
8.44488e-24
-2.17527e-23
2.3638e-08
-7.26548e-23
8.50148e-25
-2.12457e-09
-5.16702e-24
2.59151e-24
2.30772e-08
-4.66201e-23
5.49129e-25
-1.72868e-09
0
-8.55327e-24
2.23877e-08
-3.60251e-23
2.46041e-25
-1.46191e-09
1.96354e-24
2.44959e-24
2.16584e-08
-3.73259e-23
1.43932e-25
-1.28506e-09
0
-2.89123e-24
2.09422e-08
-4.4383e-23
7.5558e-26
-1.16986e-09
-5.75408e-25
-2.1152e-24
2.02705e-08
-5.18317e-23
7.92001e-26
-1.09628e-09
2.21188e-25
2.58529e-25
1.96615e-08
-5.53642e-23
1.3163e-26
-1.05028e-09
0
-6.37789e-26
1.91257e-08
-4.95557e-23
-4.6222e-26
-1.02211e-09
-1.23569e-25
-3.12269e-25
1.86686e-08
-3.91745e-23
-2.09755e-26
-1.00509e-09
-1.12995e-25
3.60385e-25
1.82934e-08
-2.74731e-23
-2.32434e-26
-9.94659e-10
-1.96918e-26
5.45782e-26
1.80014e-08
-1.55551e-23
-2.24742e-26
-9.87721e-10
6.20801e-26
-3.38499e-26
1.77933e-08
-5.69054e-24
-1.29878e-26
-9.82218e-10
-4.67122e-27
-0
1.76693e-08
0
0
-4.89347e-10
0
0
8.81437e-09
-0
1.91748e-12
2.08162e-05
-2.15943e-21
-1.32509e-12
1.61372e-05
0
0
1.09665e-05
0
0
8.4425e-06
-0
2.42786e-12
1.3931e-05
2.63968e-21
-2.73013e-12
4.03712e-06
-2.74389e-21
-6.59035e-12
-3.56294e-05
5.58321e-21
-5.8264e-12
-5.3537e-05
8.59974e-21
-4.39251e-21
3.95318e-21
-2.17865e-20
-4.67243e-21
-1.03513e-20
2.28762e-20
1.62538e-21
2.65897e-21
3.34959e-20
4.20523e-20
-7.66111e-21
-1.72483e-20
-5.32006e-21
1.1459e-21
1.38267e-20
-5.32695e-21
8.37563e-21
3.26111e-20
4.79723e-21
2.84882e-22
7.57776e-20
2.36032e-20
4.95699e-20
3.59209e-20
-5.25881e-22
-7.46618e-22
1.23769e-19
7.19806e-21
-1.69477e-20
-2.48169e-21
5.1449e-21
2.30912e-21
2.55469e-19
-8.89645e-22
-2.18602e-20
-1.48753e-19
7.09332e-23
-1.45922e-20
2.60081e-19
-2.59447e-21
4.09258e-20
-2.16815e-19
2.49743e-12
-7.48193e-05
2.50582e-19
2.41604e-13
-0.000187309
1.33837e-20
-1.33462e-13
-1.65931e-05
2.15436e-19
-3.06671e-16
2.01224e-05
-3.64279e-20
2.79343e-12
-8.50019e-06
-3.64654e-20
-6.91575e-14
7.37459e-05
-5.22967e-21
5.95325e-21
9.88737e-22
4.87502e-20
3.4668e-21
-1.65455e-20
1.6781e-20
-8.2926e-21
-1.75376e-22
1.17986e-19
-0
2.38857e-21
-7.51284e-22
1.29219e-21
1.29433e-22
-1.93338e-19
-3.18999e-21
7.20039e-21
-3.93952e-21
4.2712e-12
8.72389e-06
8.4907e-20
2.16325e-13
5.18863e-05
-1.55372e-21
8.96549e-13
2.15946e-06
-5.20377e-20
1.06071e-13
1.64649e-05
3.88519e-22
-2.69323e-12
-5.16517e-06
-3.58508e-20
1.20066e-12
2.53442e-06
1.50045e-21
-2.4331e-20
0
-5.55779e-20
-2.49004e-20
-3.76704e-21
8.28112e-22
-2.20096e-20
-1.22686e-21
5.46418e-20
-3.83533e-21
7.32411e-21
1.233e-21
-2.23293e-20
-4.09827e-21
0
-2.67177e-20
1.54519e-20
4.793e-21
-7.40164e-21
-5.16467e-21
2.33942e-20
0
1.40181e-20
1.18916e-20
9.06869e-21
-5.55743e-21
-4.76122e-20
-2.56912e-20
-0
9.50748e-21
8.16731e-21
-2.82248e-21
2.98911e-20
-8.86574e-21
2.00411e-20
1.75187e-20
6.07706e-21
-1.08447e-22
-5.74993e-21
1.31791e-21
-0
1.7966e-20
3.08849e-21
2.97499e-21
7.36019e-21
-7.47911e-22
-0
1.68368e-20
-5.55585e-13
-4.23363e-06
-6.43322e-21
2.35813e-13
-6.68652e-05
1.21016e-20
3.97606e-15
-7.321e-07
2.35534e-21
-1.45052e-16
-4.1188e-06
-5.43372e-22
-5.63051e-16
-6.24383e-07
3.72478e-21
9.96426e-18
-1.82547e-06
1.64002e-21
6.03675e-17
-5.53291e-07
-1.26963e-21
3.16989e-18
-5.06302e-07
1.32731e-20
1.22668e-18
-4.99204e-07
3.80117e-21
-2.09227e-18
2.42687e-07
2.2423e-20
-3.98912e-18
-4.50539e-07
9.29041e-22
8.42148e-19
6.52319e-07
3.13744e-20
1.92584e-18
-4.00356e-07
-5.05335e-21
-2.91363e-19
8.543e-07
3.38802e-20
-7.39141e-19
-3.44422e-07
8.41445e-21
1.04436e-19
9.22822e-07
3.72342e-20
2.61849e-19
-2.80159e-07
-0
-3.26405e-20
8.98332e-07
3.63737e-20
-8.79804e-20
-2.06098e-07
8.66297e-21
1.33347e-20
8.01299e-07
3.85555e-20
3.14753e-20
-1.21605e-07
1.21118e-20
-1.03401e-20
6.40229e-07
4.11456e-20
-8.11538e-21
-2.6799e-08
8.57129e-21
5.00463e-21
4.16326e-07
4.40986e-20
4.4512e-21
7.74441e-08
5.34241e-21
5.91938e-21
1.26198e-07
2.89843e-20
8.11301e-22
1.89407e-07
-3.0469e-21
4.31788e-21
-2.366e-07
4.65829e-21
2.14229e-21
3.06386e-07
9.10405e-21
8.14423e-21
-6.80606e-07
-4.14188e-21
1.79684e-21
4.24338e-07
4.00754e-22
-2.46513e-20
-1.21524e-06
-4.89711e-21
2.07565e-21
5.3663e-07
2.90386e-21
-1.26491e-20
-1.84588e-06
-1.56031e-21
2.90538e-21
6.24457e-07
3.20803e-21
6.78897e-22
-2.52962e-06
1.00216e-21
2.62104e-21
6.24225e-07
1.06366e-21
-1.81098e-20
-2.97695e-06
3.01044e-21
1.22405e-21
4.66103e-07
-2.02843e-22
-6.10878e-21
-2.66521e-06
1.69634e-21
6.55197e-22
2.47091e-07
-2.13538e-21
-4.50026e-21
-1.79638e-06
-4.09696e-22
1.0684e-22
9.77717e-08
-1.25403e-21
9.42398e-21
-1.05341e-06
-1.39655e-21
-2.0421e-23
2.21485e-08
-8.26518e-22
-5.04996e-21
-5.98255e-07
-8.91383e-22
-1.30375e-22
-1.13039e-08
-1.18255e-21
2.43425e-22
-3.35238e-07
-4.59929e-22
-1.04762e-23
-2.33175e-08
4.43755e-22
1.05989e-21
-1.82888e-07
-8.22107e-23
-1.7278e-23
-2.51149e-08
-1.80517e-22
-1.07956e-21
-9.42418e-08
3.62572e-23
-3.53493e-24
-2.25622e-08
-2.54453e-22
4.27959e-22
-4.25374e-08
-8.10249e-23
5.35871e-23
-1.85995e-08
6.59966e-23
9.72046e-23
-1.24488e-08
-2.72545e-22
3.37241e-23
-1.46012e-08
-1.18126e-22
-3.20149e-22
4.89781e-09
-4.07164e-22
3.24905e-23
-1.11274e-08
2.56048e-23
-1.1268e-22
1.46956e-08
-4.96191e-22
2.69802e-23
-8.33467e-09
0
1.68034e-23
2.00128e-08
-4.47491e-22
1.46653e-23
-6.1953e-09
-2.13049e-23
-1.09248e-22
2.26757e-08
-3.62507e-22
1.03444e-23
-4.61043e-09
-2.10945e-23
2.21502e-24
2.37782e-08
-2.59919e-22
6.1757e-24
-3.46562e-09
0
2.73446e-23
2.39777e-08
-1.76592e-22
2.65113e-24
-2.6554e-09
4.08216e-24
-7.55297e-24
2.36707e-08
-1.10453e-22
2.14741e-24
-2.09198e-09
0
1.34524e-23
2.30964e-08
-7.01625e-23
8.99431e-25
-1.70649e-09
3.89792e-24
-1.70348e-24
2.23989e-08
-4.93774e-23
5.5818e-25
-1.44691e-09
1.65934e-24
-1.48719e-24
2.16648e-08
-4.46755e-23
3.12699e-25
-1.27498e-09
-2.29943e-24
3.30596e-24
2.09457e-08
-4.74671e-23
1.40955e-25
-1.16314e-09
-4.44346e-25
-1.69753e-24
2.02723e-08
-5.26264e-23
9.10457e-26
-1.09185e-09
-6.40337e-25
1.18735e-24
1.96624e-08
-5.41191e-23
9.89201e-26
-1.0474e-09
1.01614e-25
1.25592e-25
1.91259e-08
-4.65744e-23
1.28594e-26
-1.02029e-09
-4.76565e-26
-6.40878e-26
1.86686e-08
-3.64044e-23
-1.65203e-26
-1.00398e-09
4.35472e-26
3.16673e-25
1.82931e-08
-2.54084e-23
-3.30229e-26
-9.9403e-10
-8.52846e-26
-1.07742e-25
1.8001e-08
-1.42972e-23
-1.88902e-26
-9.87412e-10
-3.72826e-26
-3.34759e-26
1.77928e-08
-5.21246e-24
-7.81771e-27
-9.82107e-10
-4.47782e-27
1.57397e-26
1.76688e-08
0
0
-4.89333e-10
0
0
8.8141e-09
-0
-2.88638e-14
-2.0101e-06
-2.39343e-21
9.23061e-16
-2.31647e-06
0
0
-3.21396e-07
0
0
-3.44871e-07
9.08615e-21
4.42068e-14
-4.44898e-06
-4.76242e-21
3.81477e-15
-5.69045e-06
1.6168e-21
-6.19602e-12
-4.80535e-05
2.87026e-21
-1.35394e-12
-6.64185e-05
1.89721e-20
-2.36229e-21
6.44863e-21
0
1.7789e-20
-3.07716e-21
3.45853e-21
3.78107e-21
5.20518e-21
2.3908e-20
-1.91532e-20
-1.25502e-20
-1.71448e-21
8.1981e-21
6.8154e-21
2.41824e-20
-4.5002e-21
-5.13611e-20
3.51786e-20
-9.89951e-21
-0
5.24588e-20
-1.41328e-20
-6.04096e-20
-8.86382e-20
4.12349e-22
9.12795e-21
5.93495e-20
-2.86965e-21
0
1.05922e-19
-3.0294e-22
-0
1.7611e-19
4.26183e-21
7.1104e-20
-5.66888e-20
7.50557e-23
9.00764e-21
2.10808e-19
-4.40094e-21
-9.78746e-20
-4.13944e-20
1.73582e-12
-4.46672e-05
2.15934e-19
1.05491e-13
-9.11886e-05
9.61975e-20
-5.82728e-14
-1.13486e-05
1.18984e-19
-5.22657e-17
1.85158e-05
-2.27091e-20
1.78962e-12
-5.52319e-06
2.63291e-20
-3.94394e-14
5.12728e-05
3.81159e-20
7.64022e-22
5.30703e-22
3.20075e-20
2.04689e-21
3.97122e-20
1.85285e-20
-3.57545e-21
0
3.07653e-20
-1.03075e-24
-4.73029e-21
2.54378e-21
-1.62407e-21
0
-8.05893e-20
2.78626e-21
5.36797e-21
-9.58888e-21
1.95442e-12
4.61084e-06
-3.72976e-20
1.02389e-13
3.21252e-05
-2.88294e-21
-2.13457e-14
4.59444e-07
-6.01344e-21
-1.36947e-15
1.16048e-05
2.49123e-21
-2.59813e-12
-5.15658e-06
4.09278e-20
1.15452e-12
1.54116e-06
2.18904e-21
-2.40203e-20
4.03604e-22
-3.49246e-20
-1.5798e-20
-5.67096e-21
1.03535e-21
-1.94054e-20
-7.63141e-22
-5.10445e-21
2.51777e-20
1.8194e-21
-1.11434e-21
-1.4238e-20
2.45939e-21
5.18527e-20
-9.84608e-21
-3.81941e-21
-2.69395e-21
-3.79593e-21
-2.52174e-21
6.3702e-21
0
1.83728e-20
7.56789e-21
1.97698e-21
-1.45727e-21
-1.44787e-20
1.2941e-20
1.32295e-20
1.79869e-20
2.3853e-21
-3.45041e-21
4.85779e-20
4.05875e-22
-5.99272e-20
2.61517e-20
-1.59691e-21
-1.16876e-22
1.17883e-20
7.2495e-22
-1.29191e-20
1.8709e-20
-3.43596e-21
8.07441e-21
2.57235e-20
-4.11519e-21
1.22991e-20
8.61045e-21
-5.41979e-13
-4.12619e-06
8.42891e-21
2.33432e-13
-6.67812e-05
-6.00543e-21
3.92171e-15
-6.81249e-07
-1.60197e-20
-1.484e-16
-4.16203e-06
-1.84184e-20
-5.66292e-16
-5.77233e-07
4.78393e-21
1.2153e-17
-1.90587e-06
-2.20349e-20
6.47067e-17
-5.09613e-07
3.03614e-21
2.28272e-18
-6.03109e-07
-1.31392e-20
-7.55526e-19
-4.59452e-07
-0
-1.77972e-18
1.39074e-07
2.18363e-21
-3.23509e-18
-4.15488e-07
4.68768e-21
7.36129e-19
5.4767e-07
1.19127e-20
1.6574e-18
-3.70983e-07
-1.11979e-21
-2.62559e-19
7.53066e-07
1.66876e-20
-6.46354e-19
-3.2186e-07
3.09088e-21
8.3833e-20
8.29111e-07
1.6181e-20
2.3027e-19
-2.65692e-07
6.53388e-21
-2.82031e-20
8.16407e-07
1.71269e-20
-7.71333e-20
-2.01168e-07
3.19594e-21
1.06866e-20
7.35989e-07
2.03735e-20
2.75714e-20
-1.27857e-07
-8.61893e-22
-9.04778e-21
5.97413e-07
2.10858e-20
-7.31713e-21
-4.6169e-08
4.73196e-21
8.20145e-21
4.03663e-07
1.53147e-20
4.74133e-21
4.25342e-08
-5.20549e-21
-7.4495e-21
1.54367e-07
8.2332e-21
9.77028e-22
1.3568e-07
3.03004e-21
3.46687e-21
-1.51619e-07
-6.16629e-21
2.27298e-21
2.29e-07
3.08037e-21
-1.00617e-20
-5.1313e-07
-1.00736e-20
1.95173e-21
3.1554e-07
-4.62595e-21
1.6306e-21
-9.21014e-07
-6.51786e-21
2.40037e-21
3.8326e-07
3.18137e-21
-4.55675e-22
-1.34369e-06
-1.77647e-21
2.61159e-21
4.10681e-07
1.15863e-21
1.30907e-20
-1.69338e-06
1.24519e-21
2.18563e-21
3.73173e-07
-3.32935e-22
4.24127e-21
-1.81675e-06
2.67536e-21
1.40649e-21
2.75167e-07
-1.37885e-22
-1.17558e-20
-1.62817e-06
2.40305e-21
1.04683e-21
1.58678e-07
-3.10739e-22
9.51488e-21
-1.22709e-06
9.53853e-22
4.9371e-22
6.68026e-08
0
4.62412e-21
-8.07665e-07
2.0332e-22
8.87072e-23
1.26153e-08
-1.59497e-22
-3.26154e-21
-4.91628e-07
-6.00388e-23
6.68598e-23
-1.32949e-08
-3.76981e-22
3.47155e-22
-2.86102e-07
1.15011e-22
5.38953e-23
-2.27865e-08
6.32803e-22
-1.65504e-21
-1.5915e-07
1.11336e-22
9.36977e-23
-2.3914e-08
-5.12574e-22
-2.10045e-22
-8.22777e-08
1.66825e-23
8.18524e-23
-2.13508e-08
-3.00006e-23
-8.87705e-23
-3.62778e-08
-1.37365e-22
6.58867e-23
-1.75813e-08
6.20737e-23
-3.37364e-22
-9.06488e-09
-3.35506e-22
3.45024e-23
-1.38094e-08
-1.26679e-22
1.33428e-22
6.77892e-09
-4.71201e-22
3.9784e-23
-1.05369e-08
-7.99302e-23
1.7993e-22
1.57659e-08
-5.04995e-22
2.20408e-23
-7.90561e-09
8.00152e-24
6.03483e-23
2.06332e-08
-4.76147e-22
1.82335e-23
-5.88904e-09
-3.97807e-23
-1.34287e-23
2.30407e-08
-3.84253e-22
1.09417e-23
-4.39472e-09
-1.57359e-23
-3.24063e-23
2.39953e-08
-2.87431e-22
5.97737e-24
-3.31528e-09
-1.54923e-23
-1.59405e-23
2.4108e-08
-1.95258e-22
3.5012e-24
-2.55153e-09
-1.89956e-24
4.44543e-24
2.37494e-08
-1.27401e-22
1.61902e-24
-2.02075e-09
-2.7862e-24
-7.30931e-24
2.31441e-08
-8.30095e-23
8.40477e-25
-1.65797e-09
-3.6225e-24
1.30574e-24
2.24278e-08
-6.02262e-23
4.2342e-25
-1.41407e-09
0
1.49397e-24
2.16823e-08
-4.89818e-23
2.57049e-25
-1.2529e-09
-8.53839e-25
-1.94577e-24
2.09563e-08
-4.89076e-23
7.07482e-26
-1.14841e-09
-4.1228e-25
-1.89309e-24
2.02787e-08
-4.86197e-23
6.11415e-26
-1.08211e-09
1.97931e-25
1.40189e-24
1.96661e-08
-4.89612e-23
9.78112e-26
-1.04106e-09
-4.7082e-26
-3.62379e-25
1.9128e-08
-4.22061e-23
5.32437e-26
-1.01624e-09
-1.98548e-25
-3.45517e-25
1.86696e-08
-3.26975e-23
-2.87557e-26
-1.0015e-09
-4.0264e-26
-4.46775e-26
1.82936e-08
-2.2629e-23
-2.72654e-26
-9.92605e-10
-5.24655e-26
-1.73505e-25
1.8001e-08
-1.28007e-23
-1.59292e-26
-9.86693e-10
1.37199e-26
-3.71042e-26
1.77926e-08
-4.65071e-24
-1.22739e-26
-9.81839e-10
-2.05049e-27
1.53582e-26
1.76683e-08
0
0
-4.89297e-10
0
0
8.81386e-09
3.145e-21
-2.26935e-15
-2.5298e-06
4.34581e-22
-2.89895e-16
-3.43984e-06
0
0
-4.16872e-07
0
0
-5.31475e-07
4.72618e-21
3.51335e-14
-5.19123e-06
3.49613e-21
2.5736e-17
-7.21016e-06
8.48751e-22
-2.9274e-12
-3.29818e-05
-1.08227e-20
-4.30501e-13
-5.05959e-05
3.23297e-20
-1.98345e-21
7.52358e-21
-5.05016e-21
9.08254e-21
7.97899e-21
-6.09273e-21
1.81188e-22
1.11797e-20
3.36436e-21
6.29232e-21
8.47686e-21
-2.46845e-20
-2.16501e-21
-1.77534e-20
6.51351e-20
-5.86531e-21
3.52728e-20
-1.46313e-20
1.32286e-21
-1.99481e-21
7.63346e-20
8.6445e-21
3.5335e-20
-1.26517e-20
-1.12198e-21
-1.92895e-21
1.13093e-19
-1.00096e-21
6.43311e-20
2.13287e-20
-1.17962e-21
-9.5796e-21
9.0481e-20
-2.19598e-21
-3.77875e-20
2.0659e-20
3.22539e-14
-6.17348e-05
1.30501e-19
1.05219e-13
-0.000149783
3.23217e-20
6.34792e-13
-2.26652e-05
1.48649e-19
3.00499e-14
-2.74765e-05
3.4998e-20
-1.31405e-15
-7.40212e-06
1.31282e-19
2.89911e-17
1.54766e-05
1.00471e-20
6.18511e-13
-3.28463e-06
4.02351e-20
-1.27261e-14
3.02115e-05
3.26355e-20
1.49562e-12
3.77703e-07
6.08548e-20
-1.70757e-14
4.40912e-05
9.12327e-21
1.93115e-12
3.36725e-06
1.07226e-20
3.57135e-15
4.94858e-05
-8.81378e-21
1.48517e-12
3.738e-06
2.32457e-20
3.50234e-14
3.55166e-05
-1.18433e-20
6.68359e-13
2.26878e-06
-1.63001e-19
3.81819e-14
2.11314e-05
-2.87399e-22
2.05775e-14
3.9436e-07
-1.1395e-20
-7.63653e-16
9.94635e-06
1.07266e-20
-1.903e-12
-4.22048e-06
1.69163e-20
8.5449e-13
2.63924e-06
1.117e-20
-2.27836e-20
4.32212e-21
-1.11269e-19
0
-5.27287e-21
6.50285e-21
-1.47931e-20
-9.931e-22
2.19986e-20
-2.92358e-21
4.29018e-21
1.37615e-22
-1.02638e-20
1.2202e-21
-8.08622e-21
8.87969e-21
-1.5598e-20
-8.0236e-22
-2.90653e-22
1.18752e-21
7.39302e-22
-3.74614e-21
-4.6145e-20
1.63987e-21
2.63025e-21
1.65058e-21
8.88192e-21
1.66376e-21
3.77838e-20
7.4046e-21
1.29379e-21
-1.23074e-21
-8.37558e-21
1.79384e-21
-1.28922e-20
8.19961e-21
-7.5706e-22
1.6508e-21
-0
5.40633e-21
-6.34533e-21
-1.341e-21
-1.25112e-21
6.7563e-21
-3.86574e-20
3.54648e-21
6.0846e-21
-1.83537e-20
-3.3236e-13
-2.80848e-06
-5.94168e-21
1.41351e-13
-4.43527e-05
-3.18503e-20
2.46414e-15
-5.92862e-07
6.37278e-21
-9.3306e-17
-3.88534e-06
-3.84133e-20
-3.64735e-16
-5.00764e-07
-8.79544e-21
8.75657e-18
-1.85478e-06
-3.90925e-20
4.42465e-17
-4.41222e-07
2.21509e-21
9.14493e-19
-6.62671e-07
-2.72268e-20
-1.69052e-18
-3.97973e-07
-8.18488e-22
-9.29029e-19
2.51406e-08
-2.09354e-20
-1.63114e-18
-3.61059e-07
-1.97825e-21
4.00511e-19
4.09239e-07
-1.29125e-20
9.08455e-19
-3.24439e-07
1.25324e-22
-1.41103e-19
6.07596e-07
-8.24908e-21
-3.6164e-19
-2.84457e-07
8.20077e-22
4.90757e-20
6.8812e-07
-4.04694e-21
1.29935e-19
-2.38967e-07
4.3095e-21
-1.78555e-20
6.88742e-07
-7.61273e-22
-4.33393e-20
-1.86874e-07
9.73976e-23
6.9168e-21
6.29643e-07
1.26001e-21
1.58027e-20
-1.27927e-07
-2.59262e-21
-3.53198e-21
5.20726e-07
-2.2144e-21
-3.4736e-21
-6.27302e-08
2.40208e-21
1.81319e-21
3.66337e-07
-2.4806e-21
2.89449e-21
7.11403e-09
5.08545e-22
-2.28576e-21
1.68618e-07
-7.62999e-21
9.59345e-22
7.86943e-08
2.08604e-21
4.63994e-21
-6.94939e-08
-1.2249e-20
1.79524e-21
1.47316e-07
6.56388e-21
5.4736e-21
-3.40597e-07
-9.00386e-21
1.57047e-21
2.05826e-07
3.16041e-21
-3.1685e-21
-6.27195e-07
-5.66321e-21
1.78911e-21
2.44057e-07
6.5388e-22
-0
-8.93307e-07
-1.30146e-21
1.87125e-21
2.50554e-07
5.43884e-22
6.85007e-21
-1.08044e-06
8.4883e-22
1.53799e-21
2.19941e-07
-3.60291e-22
6.12909e-21
-1.12907e-06
1.90923e-21
1.23796e-21
1.6092e-07
-4.28333e-22
3.06124e-21
-1.02294e-06
1.82153e-21
8.18537e-22
9.41093e-08
-1.09474e-21
1.97432e-21
-8.10929e-07
1.38773e-21
4.60131e-22
3.89635e-08
-2.34844e-22
4.79138e-22
-5.73826e-07
5.81591e-22
1.85984e-22
3.4711e-09
4.46978e-22
-8.78111e-22
-3.71776e-07
3.24308e-22
1.56026e-22
-1.46691e-08
-6.08337e-22
6.55906e-22
-2.25031e-07
2.23079e-22
1.19998e-22
-2.13719e-08
-2.89226e-22
7.61028e-22
-1.27361e-07
8.65102e-23
7.85689e-23
-2.1788e-08
-2.06905e-22
1.84388e-22
-6.52898e-08
-4.60285e-23
5.92932e-23
-1.93108e-08
5.42205e-23
-2.17006e-22
-2.69556e-08
-2.03876e-22
5.65328e-23
-1.58823e-08
-1.67592e-22
1.89103e-22
-3.82413e-09
-3.71443e-22
4.3583e-23
-1.24873e-08
-4.26077e-23
2.64939e-22
9.78709e-09
-4.55019e-22
2.54058e-23
-9.54775e-09
4.28921e-23
-1.32559e-22
1.75225e-08
-4.94392e-22
2.30459e-23
-7.18439e-09
-3.56952e-23
-7.75168e-23
2.16733e-08
-4.4958e-22
1.29456e-23
-5.37273e-09
0
1.83748e-23
2.36633e-08
-3.69456e-22
7.09643e-24
-4.03021e-09
1.04898e-23
2.18944e-23
2.43713e-08
-2.75997e-22
4.38386e-24
-3.06077e-09
-1.54682e-23
8.91904e-24
2.43366e-08
-1.97522e-22
2.98188e-24
-2.37545e-09
4.2093e-24
3.56632e-24
2.38891e-08
-1.32622e-22
1.13397e-24
-1.89988e-09
-3.28925e-24
-4.7926e-24
2.32298e-08
-8.61448e-23
6.84796e-25
-1.57557e-09
-8.01108e-25
1.59989e-24
2.24806e-08
-5.91059e-23
2.46379e-25
-1.35826e-09
3.8921e-25
4.99741e-25
2.17149e-08
-4.73166e-23
1.43418e-25
-1.21534e-09
-3.77068e-25
1.09054e-24
2.09764e-08
-4.25855e-23
2.94866e-26
-1.12331e-09
-5.45825e-25
-5.81576e-25
2.0291e-08
-4.20713e-23
4.9105e-26
-1.06549e-09
-1.74568e-25
1.3233e-24
1.96736e-08
-4.18083e-23
2.06233e-26
-1.03018e-09
-8.29759e-26
-4.83354e-25
1.91325e-08
-3.53436e-23
-4.07791e-26
-1.00927e-09
9.70856e-26
1.14091e-25
1.86722e-08
-2.72734e-23
-1.0142e-26
-9.97174e-10
-7.07595e-26
1.24147e-25
1.82949e-08
-1.87614e-23
-2.70751e-26
-9.90076e-10
0
1.04773e-25
1.80016e-08
-1.06475e-23
-1.58124e-26
-9.8538e-10
0
5.19751e-26
1.77927e-08
-3.90194e-24
-6.78452e-27
-9.81326e-10
-5.338e-27
-1.80909e-27
1.76681e-08
0
0
-4.89223e-10
0
0
8.81367e-09
3.4109e-21
3.17652e-16
-2.30224e-06
-1.7104e-21
3.92587e-17
-3.10704e-06
0
0
-3.83037e-07
0
0
-4.67974e-07
1.03046e-20
-5.77428e-15
-4.59355e-06
2.94608e-21
5.63883e-17
-6.27117e-06
6.06595e-22
-7.92706e-13
-1.72073e-05
-6.79724e-21
-9.82506e-14
-2.67177e-05
9.17492e-21
-3.42533e-12
-4.86744e-05
-7.87748e-21
-3.25946e-13
-8.53574e-05
1.99996e-20
1.07341e-21
-3.49535e-21
3.04676e-20
-1.96601e-21
-3.43176e-20
1.4385e-20
3.76009e-21
-0
8.48458e-21
-2.15883e-21
-8.21796e-21
-1.40609e-20
2.20593e-21
-1.63526e-20
4.15167e-20
-1.63103e-21
-7.86782e-20
-2.73376e-20
-3.07825e-12
-8.17468e-05
3.09422e-20
-3.44339e-14
-0.00020132
3.26999e-20
-7.86486e-13
-4.42541e-05
5.72326e-20
2.34719e-14
-9.75843e-05
4.9052e-20
5.26017e-14
-2.24143e-05
6.40675e-20
1.80795e-14
-3.40339e-05
8.66017e-20
-1.21951e-14
-8.53481e-06
6.39104e-20
-6.39961e-17
7.26346e-06
4.90645e-20
3.88491e-15
-4.82063e-06
5.57821e-20
1.16026e-17
1.17247e-05
4.72439e-20
-4.06053e-15
-1.81284e-06
-1.25929e-20
3.84866e-18
1.49692e-05
1.77188e-20
-1.46928e-14
1.02252e-07
6.93784e-20
1.45004e-17
1.67963e-05
8.56214e-21
-1.98851e-14
9.81513e-07
-4.44183e-20
-6.78729e-18
1.71015e-05
-4.35171e-21
-1.4523e-14
1.12094e-06
7.71973e-21
-4.54376e-17
1.57987e-05
-3.49197e-21
-7.59012e-15
8.29423e-07
6.77431e-21
2.29282e-17
1.2776e-05
3.22239e-21
8.45894e-15
3.25203e-07
-7.37748e-20
-3.62782e-16
7.9011e-06
9.19903e-21
-8.85324e-13
-2.40592e-06
-1.79067e-20
4.11758e-13
3.48668e-06
9.10657e-21
-1.10912e-20
5.6505e-21
-1.29436e-20
7.60633e-21
-3.3818e-21
4.2827e-21
-9.93684e-21
1.03921e-21
-4.00553e-21
5.254e-21
-9.42505e-21
-2.16242e-22
-6.31858e-21
7.63822e-23
-1.48277e-20
0
2.65683e-20
-1.86244e-21
-1.87579e-22
3.47842e-22
-5.17054e-22
-2.43323e-21
-2.68158e-20
-1.98761e-21
3.26716e-22
2.32903e-22
9.67975e-21
1.09602e-21
-1.18518e-20
-2.6664e-21
1.89521e-21
-3.84634e-22
-2.41166e-20
-1.28737e-21
-3.07902e-20
-7.25041e-21
1.06018e-21
-4.05355e-22
2.65092e-21
-1.74145e-21
-1.2295e-20
-1.52809e-20
-9.06314e-13
-5.59435e-06
-6.27273e-21
4.17734e-13
-9.74095e-05
-3.06089e-20
-1.13373e-13
-1.48287e-06
2.43094e-20
5.12328e-14
-2.18154e-05
-3.98132e-20
-7.50416e-16
-4.72715e-07
3.67655e-21
3.1314e-17
-3.29189e-06
-4.32773e-20
1.14029e-16
-3.99099e-07
-0
-3.26002e-18
-1.64767e-06
-4.17265e-20
-1.45704e-17
-3.51427e-07
1.88121e-21
-1.62967e-19
-6.57758e-07
-3.49779e-20
8.58024e-19
-3.17349e-07
2.52985e-21
2.61121e-19
-7.54943e-08
-2.86103e-20
3.90085e-19
-2.8899e-07
1.04909e-21
-1.18588e-19
2.56199e-07
-2.08731e-20
-2.42934e-19
-2.6144e-07
1.56431e-22
4.37814e-20
4.33085e-07
-1.67147e-20
9.93601e-20
-2.31707e-07
1.16292e-21
-1.51613e-20
5.11598e-07
-1.43703e-20
-3.54791e-20
-1.98048e-07
-2.1264e-21
3.48161e-21
5.23879e-07
-1.08191e-20
1.26904e-20
-1.596e-07
3.66246e-21
7.1393e-22
4.87473e-07
-9.17773e-21
-3.43384e-21
-1.16231e-07
2.24635e-21
-2.72803e-22
4.11497e-07
-7.35761e-21
1.91586e-21
-6.85482e-08
3.63288e-21
-1.23913e-21
3.00683e-07
-7.23242e-21
3.88126e-22
-1.80314e-08
-6.10298e-22
-6.97585e-22
1.58361e-07
-9.38183e-21
9.89918e-22
3.2733e-08
-2.14796e-21
1.94364e-21
-1.08586e-08
-8.13335e-21
8.72056e-22
7.9785e-08
-7.69508e-22
8.53838e-22
-1.9812e-07
-5.83116e-21
1.01438e-21
1.17679e-07
9.31412e-22
1.37484e-21
-3.86998e-07
-3.29777e-21
1.01668e-21
1.40078e-07
2.41952e-22
2.85126e-21
-5.51408e-07
-7.50609e-22
9.49546e-22
1.41913e-07
6.77705e-22
-2.81663e-21
-6.59407e-07
5.96427e-22
9.23924e-22
1.22785e-07
8.06979e-23
-3.05349e-21
-6.86209e-07
8.81903e-22
7.66479e-22
8.89535e-08
3.28578e-22
-3.78119e-22
-6.29938e-07
1.0465e-21
4.46191e-22
5.10933e-08
-7.47624e-23
-6.1044e-22
-5.1542e-07
5.36386e-22
4.1077e-22
1.89271e-08
3.18332e-22
-0
-3.80457e-07
4.86065e-22
2.26619e-22
-2.80173e-09
-4.59014e-22
-9.90809e-22
-2.56567e-07
2.55056e-22
1.43584e-22
-1.43683e-08
-1.50618e-22
2.04431e-21
-1.59178e-07
1.42804e-22
7.87336e-23
-1.85709e-08
-2.0664e-22
3.80194e-22
-8.99701e-08
1.39562e-23
6.35859e-23
-1.84375e-08
4.39968e-23
4.00254e-22
-4.38957e-08
-1.05942e-22
5.37676e-23
-1.62281e-08
-4.58319e-23
-9.76047e-23
-1.45648e-08
-2.18842e-22
3.94818e-23
-1.33372e-08
1.17458e-22
-1.67863e-22
3.44347e-09
-3.21541e-22
3.72586e-23
-1.05062e-08
-1.18949e-23
1.21059e-22
1.40987e-08
-3.73805e-22
2.04832e-23
-8.0616e-09
-4.77292e-23
-6.86651e-23
2.01052e-08
-3.91961e-22
1.38809e-23
-6.09756e-09
-1.78213e-23
1.63706e-23
2.32327e-08
-3.57572e-22
8.32736e-24
-4.59266e-09
8.81967e-24
1.38349e-23
2.46111e-08
-2.98943e-22
4.09101e-24
-3.47834e-09
4.344e-24
1.31188e-23
2.49504e-08
-2.24097e-22
2.35784e-24
-2.67484e-09
1.13669e-23
-1.93045e-23
2.4692e-08
-1.63864e-22
1.28412e-24
-2.10811e-09
-1.3898e-24
6.07373e-24
2.41081e-08
-1.06579e-22
9.00366e-25
-1.7162e-09
2.71149e-24
4.3587e-24
2.33653e-08
-7.37583e-23
1.38873e-25
-1.45026e-09
-1.64913e-24
2.38993e-24
2.25646e-08
-4.84536e-23
3.12912e-26
-1.27331e-09
-3.20177e-25
-1.70814e-24
2.17671e-08
-3.70447e-23
-6.96383e-27
-1.15812e-09
0
5.33044e-25
2.10089e-08
-3.18827e-23
-2.016e-26
-1.08503e-09
1.49431e-25
1.65985e-25
2.03112e-08
-3.06958e-23
3.67006e-26
-1.04008e-09
-7.16319e-26
-1.54655e-25
1.96861e-08
-2.97143e-23
1.39964e-26
-1.01351e-09
-2.38134e-25
1.27598e-25
1.91402e-08
-2.50788e-23
3.40394e-26
-9.98511e-10
6.3618e-26
-1.96021e-26
1.86769e-08
-1.94439e-23
-2.08442e-26
-9.90428e-10
-1.44686e-26
-2.37447e-26
1.82976e-08
-1.34238e-23
-5.55794e-28
-9.86063e-10
1.87666e-26
-3.47952e-26
1.80031e-08
-7.6346e-24
-7.41253e-27
-9.83235e-10
-1.46191e-26
-0
1.77932e-08
-2.81568e-24
-7.01513e-27
-9.80451e-10
5.7613e-27
9.52932e-27
1.76681e-08
0
0
-4.89092e-10
0
0
8.81354e-09
3.29688e-21
3.36721e-16
-1.66061e-06
1.25786e-21
-3.37034e-18
-2.12619e-06
0
0
-2.76489e-07
0
0
-2.93664e-07
6.05335e-21
-1.32558e-15
-3.28059e-06
-1.83388e-21
-2.55394e-17
-4.29842e-06
6.72803e-21
1.26566e-14
-4.92019e-06
-5.24639e-21
1.03237e-16
-6.28008e-06
-7.37751e-21
-5.29108e-13
-1.65683e-05
-6.90931e-21
-4.29462e-14
-2.54195e-05
-1.8914e-20
-1.24771e-12
-3.08333e-05
-8.7257e-21
-8.12176e-14
-5.48888e-05
-4.48507e-21
-1.60824e-12
-4.28499e-05
-5.35906e-21
-8.40943e-14
-8.79626e-05
-1.01313e-20
-9.79306e-13
-3.2345e-05
8.56691e-21
-3.38118e-14
-7.01335e-05
-8.28521e-21
-2.96496e-13
-1.98502e-05
2.00239e-20
-4.23045e-15
-3.69777e-05
1.29381e-20
8.29906e-15
-9.08891e-06
2.27363e-20
-2.47325e-17
-1.74038e-06
1.8961e-20
6.38263e-16
-7.34713e-06
2.50394e-20
1.44567e-17
1.70096e-06
4.0081e-20
7.92623e-16
-5.15318e-06
1.82665e-20
2.23036e-18
5.00315e-06
2.53117e-20
3.79053e-17
-2.96073e-06
2.41627e-20
3.36633e-19
7.81899e-06
2.64949e-20
4.65445e-16
-1.16948e-06
1.72672e-21
-1.1204e-18
9.91214e-06
1.27844e-20
2.92366e-15
1.36631e-08
-1.0031e-20
-2.08159e-18
1.11357e-05
2.9626e-21
3.75828e-15
5.96417e-07
-3.12984e-20
1.91402e-18
1.13925e-05
-2.81817e-22
2.79966e-15
7.19742e-07
-2.54294e-20
8.36533e-18
1.05994e-05
-1.24809e-22
1.37434e-15
5.54222e-07
7.34452e-21
3.83558e-19
8.67073e-06
1.77559e-21
-1.31011e-15
2.37379e-07
-8.07078e-21
3.96378e-17
5.53471e-06
3.53161e-21
-2.25268e-13
-9.62437e-07
-3.11025e-21
1.11623e-13
2.76447e-06
2.70194e-21
-1.0996e-12
-4.03944e-06
6.4908e-21
5.17369e-13
-2.1334e-05
2.37921e-22
-1.58429e-21
-4.25273e-22
4.94243e-21
-6.69463e-21
1.42815e-21
-1.79557e-21
-1.42117e-21
-1.81868e-21
7.19012e-22
2.95798e-21
-0
-1.93823e-21
1.14216e-22
-1.78611e-21
-1.73818e-21
1.48684e-21
1.50755e-20
-2.85366e-21
5.20667e-22
-2.34701e-21
2.24659e-21
1.01529e-21
1.12263e-20
-6.33012e-21
4.41219e-22
-3.68634e-21
-8.46723e-21
-9.78119e-22
1.7687e-20
-1.13199e-20
3.82095e-22
-2.49705e-21
4.28328e-21
7.90754e-22
-2.96989e-21
-1.86743e-20
-2.48886e-13
-2.41247e-06
2.47131e-21
1.18709e-13
-4.06982e-05
-2.62287e-20
3.25417e-15
-4.07858e-07
4.03457e-21
-1.49203e-16
-4.21551e-06
-3.16804e-20
-3.43536e-16
-3.28715e-07
7.02722e-22
1.44224e-17
-2.43348e-06
-3.26004e-20
5.34028e-17
-2.77854e-07
2.13758e-21
-1.61968e-18
-1.28449e-06
-3.02935e-20
-7.10417e-18
-2.44692e-07
-0
-2.34092e-20
-5.72606e-07
-2.5864e-20
5.25841e-19
-2.21254e-07
6.84539e-22
1.02169e-19
-1.43979e-07
-2.06931e-20
1.37939e-19
-2.02167e-07
-2.70261e-22
-4.89102e-20
1.06429e-07
-1.71229e-20
-9.82758e-20
-1.83989e-07
-8.41875e-22
1.811e-20
2.45272e-07
-1.39622e-20
4.12893e-20
-1.64596e-07
1.97843e-21
-5.00933e-21
3.12842e-07
-1.06474e-20
-1.48794e-20
-1.42748e-07
-3.85068e-22
-0
3.32531e-07
-8.25911e-21
5.27852e-21
-1.17842e-07
6.8737e-22
4.8423e-22
3.17383e-07
-7.71546e-21
-1.51797e-21
-8.98024e-08
-1.4037e-21
-9.23741e-22
2.74438e-07
-6.31302e-21
7.92199e-22
-5.90872e-08
1.37215e-21
1.88157e-21
2.07659e-07
-6.01091e-21
1.22481e-22
-2.67743e-08
9.98456e-22
-0
1.20136e-07
-5.38322e-21
3.49582e-22
5.30699e-09
-0
-0
1.59942e-08
-4.08967e-21
3.15802e-22
3.44866e-08
-0
-2.52413e-21
-9.77443e-08
-2.94866e-21
3.62654e-22
5.73919e-08
-0
-1.18612e-21
-2.09716e-07
-1.32062e-21
4.47058e-22
7.06042e-08
-7.60101e-23
3.0268e-22
-3.04374e-07
-2.38606e-22
4.11927e-22
7.1959e-08
-9.99645e-23
-5.61093e-21
-3.65335e-07
2.79394e-22
3.76666e-22
6.19722e-08
8.56846e-24
2.45732e-21
-3.81749e-07
5.17742e-22
2.87863e-22
4.42635e-08
-1.82783e-22
1.9031e-21
-3.54077e-07
4.19702e-22
2.57532e-22
2.42618e-08
-2.5405e-22
3.90049e-22
-2.94549e-07
3.78541e-22
1.6566e-22
6.88529e-09
0
-6.03557e-22
-2.21332e-07
1.85987e-22
1.085e-22
-5.19566e-09
-3.08171e-22
-5.54689e-22
-1.50673e-07
9.39077e-23
7.64514e-23
-1.17494e-08
0
-3.12984e-22
-9.21668e-08
3.32223e-23
6.41751e-23
-1.4025e-08
-1.25812e-22
-4.27829e-22
-4.86371e-08
-2.23618e-23
4.22165e-23
-1.36444e-08
6.63758e-23
-7.14647e-23
-1.86616e-08
-8.02817e-23
2.3805e-23
-1.1952e-08
-6.86622e-23
-2.11466e-22
7.98444e-10
-1.39803e-22
1.65397e-23
-9.83383e-09
-4.37426e-23
-4.58256e-23
1.28023e-08
-1.87948e-22
9.01016e-24
-7.78069e-09
8.8179e-24
-4.92437e-23
1.98106e-08
-2.13703e-22
4.16554e-24
-6.0139e-09
-8.81074e-24
6.31099e-23
2.35996e-08
-2.20347e-22
1.23128e-24
-4.59716e-09
-8.7435e-24
-8.04975e-24
2.53758e-08
-2.03373e-22
2.99389e-24
-3.51386e-09
-2.15743e-24
2.04574e-23
2.59287e-08
-1.67374e-22
9.28059e-25
-2.71404e-09
-9.54047e-24
-1.61957e-24
2.57625e-08
-1.30044e-22
1.1605e-25
-2.13975e-09
-3.11418e-24
-1.02294e-24
2.51938e-08
-9.15162e-23
9.93837e-26
-1.73715e-09
-2.53402e-24
3.22262e-24
2.4419e-08
-6.21675e-23
-1.12112e-25
-1.46114e-09
9.87329e-25
4.05174e-25
2.35583e-08
-4.0829e-23
-2.52906e-25
-1.27615e-09
-2.39905e-25
-1.01664e-24
2.26848e-08
-2.57844e-23
-1.51421e-25
-1.15523e-09
-2.3265e-25
-3.18202e-25
2.18421e-08
-1.88791e-23
-6.40708e-26
-1.07853e-09
-4.50025e-25
8.94501e-25
2.10558e-08
-1.55122e-23
-6.86597e-26
-1.03172e-09
5.42056e-26
3.71712e-25
2.03406e-08
-1.54208e-23
-3.15484e-26
-1.00465e-09
-7.79046e-26
-2.69611e-25
1.97045e-08
-1.45756e-23
-2.08466e-26
-9.90185e-10
4.93026e-26
-2.3855e-26
1.91516e-08
-1.21373e-23
-1.53468e-26
-9.8339e-10
1.15184e-26
-7.33775e-26
1.86839e-08
-9.41776e-24
-9.21026e-27
-9.80868e-10
-1.04724e-26
-0
1.83018e-08
-6.49751e-24
-9.29825e-27
-9.80295e-10
9.05091e-27
1.57046e-26
1.80054e-08
-3.78252e-24
1.26296e-27
-9.8008e-10
0
-2.84682e-27
1.77944e-08
-1.42624e-24
1.09827e-28
-9.79118e-10
-5.20906e-28
-1.2162e-27
1.76685e-08
0
0
-4.88888e-10
0
0
8.8135e-09
1.11767e-21
-1.20565e-17
-8.46801e-07
-4.81671e-22
7.32569e-19
-9.50228e-07
0
0
-1.39797e-07
0
0
-8.86909e-08
2.2437e-21
-1.5464e-17
-1.67344e-06
8.16361e-22
1.56386e-18
-2.02929e-06
1.24422e-21
-8.55712e-16
-2.49113e-06
0
-5.61002e-18
-2.97444e-06
-0
-1.76636e-15
-3.29486e-06
-7.25947e-22
-2.04488e-17
-3.68984e-06
-0
8.18217e-15
-4.02884e-06
-9.02405e-22
5.20706e-17
-4.03199e-06
6.29737e-21
1.05879e-14
-4.59701e-06
0
5.45987e-17
-3.87456e-06
-5.1768e-21
6.5401e-15
-4.88534e-06
1.93774e-21
2.25023e-17
-3.17132e-06
6.49318e-21
-2.65667e-15
-4.79966e-06
4.4655e-21
-3.53381e-18
-1.985e-06
4.49123e-21
-8.65655e-16
-4.30711e-06
2.50256e-21
1.97479e-18
-4.70598e-07
5.39132e-21
-7.86614e-17
-3.47067e-06
1.84415e-21
-1.21816e-18
1.17058e-06
1.17679e-20
-1.53536e-16
-2.44407e-06
-4.79195e-22
-5.3113e-19
2.7421e-06
9.86452e-21
1.1524e-17
-1.42479e-06
9.80565e-22
1.73375e-20
4.08537e-06
7.80805e-21
-7.60907e-17
-5.84871e-07
1.94355e-21
1.38614e-19
5.08841e-06
3.95908e-21
-4.3608e-16
-1.70631e-08
5.5923e-21
2.39004e-19
5.67662e-06
1.56677e-21
-5.56794e-16
2.74985e-07
3.45497e-21
-3.80464e-19
5.7965e-06
3.78691e-22
-4.4627e-16
3.47575e-07
-6.16731e-21
-8.50965e-19
5.4017e-06
-5.46912e-23
-7.89223e-17
2.75975e-07
7.9047e-21
-3.08889e-18
4.44873e-06
1.35126e-23
-3.59934e-16
1.25953e-07
0
1.17978e-17
2.90937e-06
2.36413e-22
3.05577e-15
-5.50187e-08
4.79584e-21
-1.32928e-16
8.0896e-07
2.51032e-23
-1.26266e-13
-1.08456e-06
-3.17846e-21
6.12894e-14
-5.22169e-06
-6.63554e-22
-3.57594e-13
-2.58095e-06
-1.07413e-21
1.68428e-13
-2.35647e-05
-8.10804e-22
-5.92532e-13
-4.25607e-06
-3.03501e-22
2.82803e-13
-5.2122e-05
-1.34842e-21
-6.40657e-13
-4.83241e-06
-1.53552e-21
3.05546e-13
-6.9239e-05
-2.01706e-21
-5.46701e-13
-4.60314e-06
-0
2.60276e-13
-7.22286e-05
-3.53344e-21
-3.6249e-13
-3.64051e-06
4.22244e-21
1.72074e-13
-6.00961e-05
-6.14037e-21
-1.60651e-13
-2.07585e-06
3.85855e-21
7.59083e-14
-3.50535e-05
-9.20119e-21
-4.30632e-14
-8.70907e-07
-7.24829e-22
1.9951e-14
-1.42035e-05
-1.18206e-20
-7.72496e-17
-2.08784e-07
-4.65611e-21
2.92506e-18
-2.2771e-06
-1.32171e-20
-1.84172e-17
-1.69268e-07
-2.40237e-21
8.01938e-19
-1.3864e-06
-1.32912e-20
2.91105e-18
-1.43308e-07
-1.60714e-21
-9.4684e-20
-7.90528e-07
-1.2227e-20
-3.98405e-19
-1.26241e-07
-3.94232e-22
6.6697e-22
-4.09792e-07
-1.0098e-20
3.33637e-20
-1.1424e-07
2.3721e-23
4.9882e-21
-1.73151e-07
-8.3133e-21
5.8606e-21
-1.04606e-07
-4.49048e-23
-2.37834e-21
-2.90577e-08
-6.65975e-21
-4.76175e-21
-9.55686e-08
2.50979e-22
1.02486e-21
5.63003e-08
-5.37929e-21
2.06599e-21
-8.60253e-08
1.53416e-22
-0
1.03778e-07
-4.23359e-21
-7.35912e-22
-7.53299e-08
1.38372e-22
1.3973e-22
1.25654e-07
-3.49385e-21
2.76973e-22
-6.31679e-08
-1.22587e-22
-0
1.28867e-07
-2.49852e-21
-6.71769e-23
-4.95002e-08
-9.57688e-22
2.78871e-22
1.17231e-07
-2.14185e-21
5.82002e-23
-3.45628e-08
8.11351e-22
3.14962e-22
9.29646e-08
-1.85219e-21
1.53267e-23
-1.89068e-08
-3.70466e-22
2.34245e-22
5.78407e-08
-1.46475e-21
4.52302e-23
-3.45089e-09
-0
1.28738e-22
1.41613e-08
-1.10479e-21
6.54752e-23
1.05039e-08
-8.7267e-23
2.77472e-22
-3.439e-08
-6.79328e-22
7.64259e-23
2.13946e-08
1.18848e-22
-2.91142e-22
-8.22528e-08
-3.31481e-22
8.30819e-23
2.77502e-08
6.77894e-23
7.37589e-22
-1.22359e-07
-3.72316e-23
7.96692e-23
2.87575e-08
1.10169e-23
5.72857e-22
-1.47772e-07
8.71252e-23
8.41343e-23
2.47756e-08
2.69334e-23
9.2607e-22
-1.54196e-07
1.10761e-22
7.07129e-23
1.74046e-08
7.79699e-23
-1.15766e-22
-1.41955e-07
8.72815e-23
6.02487e-23
8.93163e-09
-4.00621e-23
1.91639e-22
-1.15972e-07
4.03669e-23
4.96431e-23
1.44217e-09
0
-2.25461e-22
-8.35963e-08
2.15943e-23
3.03654e-23
-3.85499e-09
3.00836e-23
-5.61259e-23
-5.16925e-08
1.02482e-23
2.23429e-23
-6.75148e-09
-3.33944e-23
3.61774e-22
-2.46981e-08
-2.50046e-25
1.29434e-23
-7.71154e-09
-1.78912e-23
2.78378e-23
-4.29618e-09
-1.16212e-23
7.87192e-24
-7.42845e-09
-3.74072e-23
1.31549e-22
9.79721e-09
-1.49977e-23
5.56924e-24
-6.51925e-09
-9.60293e-24
2.49033e-23
1.87929e-08
-2.62488e-23
2.90033e-24
-5.40997e-09
9.72976e-24
1.62794e-23
2.40747e-08
-3.55674e-23
2.49095e-24
-4.34324e-09
2.43955e-24
-0
2.68322e-08
-3.57199e-23
1.39274e-24
-3.43011e-09
-7.28221e-24
-0
2.79591e-08
-3.5002e-23
1.26331e-25
-2.70222e-09
-4.80078e-24
2.16431e-24
2.80782e-08
-3.1408e-23
-5.98457e-26
-2.15012e-09
0
2.75475e-24
2.76032e-08
-2.40711e-23
-4.01363e-25
-1.74712e-09
1.15766e-24
-4.36751e-24
2.68004e-08
-1.79725e-23
-1.57066e-25
-1.46238e-09
1.69681e-24
2.20926e-24
2.58379e-08
-1.29735e-23
-2.25298e-25
-1.26731e-09
2.75641e-25
6.96638e-25
2.48192e-08
-8.46927e-24
-2.09945e-25
-1.13797e-09
-4.02136e-25
-8.76587e-25
2.38075e-08
-5.0242e-24
-1.22387e-25
-1.05547e-09
0
4.12715e-25
2.28403e-08
-2.29248e-24
-1.02131e-25
-1.00551e-09
1.26063e-25
-4.30891e-25
2.19393e-08
-1.12988e-24
-4.20373e-26
-9.77569e-10
0
5.38706e-26
2.11167e-08
-9.64289e-25
-2.43945e-26
-9.64066e-10
2.93348e-26
-0
2.03788e-08
-1.02058e-24
-4.7733e-27
-9.59626e-10
1.40496e-26
6.27085e-26
1.97284e-08
-1.37571e-24
4.65838e-27
-9.60495e-10
1.33375e-26
-0
1.91666e-08
-1.14879e-24
5.5083e-27
-9.64074e-10
-1.24695e-26
3.19058e-26
1.86932e-08
-8.88535e-25
-9.18787e-28
-9.68583e-10
-2.83752e-27
-1.45365e-26
1.83075e-08
-6.03128e-25
-3.32027e-28
-9.72805e-10
-2.45868e-27
2.85578e-27
1.80087e-08
-3.57726e-25
-7.69261e-28
-9.75908e-10
0
-0
1.77961e-08
-1.44614e-25
-6.09814e-28
-9.77308e-10
5.79742e-28
-0
1.76691e-08
0
0
-4.88604e-10
0
0
8.81355e-09
0
0
-1.39308e-07
0
0
-7.90013e-08
0
0
-2.21776e-08
0
0
2.35565e-08
0
0
-2.77719e-07
0
0
-2.51345e-07
0
0
-4.13699e-07
0
0
-3.95579e-07
0
0
-5.46071e-07
0
0
-4.96166e-07
0
0
-6.65919e-07
0
0
-5.3151e-07
0
0
-7.57392e-07
0
0
-4.83659e-07
0
0
-8.02257e-07
0
0
-3.47943e-07
0
0
-7.85758e-07
0
0
-1.36957e-07
0
0
-7.0384e-07
0
0
1.22288e-07
0
0
-5.67057e-07
0
0
3.96127e-07
0
0
-4.00161e-07
0
0
6.52194e-07
0
0
-2.3465e-07
0
0
8.64639e-07
0
0
-9.78078e-08
0
0
1.01551e-06
0
0
-4.58319e-09
0
0
1.09318e-06
0
0
4.40224e-08
0
0
1.08964e-06
0
0
5.66499e-08
0
0
9.98264e-07
0
0
4.52972e-08
0
0
8.13147e-07
0
0
2.07452e-08
0
0
5.31344e-07
0
0
-9.03816e-09
0
0
1.59359e-07
0
0
-3.8358e-08
0
0
-2.75669e-07
0
0
-6.27082e-08
0
0
-7.1576e-07
0
0
-7.86361e-08
0
0
-1.07724e-06
0
0
-8.42916e-08
0
0
-1.28093e-06
0
0
-8.03719e-08
0
0
-1.2935e-06
0
0
-6.997e-08
0
0
-1.14628e-06
0
0
-5.71464e-08
0
0
-9.13842e-07
0
0
-4.52014e-08
0
0
-6.7167e-07
0
0
-3.58015e-08
0
0
-4.66567e-07
0
0
-2.91647e-08
0
0
-3.13247e-07
0
0
-2.47418e-08
0
0
-2.06688e-07
0
0
-2.18001e-08
0
0
-1.35186e-07
0
0
-1.97148e-08
0
0
-8.76042e-08
0
0
-1.80376e-08
0
0
-5.56417e-08
0
0
-1.64723e-08
0
0
-3.37811e-08
0
0
-1.48333e-08
0
0
-1.85986e-08
0
0
-1.3012e-08
0
0
-8.07447e-09
0
0
-1.09558e-08
0
0
-1.07004e-09
0
0
-8.65809e-09
0
0
3.03543e-09
0
0
-6.15861e-09
0
0
4.59685e-09
0
0
-3.54931e-09
0
0
3.89353e-09
0
0
-9.82623e-10
0
0
1.29066e-09
0
0
1.32791e-09
0
0
-2.62325e-09
0
0
3.12992e-09
0
0
-6.96293e-09
0
0
4.19144e-09
0
0
-1.06144e-08
0
0
4.38988e-09
0
0
-1.24942e-08
0
0
3.78813e-09
0
0
-1.19264e-08
0
0
2.64055e-09
0
0
-8.92824e-09
0
0
1.30621e-09
0
0
-4.19962e-09
0
0
1.14114e-10
0
0
1.19611e-09
0
0
-7.4027e-10
0
0
6.26002e-09
0
0
-1.21692e-09
0
0
1.03514e-08
0
0
-1.38404e-09
0
0
1.32467e-08
0
0
-1.34993e-09
0
0
1.50273e-08
0
0
-1.21361e-09
0
0
1.5921e-08
0
0
-1.04456e-09
0
0
1.61804e-08
0
0
-8.82697e-10
0
0
1.6022e-08
0
0
-7.46297e-10
0
0
1.56089e-08
0
0
-6.40472e-10
0
0
1.50542e-08
0
0
-5.63485e-10
0
0
1.44328e-08
0
0
-5.10735e-10
0
0
1.37925e-08
0
0
-4.76957e-10
0
0
1.31628e-08
0
0
-4.57283e-10
0
0
1.25613e-08
0
0
-4.47651e-10
0
0
1.19983e-08
0
0
-4.44868e-10
0
0
1.14792e-08
0
0
-4.46525e-10
0
0
1.10066e-08
0
0
-4.50861e-10
0
0
1.05815e-08
0
0
-4.5661e-10
0
0
1.02039e-08
0
0
-4.62886e-10
0
0
9.87336e-09
0
0
-4.69075e-10
0
0
9.58905e-09
0
0
-4.74756e-10
0
0
9.35018e-09
0
0
-4.79647e-10
0
0
9.15595e-09
0
0
-4.83555e-10
0
0
9.00567e-09
0
0
-4.86352e-10
0
0
8.89877e-09
0
0
-4.87947e-10
0
0
8.83486e-09
0
0
-2.4419e-10
0
0
4.40681e-09
