0
0
-2.00382e-08
0
0
-1.88676e-07
0
0
-1.03762e-07
0
0
-1.22451e-06
2.54351e-22
2.02737e-15
-6.16905e-07
2.03108e-21
-1.65969e-16
-7.87297e-06
0
0
-1.10981e-07
0
0
-1.31283e-06
0
0
-1.75669e-07
0
0
-2.20911e-06
-3.69486e-22
1.20122e-14
-1.07495e-06
8.58791e-21
-9.68128e-16
-1.40882e-05
0
0
-1.98953e-07
0
0
-2.64437e-06
2.11226e-22
2.48382e-14
-1.24911e-06
2.93188e-21
-2.10628e-15
-1.70219e-05
0
0
-1.53707e-07
0
0
-2.38923e-06
-1.0584e-21
2.76706e-14
-1.00176e-06
4.64975e-21
-2.61315e-15
-1.5605e-05
0
0
-3.64216e-08
0
0
-1.52158e-06
9.15159e-22
1.65533e-14
-2.87421e-07
2.17061e-21
-1.65383e-15
-1.01177e-05
0
0
1.27449e-07
0
0
-3.9234e-07
9.29822e-22
5.14272e-15
7.40647e-07
-1.77107e-21
4.65126e-16
-2.78759e-06
0
0
2.88816e-07
0
0
5.44345e-07
2.80093e-21
1.13199e-14
1.76353e-06
2.18726e-21
5.97716e-17
3.33535e-06
0
0
3.98967e-07
0
0
1.00758e-06
0
1.19342e-14
2.46e-06
-4.67647e-21
-1.73364e-16
6.36982e-06
0
0
4.323e-07
0
0
1.00552e-06
1.77318e-21
6.68275e-15
2.66744e-06
-4.8593e-21
-1.71106e-16
6.41853e-06
0
0
3.93148e-07
0
0
7.23364e-07
-3.3263e-21
8.90316e-16
2.4189e-06
-3.90606e-22
-3.69156e-17
4.72207e-06
0
0
3.06588e-07
0
0
3.53479e-07
-3.3968e-21
-7.50308e-19
1.87707e-06
1.48092e-21
-5.08428e-21
2.49484e-06
0
0
2.03959e-07
0
0
1.40183e-08
9.86877e-22
6.20056e-20
1.23959e-06
-1.64973e-21
-3.92469e-21
4.51008e-07
0
0
1.11084e-07
0
0
-2.45521e-07
-1.08887e-21
1.19917e-20
6.67086e-07
8.74046e-22
1.72683e-21
-1.11805e-06
0
0
4.24453e-08
0
0
-4.14296e-07
1.04872e-22
-1.92159e-20
2.47882e-07
2.66108e-21
-2.10608e-21
-2.15133e-06
0
0
1.13522e-09
0
0
-4.98123e-07
-1.80376e-22
3.30616e-18
-1.42941e-09
3.46194e-21
-2.22837e-19
-2.68504e-06
0
0
-1.73761e-08
0
0
-5.08462e-07
-2.15954e-22
6.12772e-18
-1.11181e-07
-1.62614e-21
-1.62335e-19
-2.78686e-06
0
0
-2.05287e-08
0
0
-4.58438e-07
1.29317e-23
-1.98686e-17
-1.28381e-07
1.46943e-21
8.54624e-19
-2.53284e-06
0
0
-1.52712e-08
0
0
-3.62371e-07
0
-1.37937e-17
-9.5716e-08
-2.54441e-21
4.23494e-19
-2.00553e-06
0
0
-6.62251e-09
0
0
-2.36403e-07
-1.23898e-23
-2.23437e-18
-4.33856e-08
-3.1393e-21
4.96248e-21
-1.29877e-06
0
0
2.3736e-09
0
0
-9.86195e-08
0
1.86501e-18
1.0564e-08
-1.60815e-21
-4.91365e-20
-5.19371e-07
0
0
1.01473e-08
0
0
3.22976e-08
-7.00073e-23
2.90099e-18
5.69164e-08
2.78267e-21
-1.19523e-19
2.20621e-07
0
0
1.60809e-08
0
0
1.39893e-07
-2.74128e-23
-1.23784e-17
9.20919e-08
-9.42535e-22
7.0704e-19
8.21581e-07
0
0
2.01311e-08
0
0
2.13245e-07
-3.05826e-23
-1.54394e-17
1.15913e-07
5.15328e-22
1.05049e-18
1.21751e-06
0
0
2.25766e-08
0
0
2.49133e-07
-6.58159e-23
-1.02592e-17
1.30127e-07
-1.21302e-22
7.79418e-19
1.39021e-06
0
0
2.38379e-08
0
0
2.51843e-07
1.03396e-22
2.31175e-18
1.3733e-07
1.51208e-22
-1.83943e-19
1.3682e-06
0
0
2.43435e-08
0
0
2.3067e-07
-1.4132e-22
6.17343e-20
1.40151e-07
2.27272e-22
-1.45472e-20
1.21049e-06
0
0
2.44385e-08
0
0
1.9637e-07
-7.11359e-23
-1.77232e-19
1.40682e-07
-2.88331e-22
1.92589e-20
9.83887e-07
0
0
2.4344e-08
0
0
1.58159e-07
3.5238e-23
1.76704e-22
1.40238e-07
2.50983e-22
-2.27945e-22
7.44193e-07
0
0
2.41593e-08
0
0
1.222e-07
-6.879e-23
-4.64323e-23
1.39374e-07
2.75274e-22
-0
5.27287e-07
0
0
2.38918e-08
0
0
9.15536e-08
0
1.03445e-24
1.38092e-07
2.17505e-22
-1.27075e-22
3.49621e-07
0
0
2.34944e-08
0
0
6.69918e-08
-6.27975e-23
8.42877e-24
1.36067e-07
-2.83868e-22
-1.80483e-22
2.13813e-07
0
0
2.28963e-08
0
0
4.79975e-08
-2.34957e-22
-3.55948e-24
1.32846e-07
-4.91588e-23
5.87792e-22
1.15066e-07
0
0
2.20232e-08
0
0
3.35571e-08
-4.33197e-22
-2.79388e-25
1.27963e-07
-9.57623e-23
-1.18515e-22
4.60295e-08
0
0
2.08085e-08
0
0
2.26356e-08
-2.45818e-22
-1.85093e-25
1.21004e-07
0
2.4563e-22
-4.05384e-10
0
0
1.91983e-08
0
0
1.43919e-08
-8.78287e-23
-3.61605e-24
1.11634e-07
-2.56639e-22
-1.30069e-22
-2.99221e-08
0
0
1.71555e-08
0
0
8.23254e-09
7.70596e-23
-5.24696e-24
9.96246e-08
-3.13912e-22
-6.99543e-23
-4.65482e-08
0
0
1.46651e-08
0
0
3.78605e-09
1.98782e-22
1.09595e-23
8.48754e-08
-2.11378e-22
7.59853e-23
-5.2877e-08
0
0
1.17427e-08
0
0
8.44945e-10
-5.56561e-23
0
6.74725e-08
-2.46942e-22
0
-5.04592e-08
0
0
8.44824e-09
0
0
-7.03741e-10
1.36351e-22
-4.07798e-24
4.77657e-08
-5.25383e-23
-1.81014e-22
-4.02477e-08
0
0
4.90373e-09
0
0
-9.54532e-10
-1.07488e-22
-2.38902e-24
2.64794e-08
-2.58551e-22
9.83345e-22
-2.30713e-08
0
0
1.31289e-09
0
0
-6.63941e-11
5.39136e-23
2.73316e-24
4.8344e-09
-6.72307e-23
0
-1.46051e-10
0
0
-2.0295e-09
0
0
1.65585e-09
1.13852e-22
-1.21726e-23
-1.5381e-08
-9.7298e-23
3.36189e-22
2.64148e-08
0
0
-4.75973e-09
0
0
3.7124e-09
9.6013e-23
6.55623e-24
-3.19214e-08
-6.17118e-23
0
5.32711e-08
0
0
-6.52118e-09
0
0
5.44437e-09
-2.44956e-23
1.01748e-23
-4.25344e-08
-2.84808e-23
4.65711e-22
7.60526e-08
0
0
-7.08962e-09
0
0
6.19076e-09
8.37964e-24
3.34557e-24
-4.57534e-08
-8.61364e-25
-1.12471e-22
9.03622e-08
0
0
-6.49175e-09
0
0
5.52521e-09
6.49028e-24
1.56368e-23
-4.16937e-08
4.96835e-23
-2.07827e-22
9.33677e-08
0
0
-5.03323e-09
0
0
3.44171e-09
-9.15827e-24
-1.10388e-23
-3.2278e-08
-1.2807e-23
-7.31677e-22
8.50976e-08
0
0
-3.19456e-09
0
0
3.57166e-10
-2.95575e-24
-4.59368e-24
-2.05739e-08
8.77188e-23
3.8303e-22
6.84838e-08
0
0
-1.44688e-09
0
0
-3.08257e-09
-3.12678e-24
5.42102e-24
-9.57736e-09
9.60659e-23
6.11901e-23
4.80277e-08
0
0
-9.76686e-11
0
0
-6.26885e-09
-5.72088e-24
-1.35087e-24
-1.20052e-09
-1.21508e-23
2.34201e-22
2.79703e-08
0
0
7.5638e-10
0
0
-8.81455e-09
2.22038e-24
-4.83405e-24
4.00934e-09
1.06044e-22
-1.03802e-22
1.10552e-08
0
0
1.17686e-09
0
0
-1.05913e-08
1.90673e-24
6.68121e-25
6.49617e-09
5.26717e-23
9.94261e-23
-1.68842e-09
0
0
1.29445e-09
0
0
-1.16592e-08
0
4.49539e-24
7.10762e-09
1.82212e-24
1.22449e-22
-1.04566e-08
0
0
1.23893e-09
0
0
-1.21673e-08
1.642e-25
-1.77938e-24
6.65882e-09
-0
2.4265e-23
-1.60203e-08
0
0
1.107e-09
0
0
-1.22781e-08
-2.13211e-24
-3.85687e-25
5.74567e-09
1.12908e-23
-5.83141e-23
-1.92541e-08
0
0
9.58171e-10
0
0
-1.21296e-08
1.95562e-24
8.68433e-25
4.73101e-09
6.12586e-24
1.13612e-23
-2.09076e-08
0
0
8.23121e-10
0
0
-1.18252e-08
-3.27153e-24
-3.95804e-25
3.80111e-09
8.4387e-24
0
-2.15429e-08
0
0
7.14038e-10
0
0
-1.14362e-08
1.96904e-24
5.01815e-26
3.03026e-09
6.9597e-25
1.82529e-23
-2.15511e-08
0
0
6.32834e-10
0
0
-1.10096e-08
-1.42467e-24
1.2655e-25
2.43088e-09
2.74382e-24
7.03812e-24
-2.11919e-08
0
0
5.7654e-10
0
0
-1.05752e-08
-2.64863e-25
-5.95513e-26
1.98604e-09
-4.49262e-25
4.7409e-24
-2.06324e-08
0
0
5.40438e-10
0
0
-1.01511e-08
5.06506e-26
-2.35591e-25
1.66821e-09
9.3548e-25
-2.3919e-24
-1.99776e-08
0
0
5.19676e-10
0
0
-9.74813e-09
-5.69463e-26
4.62732e-26
1.44888e-09
1.02237e-24
1.07149e-24
-1.92925e-08
0
0
5.09985e-10
0
0
-9.37222e-09
1.2594e-25
-1.48069e-25
1.30286e-09
1.05047e-25
-1.79813e-24
-1.86163e-08
0
0
5.07905e-10
0
0
-9.02656e-09
3.6045e-25
-3.82904e-26
1.20967e-09
-1.9194e-25
-4.82292e-25
-1.79724e-08
0
0
5.10772e-10
0
0
-8.71254e-09
-7.39324e-26
-1.98912e-26
1.15346e-09
8.71299e-26
-1.77643e-24
-1.73741e-08
0
0
5.16606e-10
0
0
-8.43056e-09
9.83675e-26
6.63077e-27
1.12239e-09
-1.08715e-25
-2.15928e-25
-1.68288e-08
0
0
5.23975e-10
0
0
-8.18043e-09
1.55237e-26
5.37793e-27
1.10785e-09
2.92054e-26
3.59968e-25
-1.63404e-08
0
0
5.31866e-10
0
0
-7.96166e-09
-2.15001e-26
8.1386e-28
1.10368e-09
1.96624e-26
-9.56278e-26
-1.59103e-08
0
0
5.39572e-10
0
0
-7.77366e-09
-1.37428e-26
-2.57248e-27
1.10555e-09
-1.73999e-26
3.15437e-26
-1.5539e-08
0
0
5.46606e-10
0
0
-7.6158e-09
-4.26627e-26
2.27012e-27
1.11044e-09
-8.16337e-27
-8.22877e-26
-1.52264e-08
0
0
5.52643e-10
0
0
-7.48751e-09
1.53561e-26
9.08177e-28
1.11628e-09
-4.01445e-27
6.57056e-26
-1.49718e-08
0
0
5.57461e-10
0
0
-7.3883e-09
4.30154e-27
9.94719e-28
1.12166e-09
-6.72891e-27
-1.20981e-26
-1.47746e-08
0
0
5.60902e-10
0
0
-7.31775e-09
1.14922e-27
-1.26753e-27
1.12561e-09
-5.87523e-28
-3.63038e-26
-1.46344e-08
0
0
5.62875e-10
0
0
-7.27557e-09
-9.81189e-28
-1.71188e-29
1.1274e-09
-3.54564e-28
3.99028e-27
-1.45506e-08
0
0
2.81703e-10
0
0
-3.63078e-09
0
0
5.63673e-10
0
0
-7.26146e-09
3.42475e-22
-3.76264e-13
-3.0983e-06
5.78727e-21
3.05306e-13
-4.69787e-05
0
0
-2.28248e-07
0
0
-2.85651e-06
-1.03949e-21
-1.82424e-12
-7.01698e-06
-8.74303e-21
1.52173e-12
-0.000110548
0
-3.81289e-12
-1.04677e-05
-9.20779e-21
3.39081e-12
-0.000168818
1.73559e-21
-4.30441e-12
-9.94711e-06
1.46398e-20
4.33476e-12
-0.000165627
6.61978e-22
-2.57984e-12
-5.52181e-06
-9.49418e-21
2.80011e-12
-8.57163e-05
3.50366e-21
-7.014e-13
-3.5471e-07
-3.76974e-21
8.16723e-13
-1.76409e-05
-1.45985e-21
-7.63992e-14
3.5657e-06
-2.34849e-21
-7.09459e-16
7.03868e-06
0
-8.0802e-14
5.20695e-06
2.41343e-20
1.11504e-15
1.38412e-05
-2.94842e-21
-4.31502e-14
5.69032e-06
1.04823e-20
1.42455e-15
1.3628e-05
-2.84274e-21
-5.59144e-15
5.1347e-06
-0
2.37912e-16
9.77338e-06
7.93418e-21
6.19146e-18
3.93673e-06
-5.33084e-21
1.16477e-17
5.00856e-06
5.89312e-22
-4.28781e-19
2.54704e-06
1.19128e-20
-2.97058e-18
7.58095e-07
-7.98168e-21
-1.35661e-19
1.32284e-06
6.33644e-21
6.87517e-19
-2.44407e-06
2.2719e-21
1.58848e-19
4.51351e-07
6.46097e-21
-1.51304e-19
-4.51493e-06
-9.74924e-23
-2.31104e-17
-4.60771e-08
1.90168e-20
1.59724e-18
-5.55293e-06
-2.11912e-23
-4.24383e-17
-2.4964e-07
1.19874e-20
1.1056e-18
-5.70843e-06
-1.43591e-23
1.37509e-16
-2.67474e-07
1.91035e-20
-5.73543e-18
-5.13979e-06
-3.04836e-23
9.57036e-17
-1.9039e-07
-2.38545e-21
-2.70378e-18
-4.01328e-06
9.12306e-23
1.55648e-17
-7.89152e-08
1.19204e-20
2.62721e-20
-2.51823e-06
5.79679e-23
-1.30441e-17
3.22455e-08
-6.21595e-21
3.83725e-19
-8.7562e-07
-3.81448e-23
-2.03393e-17
1.25829e-07
-0
8.89906e-19
6.75298e-07
1.82738e-22
8.69651e-17
1.95369e-07
-4.00116e-21
-5.17861e-18
1.91634e-06
-1.5498e-22
1.08369e-16
2.40979e-07
-1.61203e-21
-7.62523e-18
2.70224e-06
2.8095e-22
7.1711e-17
2.66639e-07
1.3544e-22
-5.59771e-18
2.99755e-06
-2.97051e-22
-1.60388e-17
2.78088e-07
-1.89483e-21
1.3109e-18
2.87507e-06
6.14398e-23
-4.27621e-19
2.81051e-07
-8.55908e-22
1.00308e-19
2.47549e-06
1.87118e-22
1.20599e-18
2.79984e-07
-2.85847e-21
-1.32589e-19
1.95131e-06
-4.98275e-22
-1.2699e-21
2.77548e-07
1.74331e-22
-1.51051e-21
1.42326e-06
1.22496e-22
2.68291e-22
2.74736e-07
-4.07481e-22
4.08587e-22
9.62956e-07
0
-6.76907e-23
2.71371e-07
-8.66683e-22
-2.50303e-22
5.98107e-07
-2.26694e-22
2.2824e-24
2.6666e-07
8.92137e-23
2.36641e-22
3.27799e-07
2.13366e-22
1.15622e-23
2.59596e-07
-7.15559e-22
1.15598e-21
1.37569e-07
-9.8937e-23
-1.5362e-25
2.49195e-07
-5.26036e-22
-1.16639e-21
9.60454e-09
3.61424e-22
-6.53239e-24
2.34603e-07
-5.05165e-22
-2.42051e-22
-7.20321e-08
1.62373e-22
1.16215e-23
2.15136e-07
-7.92874e-22
7.70135e-22
-1.19553e-07
-5.73341e-22
-1.25342e-23
1.90318e-07
-4.39264e-22
-1.3827e-21
-1.41384e-07
1.24053e-22
1.76789e-23
1.59929e-07
-1.19165e-21
1.35389e-21
-1.42845e-07
-4.19796e-22
1.68605e-24
1.24107e-07
-1.98859e-21
4.93454e-22
-1.2705e-07
-1.72826e-22
6.08747e-24
8.34994e-08
-8.04456e-22
-2.33955e-21
-9.58363e-08
1.37599e-22
7.16143e-24
3.9492e-08
-8.35584e-22
0
-5.07232e-08
4.19384e-22
-1.64826e-23
-5.52183e-09
-6.63822e-22
-6.36082e-22
6.04532e-09
-3.00479e-22
4.00629e-23
-4.7911e-08
0
1.80666e-21
7.03586e-08
-2.93286e-22
6.69551e-24
-8.28717e-08
-9.26025e-22
-2.58774e-21
1.35271e-07
-1.58936e-22
-2.09446e-23
-1.05223e-07
-1.76926e-22
2.37548e-22
1.91021e-07
7.36632e-23
-2.76919e-23
-1.112e-07
-7.21905e-23
-2.30402e-22
2.27083e-07
4.14982e-23
-1.2954e-23
-1.00621e-07
1.96306e-22
4.25969e-22
2.36229e-07
7.94613e-23
1.13785e-23
-7.78135e-08
4.54186e-22
-1.86726e-22
2.18315e-07
-4.37854e-23
4.68761e-24
-5.00999e-08
4.75454e-22
4.65327e-22
1.80705e-07
-6.36263e-23
1.09068e-23
-2.46025e-08
3.34705e-22
-6.12358e-22
1.34646e-07
-1.38509e-23
-1.4706e-23
-5.6102e-09
2.28328e-22
-1.8509e-22
9.02764e-08
2.91043e-23
4.7081e-24
5.97186e-09
2.28848e-22
2.02571e-22
5.35851e-08
8.45917e-25
6.41801e-25
1.14688e-08
1.50593e-22
-5.76109e-22
2.6321e-08
4.33798e-25
1.28156e-24
1.29284e-08
8.28135e-23
-1.34089e-22
7.57276e-09
-4.29964e-25
-5.03224e-24
1.21634e-08
8.01668e-23
-3.4681e-22
-4.57684e-09
9.09454e-25
-3.43389e-24
1.04324e-08
4.24095e-23
6.32549e-23
-1.20516e-08
5.88791e-24
3.47309e-25
8.47724e-09
2.21856e-23
5.37724e-23
-1.63958e-08
-5.3389e-24
2.20895e-25
6.67207e-09
1.1929e-23
-2.91402e-23
-1.87233e-08
1.37398e-24
2.79358e-25
5.16537e-09
1.05738e-24
-1.96849e-23
-1.97904e-08
3.91479e-24
5.85897e-26
3.98359e-09
1.04492e-23
-9.95339e-24
-2.0092e-08
7.32037e-25
-1.65142e-25
3.09585e-09
5.2471e-24
-1.78677e-23
-1.99445e-08
-3.5714e-24
2.05996e-25
2.45063e-09
3.83817e-24
-2.10246e-23
-1.95466e-08
-9.65309e-26
-2.70097e-25
1.99435e-09
7.91375e-25
1.00875e-24
-1.90219e-08
-8.06833e-26
-3.07715e-26
1.67961e-09
2.07871e-24
-4.06165e-24
-1.84459e-08
1.18051e-25
9.20371e-26
1.46782e-09
1.03749e-24
4.99187e-24
-1.78648e-08
-3.03538e-25
5.14444e-26
1.32909e-09
8.03437e-25
-3.03833e-25
-1.7306e-08
-1.70815e-26
-3.54436e-26
1.24111e-09
-8.91633e-26
2.8429e-24
-1.67856e-08
-3.06664e-25
1.84515e-27
1.18756e-09
1.4018e-25
-9.47503e-25
-1.63128e-08
-2.02049e-25
2.97383e-27
1.15681e-09
2.12637e-25
-6.28932e-25
-1.58927e-08
-4.33492e-26
-4.46914e-27
1.14063e-09
7.41292e-27
1.77673e-25
-1.55279e-08
9.17646e-26
2.2674e-27
1.13328e-09
1.85386e-26
-3.47152e-25
-1.52193e-08
-4.68527e-26
-7.86367e-29
1.13083e-09
1.37391e-26
1.1063e-25
-1.49673e-08
-3.43972e-26
-2.34599e-27
1.13053e-09
3.66413e-27
-2.25456e-26
-1.47719e-08
-3.54205e-27
-5.99442e-28
1.13055e-09
2.86116e-27
4.69749e-26
-1.46328e-08
-3.31084e-27
4.38267e-28
1.12956e-09
-0
-3.64039e-27
-1.45499e-08
0
0
5.6401e-10
0
0
-7.26129e-09
7.02502e-22
-1.51837e-12
-6.85934e-06
1.28301e-20
1.29501e-12
-0.000111934
0
0
-3.47377e-07
0
0
-4.46124e-06
-1.02862e-21
1.4808e-22
-4.88512e-22
1.00056e-20
2.42927e-20
0
1.13225e-21
1.0386e-22
2.51472e-22
-1.07127e-20
-2.06523e-20
5.17144e-20
-3.50356e-21
-4.91822e-22
-4.07269e-22
8.42604e-21
7.96973e-21
-5.63745e-20
1.56916e-22
0
1.38167e-22
0
5.88896e-20
0
-1.43696e-21
1.54496e-12
2.67574e-06
8.13193e-21
8.5244e-12
-8.45708e-05
-3.18582e-21
9.81758e-12
1.84339e-05
-2.67031e-20
9.11899e-13
5.69567e-05
0
9.18242e-12
2.44784e-05
8.01106e-20
-1.8587e-12
0.000106271
3.56932e-21
4.64211e-12
1.92107e-05
9.56637e-21
-1.7929e-12
8.59288e-05
1.61469e-20
1.21389e-12
1.21119e-05
-2.4485e-20
-7.51401e-13
4.23171e-05
-1.72196e-21
-3.75823e-15
6.39834e-06
-1.08844e-20
5.47563e-16
7.08412e-06
5.50206e-21
1.75613e-16
4.02222e-06
2.84016e-20
-1.37202e-16
3.97635e-07
1.70008e-21
1.14455e-16
1.97657e-06
8.65038e-21
3.10738e-17
-4.49437e-06
-3.86389e-21
-6.45896e-17
5.82406e-07
4.86565e-20
-6.47727e-18
-7.55944e-06
-4.30865e-21
1.53768e-16
-1.60357e-07
1.30693e-20
-7.44263e-18
-9.00457e-06
1.64214e-21
2.27199e-16
-4.27305e-07
6.20824e-20
-6.24756e-18
-9.08796e-06
1.15815e-22
-7.61753e-16
-4.16753e-07
5.6868e-20
3.01128e-17
-8.05729e-06
2.47708e-23
-5.36232e-16
-2.75891e-07
-3.33821e-21
1.29728e-17
-6.15876e-06
-7.71779e-23
-8.76158e-17
-9.42682e-08
8.42028e-21
-6.59285e-19
-3.67374e-06
-1.34731e-22
7.42486e-17
7.95944e-08
1.11234e-20
-2.49651e-18
-9.4735e-07
0
1.16756e-16
2.22184e-07
1.29562e-20
-5.4665e-18
1.62189e-06
1.12463e-22
-5.01957e-16
3.24883e-07
4.06932e-21
3.11049e-17
3.64922e-06
3.22315e-22
-6.25871e-16
3.88547e-07
8.826e-22
4.51649e-17
4.8697e-06
-4.25458e-22
-4.12056e-16
4.2016e-07
-4.47147e-23
3.27131e-17
5.22392e-06
9.84944e-22
9.11628e-17
4.29739e-07
3.71445e-21
-7.54846e-18
4.86213e-06
8.70747e-22
2.41362e-18
4.27211e-07
5.26927e-22
-5.78268e-19
4.05965e-06
-2.43471e-22
-6.64151e-18
4.20058e-07
-3.39682e-21
7.42501e-19
3.09904e-06
4.90776e-22
6.7382e-21
4.12384e-07
3.8808e-21
1.68359e-21
2.18609e-06
6.48979e-22
-1.22756e-21
4.05343e-07
-2.17695e-21
-8.01658e-22
1.42676e-06
-1.42584e-21
2.25982e-22
3.98219e-07
-7.00063e-22
1.46404e-21
8.48413e-07
-3.04721e-22
-4.98036e-23
3.89454e-07
-2.4179e-22
8.62372e-22
4.34356e-07
1.58763e-21
-1.56395e-23
3.77315e-07
-1.46296e-21
3.3674e-22
1.51661e-07
1.07726e-21
-7.74157e-25
3.60217e-07
-1.68203e-21
-3.39987e-22
-3.3031e-08
-4.94735e-22
8.87556e-24
3.36831e-07
-2.55171e-21
-5.29891e-22
-1.46971e-07
-4.47018e-22
1.62386e-23
3.06108e-07
-3.73364e-21
1.12591e-21
-2.09908e-07
-7.93656e-22
7.71373e-24
2.67301e-07
-3.87491e-21
-2.83554e-21
-2.34935e-07
-8.63619e-22
-2.60534e-23
2.20025e-07
-1.85571e-21
4.41707e-22
-2.30023e-07
-1.47039e-21
-3.23447e-23
1.64385e-07
-1.98143e-21
-2.9061e-21
-1.99595e-07
9.75305e-22
2.40529e-23
1.01183e-07
-3.14959e-21
0
-1.45975e-07
3.914e-22
-1.42458e-23
3.2247e-08
-3.12675e-21
1.16605e-21
-7.07813e-08
1.50604e-22
-4.14012e-24
-3.91308e-08
-3.2965e-21
-2.22216e-21
2.35405e-08
-5.46669e-22
-4.70846e-24
-1.07673e-07
-1.91864e-21
-1.70796e-21
1.31834e-07
5.80532e-22
-3.11991e-23
-1.65746e-07
-2.56551e-21
3.60319e-22
2.44011e-07
-8.16912e-23
5.51353e-24
-2.03916e-07
-8.4065e-22
7.37179e-21
3.43566e-07
-1.3102e-22
3.87692e-23
-2.13805e-07
-5.41025e-22
3.6115e-22
4.09844e-07
-2.74236e-23
1.56227e-23
-1.93111e-07
1.57602e-22
-2.68102e-21
4.26368e-07
-1.63614e-22
-5.0034e-23
-1.49137e-07
4.14973e-22
2.92397e-21
3.91124e-07
1.91886e-22
-4.42411e-23
-9.63734e-08
1.2534e-21
-3.35466e-21
3.19284e-07
5.288e-23
-1.39503e-23
-4.90711e-08
6.76374e-22
-9.27418e-22
2.34545e-07
-8.82132e-24
2.1948e-23
-1.50431e-08
8.9528e-22
1.37098e-22
1.56777e-07
-3.53134e-23
1.3687e-24
5.04013e-09
6.07672e-22
3.92109e-22
9.56957e-08
4.53345e-24
6.39057e-24
1.44612e-08
3.28255e-22
-1.3717e-22
5.23354e-08
1.33541e-23
-6.57729e-24
1.7208e-08
2.76693e-22
5.20688e-22
2.34983e-08
3.34171e-25
3.86749e-24
1.64176e-08
2.50503e-22
-1.94297e-22
5.1583e-09
7.27625e-25
-2.47904e-25
1.41137e-08
1.18714e-22
2.20248e-23
-6.08941e-09
-4.58199e-24
6.31261e-25
1.14359e-08
6.45733e-23
0
-1.27328e-08
-7.30985e-24
-6.99364e-25
8.94289e-09
4.15965e-23
-6.04848e-23
-1.64648e-08
-4.60364e-25
-2.51804e-25
6.85427e-09
3.68159e-23
-2.03924e-23
-1.83927e-08
-2.36147e-24
0
5.21128e-09
3.19143e-23
1.37307e-23
-1.92239e-08
3.60196e-24
-1.23394e-25
3.9729e-09
1.68698e-24
2.77049e-23
-1.94033e-08
5.51724e-24
4.14705e-25
3.06865e-09
1.65914e-24
-2.06848e-24
-1.9208e-08
-2.19188e-24
-5.71244e-26
2.42502e-09
2.71234e-24
2.08312e-23
-1.88092e-08
-4.1067e-25
-2.29202e-25
1.97697e-09
-5.3087e-25
0
-1.83118e-08
-3.02569e-25
2.49231e-25
1.6715e-09
2.46251e-24
4.9944e-24
-1.77799e-08
-4.11887e-25
-8.17695e-26
1.46763e-09
3.15717e-25
-2.0892e-24
-1.7252e-08
-7.52421e-25
-1.61502e-26
1.33471e-09
6.136e-26
-2.79152e-25
-1.67511e-08
-4.69414e-25
2.12078e-26
1.25037e-09
-2.97007e-26
2.04582e-24
-1.62908e-08
-3.19082e-25
-3.44353e-27
1.19863e-09
-2.14389e-25
2.46728e-25
-1.58786e-08
-2.52393e-25
2.06556e-27
1.16819e-09
6.81302e-26
7.31059e-25
-1.55188e-08
-1.01497e-25
1.7575e-28
1.15118e-09
7.67101e-26
0
-1.52135e-08
6.16575e-27
-9.30449e-28
1.14215e-09
-1.16673e-26
-2.1817e-25
-1.49637e-08
0
-6.64528e-27
1.13737e-09
-0
6.63777e-26
-1.47696e-08
-2.33009e-26
2.07383e-27
1.13429e-09
-1.9749e-27
-8.20673e-26
-1.46315e-08
-1.30242e-26
1.44619e-28
1.13114e-09
4.67905e-27
0
-1.45492e-08
0
0
5.64253e-10
0
0
-7.2611e-09
3.27174e-22
-3.9576e-12
-1.25612e-05
0
3.52151e-12
-0.000218368
0
0
-2.12261e-06
0
0
-3.71601e-05
-4.57525e-22
1.21995e-22
-2.44947e-22
0
-0
0
-1.89289e-21
1.14279e-21
0
-4.23766e-20
9.7262e-21
0
1.8409e-21
1.58734e-21
-2.03208e-21
-1.58824e-20
-1.12311e-19
-3.76174e-20
-6.33971e-21
4.98834e-21
1.23651e-21
1.74531e-21
6.96029e-20
-2.71342e-20
-4.63978e-21
-8.35434e-21
1.00785e-21
-6.28345e-20
-4.71535e-21
-2.23696e-20
1.41237e-20
-1.70427e-21
-6.49475e-23
-2.00925e-20
1.41133e-20
-4.97412e-21
1.99752e-20
3.76305e-21
-2.74197e-22
-1.09633e-19
-1.76284e-20
2.01608e-20
0
-7.76633e-22
-9.49879e-22
-0
-6.03342e-20
4.55234e-21
-1.59958e-20
3.67046e-12
2.25154e-05
3.0026e-20
-2.98088e-12
0.000101851
-1.98666e-21
-1.90457e-14
9.5904e-06
8.85504e-21
3.90535e-15
8.33379e-06
-2.31893e-20
2.36782e-16
5.83436e-06
9.88431e-21
-9.5644e-16
-8.82149e-07
-8.17908e-21
8.93839e-16
2.65978e-06
4.74037e-20
2.09218e-16
-7.41116e-06
8.12985e-21
-4.41611e-16
6.23294e-07
8.08692e-20
-4.16919e-17
-1.13461e-05
0
-4.76267e-16
-3.5431e-07
4.78761e-20
5.10644e-17
-1.30519e-05
-8.71381e-22
-1.22203e-15
-6.4087e-07
3.54758e-20
2.75851e-17
-1.29152e-05
3.56628e-22
3.8225e-15
-5.67901e-07
2.79588e-20
-1.37725e-16
-1.12653e-05
1.41746e-23
2.68966e-15
-3.43442e-07
4.94759e-20
-5.16402e-17
-8.40381e-06
-1.0328e-22
4.50731e-16
-8.1009e-08
4.8839e-20
6.56458e-18
-4.67782e-06
-1.36221e-22
-3.86697e-16
1.61372e-07
1.11558e-20
1.48643e-17
-5.51353e-07
5.80984e-22
-6.15489e-16
3.55553e-07
3.90887e-20
3.0819e-17
3.37536e-06
-3.61849e-22
2.67794e-15
4.90444e-07
1.32535e-20
-1.71795e-16
6.45664e-06
1.40057e-22
3.35219e-15
5.67079e-07
1.24407e-21
-2.45533e-16
8.20776e-06
-2.3386e-22
2.19547e-15
5.96134e-07
-3.4095e-22
-1.747e-16
8.51127e-06
0
-4.78737e-16
5.93946e-07
-1.36773e-21
3.94537e-17
7.65553e-06
-8.03543e-22
-1.25035e-17
5.7694e-07
-3.59141e-21
2.93135e-18
6.16028e-06
-1.85389e-22
3.33342e-17
5.56926e-07
-7.57462e-22
-3.68572e-18
4.52569e-06
-9.44989e-23
-3.24811e-20
5.39553e-07
-2.29705e-21
2.9539e-22
3.07397e-06
7.5734e-22
5.91229e-21
5.25526e-07
-3.11546e-21
-6.10939e-21
1.93379e-06
1.11898e-21
-1.02854e-21
5.12886e-07
-4.47798e-21
-1.88167e-21
1.10621e-06
5.42147e-22
1.82297e-22
4.98832e-07
-1.45686e-21
0
5.3676e-07
-2.75727e-21
-1.4765e-23
4.8066e-07
-2.95089e-21
-9.67157e-22
1.60562e-07
-1.45563e-21
-1.68468e-24
4.56083e-07
-2.336e-21
-1.62754e-21
-7.81995e-08
-2.09115e-21
2.76394e-24
4.23261e-07
-4.24566e-21
2.59584e-21
-2.21183e-07
1.35657e-21
-1.26849e-23
3.80766e-07
-4.84393e-21
-3.60311e-21
-2.96851e-07
-1.21032e-21
-1.99462e-24
3.27554e-07
-3.01222e-21
-3.89695e-22
-3.23262e-07
1.48252e-21
4.14123e-23
2.6301e-07
-6.42737e-21
3.97616e-21
-3.10955e-07
1.81249e-21
5.15345e-23
1.87068e-07
-5.341e-21
-1.87486e-21
-2.6538e-07
1.51138e-21
5.47871e-23
1.00439e-07
-7.1732e-21
4.13776e-21
-1.88865e-07
-1.70929e-21
-1.16923e-22
4.96431e-09
-6.98897e-21
1.52191e-21
-8.23239e-08
1.70425e-21
4.95896e-23
-9.58338e-08
-4.46006e-21
1.88313e-21
5.29408e-08
4.16455e-22
1.34149e-22
-1.95929e-07
-6.51795e-21
-3.88313e-21
2.12845e-07
7.4742e-22
-1.15872e-22
-2.85575e-07
-4.10843e-21
7.37397e-22
3.86756e-07
-2.15623e-22
1.74071e-22
-3.50027e-07
-2.37449e-21
4.37564e-21
5.51875e-07
1.45527e-22
-7.34443e-23
-3.71327e-07
-1.56888e-21
3.09069e-21
6.70351e-07
3.36183e-23
5.4442e-23
-3.38679e-07
1.60545e-22
3.38246e-21
7.02912e-07
-9.45292e-23
-4.05342e-23
-2.61263e-07
1.84083e-21
3.14667e-21
6.37691e-07
-9.55687e-24
-4.80571e-23
-1.67225e-07
1.50628e-21
-2.18859e-21
5.0497e-07
1.12756e-23
-4.66234e-23
-8.55259e-08
1.83583e-21
1.76731e-21
3.55999e-07
-1.62554e-22
5.32481e-24
-2.98324e-08
1.62031e-21
1.26316e-21
2.29052e-07
5.36931e-23
1.23208e-23
1.33493e-09
7.41548e-22
-3.7634e-22
1.36972e-07
4.42006e-24
-1.14303e-24
1.55635e-08
8.07997e-22
-1.29061e-22
7.578e-08
1.21837e-23
-6.61003e-24
1.99643e-08
3.0606e-22
2.92858e-22
3.69399e-08
-1.99355e-24
9.37251e-24
1.94006e-08
3.71417e-22
-2.77867e-22
1.29742e-08
-6.56054e-25
1.78481e-24
1.67568e-08
1.30552e-22
1.60958e-22
-1.47794e-09
-3.55385e-24
5.26478e-24
1.35746e-08
1.70973e-22
2.71422e-22
-9.97556e-09
1.7462e-23
-1.65772e-24
1.05865e-08
9.14723e-23
1.8283e-23
-1.47972e-08
-9.49768e-24
-7.43057e-26
8.07597e-09
2.7673e-23
-3.69089e-23
-1.73744e-08
6.29515e-25
1.39406e-25
6.09842e-09
1.78603e-23
1.10295e-23
-1.85969e-08
-1.33436e-23
8.68742e-26
4.60597e-09
2.17313e-23
-7.04021e-23
-1.90144e-08
3.75626e-24
-1.2586e-25
3.51434e-09
8.02783e-24
1.74162e-23
-1.89653e-08
-2.18029e-24
4.89309e-25
2.73539e-09
6.57091e-24
-1.08519e-23
-1.86568e-08
-1.23647e-24
2.46601e-25
2.19113e-09
4.18465e-24
6.71671e-24
-1.82156e-08
-8.60209e-25
1.00827e-25
1.81812e-09
1.88795e-24
3.74959e-25
-1.77188e-08
-1.88476e-25
-3.33425e-26
1.5673e-09
3.06859e-25
-1.75606e-24
-1.7213e-08
-5.08874e-25
-1.09088e-26
1.402e-09
1.49207e-24
3.01554e-24
-1.67261e-08
4.3364e-25
-7.53832e-27
1.29549e-09
1.08408e-24
-2.67734e-24
-1.62747e-08
1.70711e-25
-1.95587e-26
1.22863e-09
5.22049e-25
8.1333e-25
-1.58682e-08
-2.93587e-26
3.22274e-27
1.1879e-09
1.66033e-25
-4.86282e-25
-1.5512e-08
-1.03638e-25
-9.47314e-27
1.16391e-09
-0
-1.5779e-25
-1.52091e-08
-1.44347e-26
1.39246e-26
1.15014e-09
7.83813e-26
2.19969e-25
-1.49609e-08
-5.98408e-26
-2.39339e-27
1.14213e-09
1.23822e-26
1.93753e-25
-1.47679e-08
-1.09772e-26
1.44499e-26
1.13683e-09
9.6984e-27
-3.32959e-26
-1.46304e-08
-6.84337e-27
-2.4954e-27
1.13218e-09
2.88641e-27
2.24906e-26
-1.45486e-08
0
0
5.64409e-10
0
0
-7.2609e-09
0
-6.00866e-23
2.59497e-22
-2.78985e-21
-1.69752e-20
0
0
0
5.17425e-22
0
0
1.8422e-21
-2.1651e-21
-2.23294e-22
0
2.17148e-20
2.15808e-20
-1.29637e-20
2.62594e-21
0
1.19192e-21
2.66588e-20
1.12444e-20
-6.60599e-20
0
0
3.26491e-21
6.83585e-20
-1.38638e-19
2.45168e-20
-1.30718e-20
3.69518e-20
1.6518e-21
1.93466e-19
-3.63927e-19
3.59215e-20
-7.78799e-21
0
0
5.28253e-19
6.77017e-20
-8.16563e-21
0
0
4.57703e-21
-7.69648e-20
-2.0685e-21
9.67344e-21
2.5418e-20
-7.11683e-21
-8.5816e-22
1.8356e-19
2.62094e-20
-4.04115e-20
-2.28195e-20
-1.2103e-21
1.02012e-21
-4.1914e-20
-3.81632e-20
2.22574e-20
2.54344e-20
6.14079e-12
3.5812e-05
-4.35746e-20
-7.2556e-12
0.000183143
3.45747e-20
-2.84051e-14
1.39018e-05
2.03944e-20
9.52908e-15
8.33312e-06
-2.56437e-20
-1.23394e-15
8.19864e-06
3.39922e-20
-2.27455e-15
-3.16934e-06
2.38418e-20
2.19344e-15
3.39755e-06
1.32491e-19
4.40209e-16
-1.10816e-05
-4.6248e-21
-1.46307e-15
5.56019e-07
1.53918e-19
-2.88872e-18
-1.56537e-05
-6.00981e-22
5.72466e-15
-6.1587e-07
1.09331e-19
-3.88271e-16
-1.74413e-05
4.19366e-22
-2.20779e-13
-9.70637e-07
1.85321e-19
1.12337e-13
-2.15473e-05
0
-3.78586e-13
-9.31282e-07
1.60005e-19
1.2379e-13
-2.13307e-05
5.74265e-23
-2.7531e-13
-6.72348e-07
4.73e-20
3.68641e-14
-1.49563e-05
5.38928e-23
-7.86474e-14
-1.45726e-07
9.63423e-20
-2.21327e-14
-6.38887e-06
-1.26061e-22
2.33919e-15
2.81955e-07
3.86668e-20
-4.19612e-17
5.36846e-07
-3.72104e-22
3.00629e-15
5.33046e-07
4.78154e-21
-1.83202e-16
6.35177e-06
-3.52327e-22
-1.38631e-14
7.02102e-07
-0
9.2198e-16
1.09822e-05
-9.64322e-22
-1.75719e-14
7.86789e-07
-1.05398e-20
1.29041e-15
1.34805e-05
-1.08893e-21
-1.14457e-14
8.01214e-07
1.16878e-23
9.00294e-16
1.35479e-05
4.28646e-22
2.44793e-15
7.71878e-07
-1.63199e-22
-1.97488e-16
1.17252e-05
-2.40591e-21
6.26206e-17
7.26564e-07
1.28177e-20
-1.418e-17
9.01929e-06
-1.36907e-21
-1.60063e-16
6.84187e-07
2.53397e-21
1.72976e-17
6.32383e-06
6.0718e-22
1.53095e-19
6.51758e-07
1.75037e-20
-2.80859e-21
4.11271e-06
-2.25772e-21
-2.67304e-20
6.28064e-07
-5.83807e-22
2.42583e-21
2.49018e-06
-1.02089e-21
4.42336e-21
6.08616e-07
-1.2621e-21
4.05716e-21
1.37511e-06
0
-6.18604e-22
5.88676e-07
-3.95161e-21
9.12132e-22
6.40003e-07
1.53177e-21
5.20523e-24
5.64286e-07
-4.34603e-21
3.79684e-22
1.70613e-07
-3.61456e-22
-4.03584e-25
5.32371e-07
-5.3061e-21
2.04284e-21
-1.1893e-07
-3.01938e-21
-8.59262e-24
4.9057e-07
-7.09067e-21
1.06297e-21
-2.87688e-07
6.1216e-22
1.5129e-23
4.37074e-07
-6.7607e-21
3.53929e-21
-3.73838e-07
-2.74252e-22
5.45095e-23
3.70534e-07
-7.47634e-21
4.75508e-21
-4.00612e-07
9.63832e-22
-6.61302e-23
2.90049e-07
-1.13476e-20
-1.68087e-22
-3.81031e-07
-1.65671e-21
3.07117e-23
1.95252e-07
-5.69156e-21
-1.66989e-21
-3.21351e-07
-1.04076e-21
4.45679e-23
8.64823e-08
-1.12354e-20
-1.44e-21
-2.23517e-07
-1.68978e-21
-2.5467e-23
-3.49244e-08
-8.51439e-21
5.02912e-21
-8.70064e-08
0
4.39647e-23
-1.66177e-07
-1.05e-20
1.09279e-20
8.95131e-08
-2.27005e-21
-7.21347e-23
-3.02233e-07
-7.76164e-21
3.1027e-21
3.06096e-07
0
-3.75707e-23
-4.34192e-07
-7.97264e-21
-1.02758e-20
5.5767e-07
-2.58361e-22
-9.70382e-23
-5.45357e-07
-4.05056e-21
-1.18632e-20
8.24467e-07
1.56418e-22
8.1878e-23
-6.03621e-07
-2.56109e-21
-2.82684e-21
1.04992e-06
1.48526e-23
-1.09335e-22
-5.68397e-07
-6.54147e-23
-1.08897e-20
1.13404e-06
2.3371e-22
1.84227e-22
-4.38772e-07
1.97149e-21
3.23843e-21
1.01914e-06
-1.54868e-22
1.50883e-22
-2.7224e-07
2.65969e-21
-4.33198e-21
7.67415e-07
-2.65949e-23
7.46558e-23
-1.3416e-07
3.68245e-21
-4.54316e-21
5.03139e-07
-1.11677e-22
-7.44643e-23
-4.84557e-08
1.48004e-21
4.63347e-21
3.04216e-07
1.05958e-22
-3.2561e-23
-4.12627e-09
1.23189e-21
-2.37851e-21
1.75162e-07
-1.02192e-22
-1.52608e-23
1.53219e-08
1.14054e-21
1.09868e-21
9.56329e-08
-4.24256e-24
2.00806e-23
2.15024e-08
8.55862e-22
1.00612e-21
4.756e-08
4.81885e-24
-7.6392e-24
2.13045e-08
3.29419e-22
-6.75698e-22
1.88236e-08
-1.1753e-24
3.97545e-24
1.84959e-08
1.9368e-22
-2.26927e-22
1.832e-09
-2.12773e-24
-4.05558e-24
1.49926e-08
9.23278e-23
-8.1297e-23
-8.0578e-09
-1.05562e-23
1.23794e-24
1.16769e-08
6.82319e-23
7.50848e-23
-1.36637e-08
5.52988e-24
-3.25825e-25
8.88541e-09
3.10306e-23
-1.42114e-22
-1.66932e-08
-2.53065e-24
9.14095e-25
6.68515e-09
4.93896e-23
8.00337e-23
-1.81818e-08
8.86656e-24
-7.89131e-25
5.02399e-09
2.44519e-23
2.47956e-23
-1.87586e-08
2.93593e-24
3.9109e-25
3.80823e-09
9.045e-24
5.54603e-24
-1.88061e-08
-5.74178e-25
-9.29337e-25
2.93982e-09
5.18836e-24
-9.29905e-25
-1.85568e-08
-9.8494e-25
1.96614e-25
2.33207e-09
1.81725e-24
-1.74516e-23
-1.81523e-08
-1.83924e-25
-3.5194e-25
1.91454e-09
7.11147e-25
7.09553e-24
-1.76784e-08
2.02576e-25
1.02366e-25
1.6328e-09
2.60259e-24
1.67493e-24
-1.7187e-08
-1.20872e-24
2.18063e-26
1.44619e-09
6.75368e-25
-5.21782e-24
-1.67093e-08
-2.35012e-25
4.0985e-26
1.32508e-09
-8.18351e-26
-1.98443e-24
-1.62637e-08
-8.66517e-25
-1.51859e-26
1.24825e-09
1.57743e-25
-3.28585e-25
-1.5861e-08
-6.40746e-26
7.16187e-27
1.20076e-09
-7.53168e-26
-4.04756e-25
-1.55073e-08
3.24149e-26
3.76147e-28
1.17217e-09
5.31153e-26
4.72011e-25
-1.52061e-08
0
7.13264e-27
1.15527e-09
-1.62064e-26
-4.08079e-25
-1.49589e-08
-4.39728e-26
-9.59754e-27
1.14513e-09
-0
-1.99846e-26
-1.47666e-08
0
6.39318e-28
1.13839e-09
5.54911e-27
-9.46018e-26
-1.46296e-08
-1.52407e-26
-2.38002e-27
1.13279e-09
6.64625e-27
3.648e-26
-1.4548e-08
0
0
5.64497e-10
0
0
-7.26071e-09
-9.41897e-22
-3.90849e-12
-1.03669e-05
6.46387e-21
3.90354e-12
-0.000185713
0
0
-1.95689e-06
0
0
-3.03681e-05
0
0
6.41193e-22
-3.19314e-21
-1.00246e-20
5.50536e-21
-5.18724e-21
0
-7.7624e-22
-7.12995e-21
4.06383e-20
-9.02558e-20
2.01472e-21
5.54835e-21
1.10938e-21
-8.49559e-21
8.41785e-20
4.7396e-21
0
0
0
2.30741e-19
6.30072e-20
1.63757e-20
-4.43211e-21
6.96299e-21
0
1.75948e-19
-6.467e-20
-8.68032e-21
2.14592e-20
9.10717e-21
0
-9.60997e-20
-1.16717e-20
3.46078e-20
-1.98804e-20
-6.71329e-21
-1.78626e-21
-4.79345e-20
1.60873e-19
-2.31751e-19
-2.38059e-20
-8.85275e-22
-6.4695e-22
-1.4334e-19
9.77302e-20
-3.93824e-20
-1.78192e-20
7.33056e-12
4.61361e-05
-5.85693e-20
-1.18818e-11
0.000229882
0
-2.88322e-14
1.85768e-05
-2.26021e-20
1.56701e-14
6.85367e-06
-1.36466e-20
-4.06968e-15
1.06855e-05
8.73061e-20
-3.72352e-15
-6.21526e-06
3.92838e-21
3.49138e-15
4.01284e-06
1.6497e-19
6.64157e-16
-1.50172e-05
-4.99241e-21
-1.18744e-15
3.70661e-07
2.01757e-19
1.53357e-17
-1.99108e-05
0
-3.89599e-13
-9.80052e-07
2.58251e-19
1.9478e-13
-2.68257e-05
-9.38497e-22
-1.01231e-12
-1.47048e-06
1.95514e-19
3.88581e-13
-3.47446e-05
0
-4.04262e-22
-7.02173e-23
1.39334e-19
-1.02181e-20
1.33735e-20
4.754e-23
-4.32798e-22
1.66446e-22
6.17688e-20
1.29424e-21
1.35515e-21
-1.12824e-22
-1.09722e-13
-7.4253e-08
5.24108e-20
-6.42242e-14
-6.49913e-06
-1.08905e-22
-1.55085e-14
4.36613e-07
4.20482e-20
9.92705e-16
2.51072e-06
-6.5661e-22
6.37091e-13
1.47061e-06
2.07672e-20
-3.97242e-13
1.93262e-05
-8.22797e-22
1.54298e-12
2.60692e-06
-0
-1.03544e-12
4.7583e-05
-2.42212e-22
1.99696e-12
3.4773e-06
-8.85631e-21
-1.45012e-12
7.65726e-05
-1.12191e-21
1.28999e-12
2.69496e-06
1.17611e-22
-9.86028e-13
6.40059e-05
-2.40827e-22
4.39864e-13
1.69949e-06
-9.03156e-21
-3.80296e-13
3.80379e-05
-8.96778e-23
-4.57962e-15
8.70906e-07
-1.33557e-21
4.80088e-16
1.28842e-05
-1.21701e-21
1.52179e-15
7.93351e-07
-1.56384e-20
-1.67446e-16
8.524e-06
1.02812e-21
-1.35989e-16
7.40416e-07
-7.83043e-21
1.97257e-17
5.28259e-06
1.37578e-21
2.2968e-17
7.05216e-07
3.80058e-21
-4.47636e-18
3.08131e-06
-2.55477e-21
-3.69593e-18
6.786e-07
-2.05283e-21
1.05475e-18
1.65168e-06
1.67766e-21
5.37506e-19
6.53133e-07
-5.71272e-21
-2.60311e-19
7.47907e-07
-2.63407e-21
-5.79059e-20
6.23386e-07
-5.07635e-21
6.75869e-20
1.89122e-07
1.15346e-21
-1.81028e-21
5.85464e-07
-8.27851e-21
-2.02998e-20
-1.46733e-07
-1.43359e-21
4.29933e-21
5.36512e-07
-8.4038e-21
7.79886e-21
-3.38021e-07
-1.64101e-22
-2.05206e-21
4.74388e-07
-1.03633e-20
-4.23522e-21
-4.33061e-07
1.4753e-21
7.7127e-22
3.97463e-07
-1.09663e-20
-4.16863e-21
-4.60247e-07
-2.60058e-22
-2.7156e-22
3.04556e-07
-1.29659e-20
-4.20257e-21
-4.34991e-07
-1.12097e-21
1.31895e-22
1.94951e-07
-1.09018e-20
2.17047e-21
-3.64276e-07
-9.41898e-22
-1.17207e-22
6.84856e-08
-1.3021e-20
-3.451e-21
-2.49588e-07
-9.20646e-22
-1.60119e-24
-7.43259e-08
-1.09493e-20
3.21451e-21
-8.8754e-08
3.84381e-21
1.5498e-23
-2.32121e-07
-8.72559e-21
-6.20344e-21
1.22897e-07
1.24702e-21
1.68515e-22
-4.02449e-07
-9.68228e-21
-7.96309e-21
3.91722e-07
-1.46104e-21
3.96384e-23
-5.81233e-07
-1.27501e-20
6.8057e-21
7.24747e-07
0
-2.19757e-22
-7.60844e-07
-7.61937e-21
6.27755e-21
1.12616e-06
3.57372e-22
2.53341e-22
-9.15411e-07
-6.75935e-21
-3.57311e-21
1.56851e-06
-8.96058e-23
7.92712e-23
-9.47898e-07
-8.07527e-22
1.22253e-20
1.86484e-06
3.89161e-22
-4.18639e-23
-7.37872e-07
2.79735e-21
5.70342e-21
1.67582e-06
-8.73187e-22
-3.72878e-23
-4.16341e-07
3.83251e-21
-6.87484e-21
1.12754e-06
4.71705e-22
3.02116e-23
-1.87442e-07
4.41181e-21
4.19816e-21
6.57869e-07
-2.19181e-22
6.55545e-23
-6.67338e-08
2.17081e-21
-2.15303e-21
3.70962e-07
-1.2066e-22
7.96921e-23
-9.58939e-09
1.85641e-21
-2.48927e-22
2.05767e-07
-1.45589e-22
-1.85912e-23
1.45101e-08
1.06818e-21
-6.8509e-22
1.10376e-07
5.16087e-23
3.6219e-24
2.22298e-08
6.19398e-22
5.82484e-22
5.49914e-08
0
-1.4105e-25
2.23924e-08
4.99327e-22
-6.7968e-22
2.27262e-08
3.59605e-24
-6.42678e-24
1.95237e-08
3.99193e-22
5.03021e-22
3.95822e-09
1.48088e-24
-2.14394e-24
1.58366e-08
1.83737e-22
4.889e-23
-6.86153e-09
9.41967e-24
4.28824e-24
1.2326e-08
1.06001e-22
5.82525e-23
-1.29718e-08
2.63535e-24
3.84825e-25
9.36635e-09
5.97498e-23
4.15053e-23
-1.62837e-08
3.73133e-24
3.19109e-24
7.033e-09
7.27427e-23
6.38686e-23
-1.79348e-08
-1.61344e-24
-4.12391e-25
5.27133e-09
3.11379e-23
-4.61367e-23
-1.86072e-08
-7.92935e-24
-4.79441e-25
3.98185e-09
1.61815e-23
-1.39975e-23
-1.87119e-08
2.9324e-24
2.11204e-24
3.06044e-09
1.03513e-23
6.91467e-24
-1.84975e-08
3.37497e-25
7.71605e-26
2.41515e-09
9.37732e-24
-9.59725e-24
-1.81145e-08
1.52016e-24
-4.71526e-27
1.97133e-09
-0
1.1078e-24
-1.76541e-08
-1.68116e-24
-6.09461e-26
1.67135e-09
1.49389e-24
4.1481e-24
-1.71713e-08
-3.43138e-25
1.73594e-26
1.47217e-09
8.18126e-25
4.84444e-24
-1.6699e-08
1.22676e-24
-7.84076e-27
1.34245e-09
1.76322e-25
3.15725e-24
-1.62569e-08
-5.18308e-25
-1.94175e-26
1.25975e-09
4.67577e-25
7.18438e-25
-1.58565e-08
1.34475e-25
2.25804e-26
1.20826e-09
4.06181e-26
-9.14631e-25
-1.55043e-08
1.36395e-25
-1.53253e-26
1.17695e-09
1.72024e-25
2.53135e-25
-1.5204e-08
-2.0064e-25
-2.4825e-27
1.15821e-09
-1.75187e-26
-3.26591e-25
-1.49575e-08
7.75236e-26
-4.71599e-27
1.14682e-09
3.05773e-26
-9.81552e-26
-1.47657e-08
-5.16046e-26
9.77404e-27
1.13925e-09
2.41128e-26
0
-1.4629e-08
-8.12666e-27
-1.25316e-27
1.13311e-09
9.06551e-27
1.26468e-26
-1.45476e-08
0
0
5.64542e-10
0
0
-7.26051e-09
3.80126e-22
-1.32478e-12
-3.95804e-06
3.95721e-21
1.59482e-12
-7.79995e-05
0
0
-9.26126e-08
0
0
-3.65886e-06
1.20328e-21
-3.92556e-22
2.05021e-22
-7.81624e-21
-2.54081e-21
1.39585e-20
2.83659e-21
0
-5.37705e-22
4.57629e-21
4.25047e-20
7.29982e-21
2.99919e-21
0
-7.15447e-23
-3.58284e-21
7.69731e-20
4.06729e-20
-6.07484e-21
-5.29765e-21
-5.08763e-22
-0
3.894e-20
-1.07052e-21
-6.20563e-21
-6.48696e-21
2.60248e-21
2.40971e-20
-9.10101e-22
4.8584e-20
-6.70088e-21
4.93584e-21
-5.66396e-22
-3.87644e-20
-6.69268e-20
2.34525e-20
1.13916e-20
9.11147e-21
3.74298e-21
-5.47444e-20
3.75191e-20
8.29747e-20
4.31663e-21
-1.74189e-21
8.13751e-22
-1.0578e-19
-2.26302e-19
-0
-2.82538e-20
6.74169e-12
4.91873e-05
8.48537e-20
-1.24384e-11
0.000224811
1.0224e-19
-2.03837e-14
2.0522e-05
-3.64011e-20
1.6434e-14
4.13503e-06
-9.05701e-21
-6.87666e-15
1.15433e-05
7.96918e-20
-4.00855e-15
-9.35083e-06
-8.13181e-21
3.20197e-15
4.03928e-06
1.25742e-19
1.06471e-15
-1.83767e-05
6.89419e-21
5.72344e-15
1.12033e-07
2.40995e-19
-8.3564e-16
-2.32869e-05
-2.73133e-21
-7.91879e-13
-1.22257e-06
2.71264e-19
3.38405e-13
-3.02234e-05
3.9459e-21
-1.00443e-21
9.33901e-23
6.60694e-20
1.88705e-20
2.88757e-21
-3.01012e-22
-2.11209e-22
3.23666e-23
2.18397e-19
-9.03126e-21
1.00223e-20
-2.29938e-22
-6.53965e-13
-8.993e-07
1.2876e-19
1.9643e-14
-2.01479e-05
-1.21662e-22
-8.59878e-14
1.24263e-08
1.17987e-19
-6.12048e-14
-6.05785e-06
0
7.33713e-13
1.31179e-06
2.89857e-20
-4.03404e-13
9.12271e-06
2.59164e-22
3.34401e-12
3.76885e-06
-4.25742e-20
-2.08819e-12
5.76149e-05
0
1.33701e-21
-1.20419e-22
-2.03236e-20
1.24766e-20
0
3.59242e-22
-2.18283e-22
-2.88011e-23
3.67925e-20
1.34487e-21
0
-7.15517e-22
-3.69639e-22
-6.03896e-23
3.08873e-23
-1.24607e-20
-3.5726e-21
5.05998e-22
2.53619e-12
4.14421e-06
4.9644e-21
-1.97752e-12
0.000116696
-2.55478e-21
4.66354e-13
1.8455e-06
4.37601e-21
-4.28008e-13
4.36237e-05
3.12415e-22
-3.27728e-15
8.73267e-07
3.94929e-21
3.15524e-16
1.09512e-05
-1.6069e-21
-7.97179e-18
7.96833e-07
-1.42747e-20
3.982e-18
6.47361e-06
-3.68261e-21
1.35806e-18
7.50124e-07
1.33955e-21
-8.7887e-19
3.65729e-06
-1.07083e-22
-2.22296e-19
7.17232e-07
-5.0459e-21
2.03004e-19
1.9187e-06
-1.06333e-21
3.31346e-20
6.87625e-07
-6.75318e-21
-4.52875e-20
8.58707e-07
1.86001e-21
-3.85476e-21
6.54393e-07
-4.94469e-21
8.39177e-21
2.20877e-07
3.54469e-21
-7.31961e-23
6.12894e-07
-7.54305e-21
-7.19076e-21
-1.54454e-07
0
2.56148e-22
5.59877e-07
-8.06686e-21
-2.70862e-22
-3.64571e-07
5.0734e-22
-1.31125e-22
4.92946e-07
-1.18994e-20
7.42116e-22
-4.67335e-07
-7.61907e-22
-1.80071e-23
4.10286e-07
-1.1154e-20
6.62027e-21
-4.95892e-07
-6.72867e-22
-4.73543e-23
3.10526e-07
-9.05453e-21
-2.16227e-21
-4.67883e-07
4.64916e-22
7.1288e-23
1.92711e-07
-1.98646e-20
7.95111e-21
-3.91107e-07
-2.73943e-21
-1.81208e-23
5.63092e-08
-1.29479e-20
-3.15859e-21
-2.66918e-07
3.03376e-21
-6.4696e-23
-9.87988e-08
-1.70632e-20
-4.76854e-22
-9.21123e-08
-1.2524e-21
7.98683e-23
-2.72431e-07
-1.4647e-20
6.22408e-21
1.4033e-07
0
7.47855e-23
-4.64502e-07
-1.94058e-20
9.9553e-21
4.41707e-07
-2.29638e-21
-1.18828e-22
-6.76142e-07
-1.01725e-20
7.02712e-22
8.3016e-07
9.09496e-22
1.23926e-22
-9.13014e-07
-1.24172e-20
-1.36529e-20
1.33878e-06
-6.32707e-22
3.86563e-23
-1.19938e-06
-5.25343e-21
1.57695e-21
2.04848e-06
6.8612e-23
-2.15578e-22
-1.44034e-06
5.25315e-21
-1.35755e-21
2.83811e-06
1.01435e-21
-1.13759e-22
-1.1385e-06
-1.68189e-20
1.55558e-20
2.57649e-06
-5.07471e-22
-3.69511e-23
-5.51457e-07
5.40894e-21
9.88362e-21
1.46825e-06
2.47935e-22
-3.57681e-24
-2.24281e-07
4.11198e-21
-1.56772e-21
7.62183e-07
-3.30923e-22
-9.70731e-23
-7.84041e-08
2.562e-21
2.37942e-21
4.11427e-07
4.17395e-22
-3.78824e-23
-1.30268e-08
2.71777e-21
1.07368e-21
2.2303e-07
1.13909e-22
7.82548e-24
1.38728e-08
1.54842e-21
-1.86335e-22
1.18285e-07
5.65691e-23
3.87837e-24
2.24946e-08
7.32871e-22
-2.93355e-22
5.88248e-08
-2.61753e-23
1.16491e-24
2.28783e-08
6.15491e-22
1.04328e-21
2.46774e-08
3.64448e-24
-4.97834e-25
1.99957e-08
3.97385e-22
6.28515e-23
4.99532e-09
1.10557e-24
3.71925e-24
1.62264e-08
1.48676e-22
-8.40153e-24
-6.28877e-09
9.69465e-24
-3.35105e-24
1.26257e-08
2.18551e-22
-3.20573e-22
-1.26448e-08
-1.01924e-23
-1.30984e-24
9.58801e-09
5.47977e-23
0
-1.60916e-08
1.22512e-24
8.4065e-25
7.19301e-09
1.70697e-23
7.15766e-23
-1.78191e-08
4.81765e-24
-5.4609e-25
5.38492e-09
2.53969e-23
-2.37139e-23
-1.85361e-08
5.95905e-24
-1.39101e-24
4.06147e-09
2.17441e-23
3.10414e-23
-1.86674e-08
6.4949e-24
1.07048e-25
3.1157e-09
9.881e-24
-3.09558e-23
-1.84692e-08
2.72781e-24
-2.90014e-25
2.45318e-09
-4.04203e-25
-2.23533e-23
-1.80962e-08
1.54004e-24
-2.42578e-25
1.99731e-09
3.56229e-24
-1.05254e-23
-1.76421e-08
-6.40095e-25
7.23445e-26
1.68897e-09
7.7319e-25
1.24761e-23
-1.71633e-08
4.65386e-25
-9.89253e-28
1.48404e-09
1.3177e-24
2.43649e-24
-1.66936e-08
-1.24985e-25
-2.22198e-26
1.35037e-09
9.13066e-26
7.68132e-25
-1.62532e-08
2.64409e-25
-1.04297e-26
1.26499e-09
1.76146e-25
1.06135e-25
-1.5854e-08
5.49545e-25
2.78014e-27
1.21167e-09
4.20948e-26
-7.77036e-25
-1.55025e-08
-1.39533e-25
-8.63276e-27
1.17912e-09
-3.9637e-26
7.01508e-25
-1.52028e-08
3.42581e-26
-2.20949e-27
1.15953e-09
5.45328e-26
8.36152e-26
-1.49566e-08
4.77299e-26
-1.1885e-26
1.14757e-09
-3.17612e-26
1.57701e-25
-1.4765e-08
1.32645e-26
-9.24209e-28
1.13961e-09
1.88148e-26
-1.55477e-26
-1.46285e-08
0
-5.02195e-28
1.13325e-09
3.78157e-27
-5.14081e-26
-1.45472e-08
0
0
5.6456e-10
0
0
-7.26033e-09
0
-2.72115e-13
-2.4372e-07
-9.1844e-22
4.05465e-13
-2.40303e-05
0
0
1.23323e-07
0
0
-1.89591e-06
7.2942e-22
-1.11506e-12
-8.44485e-07
4.40757e-22
1.84941e-12
-5.06959e-05
1.85354e-21
-1.48986e-12
-1.32678e-07
-2.05787e-20
3.71073e-12
-5.93637e-05
-6.22729e-21
2.16743e-12
6.84571e-06
9.37595e-21
3.93359e-12
-1.46407e-05
4.30332e-21
3.00583e-11
4.07165e-05
1.10596e-19
1.23805e-12
0.000112515
8.44158e-21
1.39288e-21
-2.74792e-22
-6.11591e-20
2.18371e-21
3.06697e-20
5.10525e-20
-2.98499e-21
-9.04795e-22
-0
6.6634e-21
-1.04082e-19
4.47797e-20
-7.04215e-21
-3.69389e-22
-1.66235e-19
1.49915e-20
5.17074e-20
-3.82362e-20
-3.49185e-22
-2.11673e-21
-1.89071e-20
7.61108e-20
3.10265e-20
2.48618e-20
4.20965e-12
3.99474e-05
-2.23545e-20
-7.74115e-12
0.00014557
2.20556e-20
-7.65873e-15
1.9418e-05
-1.2633e-20
1.01601e-14
9.90604e-07
9.17014e-21
-7.21199e-15
1.07463e-05
1.16506e-19
-2.44037e-15
-1.17128e-05
-2.44792e-20
3.54312e-15
3.5746e-06
1.79021e-19
5.65894e-16
-2.02997e-05
-6.87639e-21
1.17027e-15
-1.14673e-07
2.385e-19
-3.15239e-16
-2.49787e-05
-1.35536e-21
-4.88602e-13
-1.33337e-06
3.24771e-19
2.22921e-13
-3.18296e-05
1.45861e-21
-8.96358e-13
-1.56552e-06
3.20567e-19
2.85609e-13
-3.44678e-05
5.9091e-22
-7.26381e-13
-1.2959e-06
1.83211e-19
1.40676e-13
-2.76351e-05
0
-2.74863e-13
-5.51182e-07
1.39782e-19
-2.46121e-15
-1.63959e-05
0
-2.55181e-14
2.07142e-07
7.23294e-20
1.2445e-15
-4.65618e-06
2.68201e-22
2.0885e-12
2.43781e-06
7.15443e-20
-1.15933e-12
2.07108e-05
-6.98037e-22
-1.51806e-21
-3.41856e-23
-7.24028e-20
-2.51402e-21
1.9555e-20
-1.8922e-22
6.38605e-22
-1.18384e-22
1.01926e-19
7.14507e-21
3.56421e-20
-1.33393e-21
1.01154e-21
9.39825e-23
-1.54911e-20
2.01997e-21
1.10589e-20
-1.09246e-21
2.86363e-22
1.24501e-22
5.99186e-21
-1.64842e-20
-2.60714e-20
-1.69854e-21
9.44754e-22
-1.21405e-23
-3.83889e-20
1.87284e-20
2.20748e-20
-1.19861e-21
1.92717e-12
3.734e-06
2.53294e-20
-1.54319e-12
0.000107884
-5.52257e-22
2.74161e-13
1.49821e-06
-1.04385e-20
-2.50751e-13
3.11633e-05
-2.43071e-21
1.3352e-15
8.13699e-07
7.43918e-21
-1.79183e-16
7.47288e-06
-1.78066e-22
-2.16271e-16
7.58059e-07
-5.53448e-21
3.8902e-17
4.13188e-06
1.46584e-21
3.39528e-17
7.21065e-07
-7.39894e-21
-8.93441e-18
2.14414e-06
-2.35541e-21
-4.9107e-18
6.89513e-07
-6.13314e-21
2.17218e-18
9.63074e-07
-1.83936e-21
5.53952e-19
6.55343e-07
-9.68147e-21
-5.53292e-19
2.65907e-07
-1.36726e-21
-4.70772e-22
6.13387e-07
-7.276e-21
1.49747e-19
-1.38424e-07
-3.93564e-21
-3.13014e-20
5.60143e-07
-6.68717e-21
-4.11674e-20
-3.62482e-07
-2.18822e-21
1.5849e-20
4.931e-07
-9.55779e-21
1.2608e-20
-4.717e-07
-1.51827e-21
-6.17392e-21
4.10382e-07
-9.44393e-21
-2.83092e-21
-5.03005e-07
4.02552e-21
2.25695e-21
3.10592e-07
-1.26381e-20
1.90458e-21
-4.75936e-07
-4.63821e-22
-8.69213e-22
1.92762e-07
-1.82436e-20
5.71128e-21
-3.99245e-07
1.56231e-21
2.7087e-22
5.6352e-08
-1.08714e-20
6.13428e-21
-2.74761e-07
2.55042e-21
-6.38397e-25
-9.87593e-08
-1.96702e-20
-2.3499e-21
-9.95148e-08
-5.00201e-22
1.15653e-22
-2.72393e-07
-1.18342e-20
1.69028e-21
1.33392e-07
1.67297e-21
-1.21053e-22
-4.64462e-07
-1.11299e-20
-5.41369e-21
4.35193e-07
1.40128e-21
-3.9089e-23
-6.761e-07
-1.49764e-20
-5.6212e-21
8.23983e-07
-6.05282e-22
1.49501e-22
-9.1297e-07
-9.06846e-21
1.51231e-20
1.3328e-06
-7.01847e-22
-1.12104e-22
-1.19933e-06
-6.40041e-21
5.59074e-21
2.04242e-06
1.04453e-22
1.17245e-22
-1.44028e-06
5.60695e-21
-1.82294e-20
2.8321e-06
1.01578e-21
-4.76786e-22
-1.13846e-06
-1.68188e-20
9.4016e-21
2.57224e-06
-8.12447e-22
-5.22139e-23
-5.51438e-07
5.68899e-21
-2.0126e-20
1.46624e-06
-6.20052e-22
-8.04788e-24
-2.24272e-07
4.09666e-21
-5.40577e-23
7.61289e-07
-1.32398e-22
4.54055e-23
-7.83998e-08
3.40779e-21
-1.86948e-21
4.11011e-07
-3.21123e-23
-1.9724e-23
-1.30246e-08
2.30215e-21
8.10714e-22
2.22835e-07
-4.27209e-23
3.4356e-24
1.3874e-08
1.0462e-21
-2.22163e-21
1.18196e-07
1.1315e-23
1.65713e-23
2.24952e-08
6.3458e-22
-7.94876e-22
5.87868e-08
1.49588e-23
-4.36844e-24
2.28787e-08
6.91949e-22
-4.24213e-22
2.46638e-08
-6.56121e-24
2.5797e-24
1.99959e-08
3.70693e-22
-6.28502e-23
4.99299e-09
0
5.74796e-24
1.62265e-08
1.21593e-22
8.96147e-23
-6.28621e-09
-8.72495e-24
-1.84221e-24
1.26258e-08
7.51016e-23
3.07445e-22
-1.26405e-08
-5.94554e-24
8.62316e-25
9.58804e-09
1.02718e-22
1.1933e-22
-1.60869e-08
1.59265e-23
2.36603e-24
7.19303e-09
6.14376e-23
-1.51572e-23
-1.78147e-08
0
5.965e-25
5.38493e-09
2.87781e-23
4.51688e-24
-1.85322e-08
3.9727e-24
-1.04326e-24
4.06148e-09
5.01715e-24
5.5647e-23
-1.86641e-08
-4.72356e-24
-2.109e-25
3.1157e-09
1.39965e-23
8.8807e-24
-1.84665e-08
-6.81952e-25
3.58599e-25
2.45318e-09
6.06247e-24
3.24673e-23
-1.8094e-08
4.23512e-24
1.71091e-25
1.99731e-09
5.93669e-24
4.21014e-24
-1.76403e-08
1.92029e-24
-1.30875e-26
1.68897e-09
-7.7314e-25
6.39017e-24
-1.71618e-08
-2.32693e-25
8.57354e-27
1.48404e-09
-0
-9.6444e-25
-1.66924e-08
4.99939e-25
5.15817e-27
1.35037e-09
9.13026e-25
2.36348e-25
-1.62523e-08
-4.62715e-25
1.82075e-26
1.26499e-09
8.80697e-26
2.27911e-24
-1.58532e-08
-2.74772e-25
-1.44191e-26
1.21167e-09
-4.20935e-26
1.05559e-24
-1.55019e-08
3.48834e-26
-1.34783e-26
1.17912e-09
-9.90899e-26
1.13758e-24
-1.52022e-08
2.05549e-25
2.6059e-26
1.15953e-09
3.63544e-26
-5.4947e-25
-1.49561e-08
4.77299e-26
-1.67788e-26
1.14757e-09
7.94014e-27
-2.86729e-26
-1.47646e-08
-1.32645e-26
1.27079e-27
1.13961e-09
2.19502e-26
-1.55477e-26
-1.46281e-08
8.3762e-27
4.23728e-27
1.13325e-09
3.7815e-27
-2.5704e-26
-1.45469e-08
0
0
5.6456e-10
0
0
-7.26017e-09
4.52849e-22
4.94122e-15
1.70307e-06
1.50828e-22
-1.89401e-16
-2.87733e-06
0
0
2.80907e-07
0
0
-5.41278e-07
0
-1.74469e-16
3.46123e-06
6.81806e-21
-1.05887e-15
-2.92986e-06
4.22243e-21
6.17485e-14
5.60624e-06
2.24741e-20
-1.17004e-15
2.35037e-06
-1.21287e-20
-2.04154e-13
8.4444e-06
5.21154e-20
3.19295e-16
1.36611e-05
-1.02618e-20
1.33939e-11
2.93124e-05
-1.08915e-19
-1.19157e-12
7.33909e-05
-7.67031e-21
-5.42778e-21
2.48129e-21
-5.41049e-20
1.27735e-20
-3.5125e-21
-5.56683e-20
-3.32138e-21
-4.08742e-22
-7.46484e-20
-2.6885e-20
-0
-2.80846e-20
3.6988e-21
5.11063e-21
1.1236e-19
3.61304e-20
1.32333e-19
-3.30855e-20
9.39427e-12
4.76082e-05
-4.89244e-20
-9.00945e-12
0.000216734
-2.57162e-20
1.3876e-12
2.75813e-05
1.13926e-20
-2.78722e-12
6.51225e-05
-1.47422e-20
5.02244e-17
1.58304e-05
-1.27272e-20
-2.22113e-15
-1.62117e-06
-3.60714e-20
7.3166e-16
8.6835e-06
4.10497e-20
5.27649e-16
-1.26457e-05
6.33121e-20
-3.74657e-16
2.82296e-06
1.06463e-19
-1.04679e-16
-2.02814e-05
3.29626e-21
1.54409e-16
-2.27764e-07
1.92268e-19
2.4211e-17
-2.45524e-05
-1.5405e-20
2.76172e-15
-1.17668e-06
2.04119e-19
-1.57917e-16
-2.58654e-05
4.53184e-21
1.1888e-14
-1.17882e-06
1.56256e-19
-2.96619e-16
-2.4515e-05
-1.34599e-21
7.70666e-15
-8.0136e-07
2.66408e-19
-2.17671e-16
-2.05473e-05
0
6.95609e-15
-2.93828e-07
5.17751e-20
-3.10104e-17
-1.37802e-05
1.37843e-23
4.85341e-13
7.11409e-07
2.5896e-20
-2.32425e-13
-6.08155e-06
-2.54165e-22
4.08763e-12
4.00895e-06
2.6972e-20
-2.33199e-12
3.85001e-05
-3.29185e-22
-5.54234e-22
-6.92662e-23
-2.85988e-20
-1.11312e-20
0
-2.02419e-22
3.67725e-22
3.64316e-22
8.94886e-20
-4.11134e-21
-2.88639e-20
4.80099e-22
3.17836e-21
-5.62389e-22
2.97588e-20
1.1115e-20
-3.3828e-20
-2.51449e-21
1.94374e-21
-3.89998e-22
-7.77989e-20
7.39934e-21
4.28723e-21
6.40467e-22
0
-4.24534e-22
4.37446e-20
-3.64634e-21
2.11035e-20
-1.18146e-21
-8.94606e-23
-1.08128e-22
3.03722e-20
-6.43257e-21
-3.99523e-21
-5.35605e-22
6.43402e-13
2.11779e-06
-1.72833e-20
-5.477e-13
5.34562e-05
-8.87853e-22
-4.84091e-15
7.86833e-07
1.76616e-20
5.16796e-16
8.016e-06
2.59862e-21
7.79101e-16
7.27428e-07
-4.17666e-21
-1.10441e-16
4.40154e-06
-6.23961e-22
-1.22167e-16
6.8941e-07
-4.43107e-21
2.50236e-17
2.286e-06
-2.80718e-21
1.78117e-17
6.58474e-07
-7.60484e-22
-6.0178e-18
1.0443e-06
-1.71677e-22
-2.09265e-18
6.26068e-07
-6.88042e-21
1.53061e-18
3.18245e-07
8.44872e-22
4.8416e-20
5.86843e-07
-6.77594e-21
-4.07211e-19
-9.99639e-08
-5.28142e-22
9.39564e-20
5.37249e-07
-1.05539e-20
1.16329e-19
-3.31088e-07
-6.88023e-22
-5.00504e-20
4.74804e-07
-7.26e-21
-3.53668e-20
-4.4468e-07
-7.66368e-22
1.97755e-20
3.97717e-07
-1.37164e-20
9.92894e-21
-4.79831e-07
-1.28936e-21
-7.14472e-21
3.04728e-07
-1.42014e-20
-7.84894e-21
-4.57346e-07
-1.94824e-21
2.51211e-21
1.95082e-07
-1.27629e-20
2.99712e-21
-3.86926e-07
-6.0872e-22
-6.92129e-22
6.85967e-08
-9.34389e-21
-2.75995e-21
-2.71413e-07
-2.17571e-21
1.68082e-22
-7.42227e-08
-1.44795e-20
-6.94072e-21
-1.09306e-07
-2.46645e-21
-1.29791e-22
-2.32019e-07
-1.45189e-20
-1.02391e-20
1.03732e-07
3.15986e-22
-1.02985e-22
-4.02345e-07
-1.32674e-20
1.08848e-20
3.73896e-07
-2.98524e-21
1.89708e-22
-5.81125e-07
-1.1805e-20
-1.83889e-22
7.08132e-07
-2.18596e-21
-3.60555e-22
-7.60732e-07
-7.84199e-21
-7.3223e-21
1.11061e-06
6.49523e-22
-7.89123e-23
-9.15297e-07
-5.2384e-21
3.33439e-21
1.55407e-06
0
-9.68895e-23
-9.47793e-07
-1.12368e-21
-9.04559e-21
1.85245e-06
0
3.27307e-22
-7.37796e-07
2.56122e-21
1.01384e-20
1.66719e-06
-3.88775e-22
-3.19616e-23
-4.16298e-07
4.70028e-21
1.06931e-20
1.12279e-06
3.54137e-22
9.54071e-24
-1.87419e-07
2.23827e-21
3.80725e-21
6.55528e-07
-1.87992e-22
-4.24185e-23
-6.67223e-08
4.17243e-21
2.27946e-21
3.69834e-07
1.81074e-22
2.0071e-23
-9.58337e-09
9.63883e-22
1.16155e-21
2.0523e-07
-2.64802e-23
2.40596e-23
1.45133e-08
1.68534e-21
1.06865e-21
1.10129e-07
-4.12998e-23
-1.3356e-23
2.22315e-08
9.50407e-22
-3.82226e-22
5.48857e-08
6.53794e-24
2.25684e-24
2.23934e-08
2.74075e-22
4.6118e-22
2.26889e-08
-3.59851e-24
-6.16276e-25
1.95242e-08
2.82853e-22
-1.37917e-22
3.95275e-09
-7.40213e-25
1.48428e-24
1.58369e-08
1.8351e-22
3.80235e-23
-6.85327e-09
9.41902e-24
-3.808e-24
1.23262e-08
1.05897e-22
7.28122e-24
-1.29586e-08
0
-6.8414e-25
9.36644e-09
8.62374e-23
-1.17187e-22
-1.62697e-08
-3.73129e-24
-1.66204e-24
7.03305e-09
3.63483e-23
1.06444e-22
-1.79218e-08
0
5.11369e-25
5.27136e-09
2.9484e-23
-1.428e-23
-1.85958e-08
2.9735e-24
9.89491e-25
3.98187e-09
2.10272e-23
5.89353e-23
-1.87022e-08
5.86479e-24
5.02871e-26
3.06045e-09
1.19397e-23
-2.96336e-23
-1.84895e-08
6.74994e-25
-3.80018e-25
2.41515e-09
-3.90613e-25
-5.29493e-24
-1.8108e-08
4.56049e-24
5.42259e-26
1.97133e-09
4.97117e-24
3.1018e-24
-1.76488e-08
1.47102e-24
-1.02533e-25
1.67135e-09
1.12021e-24
-6.96278e-24
-1.71669e-08
-1.60131e-24
-1.90955e-26
1.47217e-09
-3.63555e-25
-5.53644e-24
-1.66955e-08
1.10408e-24
-2.19542e-26
1.34245e-09
2.64449e-25
3.94652e-24
-1.6254e-08
5.83097e-25
-1.44066e-26
1.25975e-09
1.06256e-24
-6.96661e-25
-1.58541e-08
1.34475e-25
-1.9408e-26
1.20826e-09
-0
-2.8582e-25
-1.55024e-08
1.36395e-25
1.35796e-26
1.17695e-09
2.10236e-25
-9.61675e-25
-1.52024e-08
-3.34399e-26
2.57923e-27
1.15821e-09
-8.75877e-26
7.46489e-25
-1.49561e-08
0
-1.24298e-27
1.14682e-09
3.82193e-26
-1.40221e-25
-1.47645e-08
6.45058e-26
5.78778e-27
1.13925e-09
3.01393e-27
-1.52445e-25
-1.46279e-08
8.12667e-27
-2.78829e-27
1.13311e-09
1.0878e-26
7.58802e-26
-1.45466e-08
0
0
5.64542e-10
0
0
-7.26003e-09
-1.38752e-21
-9.10842e-16
2.0987e-06
-0
1.36425e-17
1.62633e-06
0
0
3.50253e-07
0
0
2.30485e-07
3.31461e-21
-3.37916e-16
4.14066e-06
-3.87753e-21
2.95775e-17
4.69411e-06
2.19474e-21
-1.02508e-14
6.34372e-06
-2.44361e-20
-1.49916e-16
1.04089e-05
2.54725e-21
3.24687e-14
8.84854e-06
-2.90495e-20
-8.92873e-16
1.85656e-05
-1.09291e-20
4.09502e-12
1.86269e-05
4.99635e-20
-5.86577e-13
4.66785e-05
2.01596e-20
1.24302e-11
3.61255e-05
1.98417e-20
-2.64819e-12
0.000110031
7.70401e-20
4.08704e-21
-1.44433e-21
-1.04502e-19
4.58092e-21
-4.2401e-20
4.14543e-20
8.27808e-12
3.72728e-05
-1.63204e-20
-4.66331e-12
0.000152797
-2.12682e-20
1.78739e-12
2.38202e-05
-6.82261e-20
-1.92948e-12
6.93841e-05
-3.05448e-20
-1.40234e-14
1.51438e-05
-2.23571e-20
3.26134e-15
7.61373e-06
-1.89542e-20
-1.32886e-16
1.08671e-05
-0
-1.54896e-16
-3.10645e-06
-4.26231e-20
2.70872e-16
5.94131e-06
5.91631e-20
3.49411e-17
-1.20109e-05
1.83963e-20
-1.26745e-16
1.98093e-06
1.62445e-19
-2.33697e-18
-1.83938e-05
1.80985e-20
3.02055e-17
-2.19392e-07
1.38312e-19
-1.17198e-17
-2.2127e-05
5.76607e-21
-6.58889e-16
-9.98307e-07
1.27055e-19
6.28617e-17
-2.33594e-05
3.96523e-22
-3.45197e-15
-1.01892e-06
6.70125e-20
1.20818e-17
-2.22133e-05
-6.73214e-22
-2.54261e-16
-7.01035e-07
-1.10006e-20
1.40893e-16
-1.86456e-05
2.20373e-22
-9.64776e-15
-2.54636e-07
1.69307e-19
8.3859e-17
-1.24331e-05
1.83675e-23
9.40222e-13
1.07791e-06
2.16177e-20
-4.31229e-13
-6.92251e-06
8.42328e-23
1.03093e-21
0
1.14697e-19
3.39141e-21
1.90132e-21
-1.03247e-22
-1.55895e-21
0
1.50229e-20
-7.83688e-21
0
-5.10296e-23
2.37233e-21
-6.24948e-23
-4.54401e-20
7.57637e-21
3.17651e-20
1.62366e-22
2.03361e-22
1.55027e-22
6.13681e-21
-2.40063e-21
-2.34196e-20
5.9018e-22
2.53778e-22
-1.27358e-22
0
7.37324e-21
1.69022e-20
-2.66383e-22
0
1.75713e-22
0
-2.41981e-21
-3.36698e-20
3.10284e-22
-5.75797e-23
0
0
-1.14546e-21
8.00646e-21
-6.92698e-22
8.05386e-13
2.51505e-06
-8.66107e-21
-6.98423e-13
6.91856e-05
-9.79693e-22
-6.073e-15
7.1706e-07
1.9882e-20
6.55023e-16
7.90704e-06
-1.73698e-21
9.83645e-16
6.60179e-07
-9.48422e-21
-1.38766e-16
4.37914e-06
-3.70585e-22
-1.55357e-16
6.2449e-07
1.42436e-21
3.11275e-17
2.30246e-06
-3.25916e-22
2.29799e-17
5.96561e-07
-2.18412e-21
-7.40878e-18
1.08087e-06
1.18434e-21
-2.82496e-18
5.6823e-07
-2.9098e-21
1.8681e-18
3.66179e-07
5.22667e-22
1.2683e-19
5.3437e-07
-6.05779e-21
-4.95201e-19
-4.58174e-08
-9.5863e-22
9.5422e-20
4.91609e-07
-6.34383e-21
1.34754e-19
-2.74492e-07
1.5919e-21
-5.51029e-20
4.37639e-07
-7.62304e-21
-4.05018e-20
-3.88867e-07
1.16321e-21
2.22323e-20
3.70865e-07
-8.48349e-21
1.47717e-20
-4.27946e-07
2.49667e-21
-8.06954e-21
2.90266e-07
-6.33558e-21
-5.04767e-22
-4.12784e-07
2.30458e-21
2.77981e-21
1.95413e-07
-9.97589e-21
1.8554e-22
-3.53709e-07
1.28915e-22
-9.71985e-22
8.66196e-08
-6.76983e-21
2.87873e-21
-2.54707e-07
-1.25739e-21
3.30906e-22
-3.47953e-08
-1.01925e-20
2.51311e-21
-1.16267e-07
-1.09045e-22
-2.36709e-22
-1.66049e-07
-8.9039e-21
3.80987e-21
6.24608e-08
4.42906e-22
-9.61834e-23
-3.02102e-07
-6.26743e-21
5.07454e-21
2.81323e-07
5.4705e-22
3.28769e-22
-4.34058e-07
-8.55063e-21
6.53635e-21
5.35203e-07
1.153e-21
-1.1322e-22
-5.45223e-07
-6.71715e-21
7.79311e-21
8.04455e-07
4.62532e-22
-1.9301e-22
-6.03495e-07
-3.55452e-21
-8.12488e-21
1.03286e-06
-7.29562e-23
2.30191e-23
-5.68291e-07
-3.40774e-22
8.84579e-21
1.12072e-06
-2.85094e-22
8.96277e-23
-4.38694e-07
2.05936e-21
-4.41516e-21
1.00994e-06
0
-1.0185e-22
-2.7219e-07
3.39449e-21
-7.97852e-21
7.61843e-07
1.59829e-22
3.6042e-23
-1.34131e-07
1.83803e-21
2.10897e-21
5.00108e-07
-1.11796e-22
3.6406e-23
-4.84399e-08
2.66201e-21
-4.41213e-21
3.02669e-07
1.06039e-22
1.47054e-23
-4.11771e-09
1.60464e-21
-1.33771e-21
1.74405e-07
-5.68078e-23
-1.26071e-23
1.53265e-08
8.82183e-22
4.99332e-23
9.52803e-08
-3.3959e-23
-1.67342e-23
2.15049e-08
3.14006e-22
-6.70662e-22
4.74105e-08
4.82193e-24
6.05882e-24
2.13059e-08
3.98732e-22
5.6302e-22
1.87732e-08
-1.57312e-24
2.31906e-24
1.84967e-08
2.53572e-22
4.08428e-22
1.82795e-09
4.25417e-24
1.03991e-24
1.4993e-08
1.47434e-22
-6.09676e-23
-8.04206e-09
-3.51842e-24
-2.73654e-24
1.16771e-08
7.43184e-23
-1.36508e-22
-1.36411e-08
6.45131e-24
1.09968e-24
8.88555e-09
1.05372e-22
-1.00849e-22
-1.66699e-08
5.06123e-24
-1.16803e-24
6.68523e-09
2.46698e-23
0
-1.81604e-08
4.03023e-24
3.15657e-25
5.02404e-09
-3.05399e-24
-2.47944e-23
-1.874e-08
7.82914e-24
-1.22217e-24
3.80826e-09
1.5065e-24
2.21832e-23
-1.87904e-08
3.44507e-24
-3.1984e-25
2.93983e-09
8.88949e-24
8.36884e-24
-1.85438e-08
2.2982e-24
8.16142e-26
2.33208e-09
5.44932e-24
-2.24371e-23
-1.81416e-08
3.67849e-24
-7.72004e-26
1.91455e-09
2.13266e-24
1.25212e-24
-1.76697e-08
2.43091e-24
1.38333e-27
1.6328e-09
1.56108e-24
-3.62894e-24
-1.718e-08
8.79068e-25
2.18065e-26
1.44619e-09
3.376e-25
-3.72694e-25
-1.67036e-08
3.52519e-25
2.37816e-26
1.32508e-09
9e-25
0
-1.62591e-08
6.18941e-25
-2.12604e-27
1.24825e-09
-1.57716e-25
-8.21449e-25
-1.58572e-08
3.20373e-25
-1.64996e-26
1.20076e-09
-0
1.18727e-24
-1.55042e-08
9.72449e-26
-6.44827e-27
1.17217e-09
7.08115e-26
-9.09048e-25
-1.52035e-08
1.58531e-25
-2.5158e-28
1.15527e-09
1.13432e-25
-5.74481e-25
-1.49567e-08
1.31918e-25
-7.72096e-27
1.14513e-09
1.41142e-26
1.59875e-25
-1.47647e-08
-1.21525e-26
8.27357e-28
1.13839e-09
1.66458e-26
-1.4554e-25
-1.46279e-08
1.52407e-26
1.54547e-28
1.13279e-09
1.16299e-26
0
-1.45465e-08
0
0
5.64497e-10
0
0
-7.25993e-09
6.81123e-22
1.45972e-17
2.02603e-06
-2.74519e-22
2.41534e-18
3.28851e-06
0
0
3.39919e-07
0
0
5.21778e-07
-8.08959e-22
9.61496e-16
3.93042e-06
5.75454e-22
2.47894e-17
7.10203e-06
1.0683e-21
-2.02624e-15
5.83275e-06
-9.35266e-21
1.15944e-16
1.19131e-05
-8.68147e-21
8.87917e-15
7.79972e-06
2.48132e-20
1.92248e-16
1.73901e-05
-7.34687e-21
-7.34617e-14
9.74357e-06
-1.53302e-20
1.65813e-15
2.22448e-05
-7.18919e-21
2.26387e-12
1.66808e-05
-5.08456e-20
-4.68736e-13
4.0571e-05
-1.97058e-20
2.78672e-12
1.72976e-05
-1.29229e-20
-7.73716e-13
4.36975e-05
-1.32302e-20
1.33713e-12
1.69961e-05
1.57549e-20
-7.38843e-13
4.31862e-05
4.04825e-20
-8.16263e-15
1.21277e-05
-4.61942e-20
1.15942e-15
1.26444e-05
-5.21094e-20
3.2876e-15
1.00588e-05
-5.2225e-21
-9.01087e-16
4.50291e-06
2.16014e-20
1.11338e-16
7.05042e-06
2.85026e-21
1.05779e-16
-3.4445e-06
0
-1.39891e-16
3.8837e-06
9.02383e-21
-2.64154e-17
-1.01975e-05
-6.46842e-21
6.88655e-17
1.36055e-06
1.10622e-19
8.97604e-18
-1.52053e-05
-6.49965e-21
-4.43069e-17
-1.46425e-07
3.26946e-20
-1.06788e-17
-1.82716e-05
-3.87586e-21
2.76809e-16
-7.59625e-07
7.05459e-20
1.72407e-17
-1.93797e-05
3.19851e-22
3.04806e-16
-8.09663e-07
1.42778e-19
-7.03288e-17
-1.8525e-05
-4.95781e-22
2.40855e-15
-5.74245e-07
2.78627e-20
7.39808e-17
-1.56165e-05
1.61765e-22
-8.18527e-15
-2.1871e-07
5.50825e-20
7.72303e-17
-1.04596e-05
-1.23854e-22
7.8256e-13
9.90882e-07
-3.37755e-20
-3.57016e-13
-6.59878e-06
-3.26422e-22
-3.49381e-22
2.74548e-23
-5.0777e-21
5.71677e-21
-1.31458e-21
-1.23737e-23
-1.69035e-21
3.34592e-23
4.69748e-20
-4.2244e-21
-4.99496e-21
6.64662e-23
7.32213e-22
3.95658e-23
-3.33566e-21
-1.36237e-21
1.17441e-20
4.59781e-22
1.2427e-22
4.86521e-22
1.70406e-21
-7.45354e-22
-2.15994e-20
-7.19197e-22
2.13828e-22
-1.51112e-22
1.81755e-20
2.39968e-21
7.88928e-21
1.04698e-21
3.8655e-23
-4.10524e-23
4.94289e-21
-1.62327e-21
-8.0069e-21
-5.81465e-22
1.48487e-22
2.62232e-22
0
-1.17967e-21
3.87245e-21
5.05758e-22
5.0784e-13
1.79696e-06
2.07102e-20
-4.25394e-13
4.81326e-05
-1.69423e-21
-3.94677e-15
6.10277e-07
-4.67526e-21
4.02551e-16
7.10932e-06
1.59879e-21
6.49721e-16
5.61556e-07
-8.81196e-21
-8.51166e-17
4.02486e-06
-2.31969e-21
-1.04038e-16
5.31052e-07
1.31067e-21
1.89644e-17
2.16251e-06
4.15084e-22
1.56744e-17
5.07921e-07
-3.98758e-21
-4.47572e-18
1.0507e-06
1.78172e-21
-2.01518e-18
4.85181e-07
-2.63811e-21
1.11874e-18
3.94149e-07
1.93048e-21
1.29255e-19
4.58329e-07
-4.81679e-21
-2.95501e-19
1.28273e-08
1.73071e-21
4.86094e-20
4.24385e-07
-4.1488e-21
8.04696e-20
-2.00999e-07
-3.30092e-22
-3.15943e-20
3.81343e-07
-5.6036e-21
-1.77202e-20
-3.10568e-07
1.89572e-21
1.31013e-20
3.27868e-07
-8.6633e-21
1.82702e-21
-3.52073e-07
-1.04101e-21
-4.7805e-21
2.63201e-07
-8.69252e-21
-5.68939e-22
-3.45424e-07
-1.60853e-21
1.62167e-21
1.87206e-07
-3.68116e-21
1.09383e-21
-3.00864e-07
2.24046e-22
-6.75431e-22
1.00557e-07
-7.72384e-21
-1.37858e-21
-2.23142e-07
2.53775e-21
2.75711e-22
5.07924e-09
-4.85842e-21
-2.85155e-21
-1.14368e-07
2.15751e-21
5.50876e-24
-9.57157e-08
-8.18088e-21
-4.18169e-22
2.35909e-08
7.56745e-22
4.7911e-23
-1.95806e-07
-5.13455e-21
-1.59787e-21
1.8642e-07
-1.85134e-22
-9.05329e-23
-2.8545e-07
-2.89482e-21
2.45658e-21
3.63452e-07
1.06608e-22
9.49567e-23
-3.49906e-07
-2.55046e-21
-7.97526e-21
5.31968e-07
-2.03694e-22
-1.18337e-22
-3.71218e-07
-1.20488e-21
4.11925e-21
6.54199e-07
-7.66427e-23
-5.4446e-23
-3.38588e-07
1.10466e-22
1.20761e-21
6.90732e-07
1.52465e-22
1.68903e-22
-2.61195e-07
7.49221e-22
-2.93602e-21
6.29291e-07
-2.68576e-22
3.20399e-23
-1.67179e-07
1.48733e-21
-2.18801e-21
4.99698e-07
-1.35598e-22
-7.77095e-24
-8.54975e-08
1.72233e-21
2.77655e-21
3.52965e-07
-9.30208e-23
-6.65631e-23
-2.98158e-08
1.29089e-21
-1.3531e-21
2.27429e-07
-8.59994e-23
1.58417e-23
1.34436e-09
4.19655e-22
9.40664e-22
1.36156e-07
3.53911e-23
-1.14307e-24
1.55687e-08
8.78663e-22
3.87113e-22
7.53981e-08
1.21939e-23
-1.68929e-23
1.99673e-08
6.49419e-22
4.97779e-22
3.67822e-08
-2.66147e-24
-5.15504e-24
1.94022e-08
5.0726e-22
-2.97672e-22
1.29273e-08
-1.30989e-24
2.37982e-24
1.67577e-08
1.30129e-22
-2.41406e-22
-1.47323e-09
4.26355e-24
3.38459e-24
1.35751e-08
1.76035e-22
2.08066e-22
-9.9494e-09
7.76022e-24
-3.78917e-24
1.05867e-08
7.19215e-23
-1.21875e-22
-1.47644e-08
0
1.11461e-24
8.07613e-09
4.42039e-23
1.14818e-22
-1.73419e-08
1.25901e-23
1.85878e-25
6.09851e-09
4.11612e-23
-8.27152e-24
-1.85675e-08
1.09888e-23
-8.68757e-26
4.60603e-09
3.12051e-23
-1.85257e-24
-1.89892e-08
3.75626e-24
1.16872e-24
3.51437e-09
1.87151e-23
-1.99031e-23
-1.89441e-08
2.18029e-24
2.22416e-25
2.73541e-09
5.25295e-24
-6.67778e-24
-1.86393e-08
2.16382e-24
-3.42506e-25
2.19114e-09
6.75584e-24
5.59703e-24
-1.82013e-08
-3.44084e-25
7.56214e-26
1.81813e-09
1.25803e-24
-1.49978e-24
-1.77072e-08
1.88476e-25
1.28242e-25
1.5673e-09
9.20211e-25
-3.0103e-24
-1.72036e-08
4.07099e-25
-1.71425e-26
1.40201e-09
1.49158e-24
1.34021e-24
-1.67185e-08
2.1682e-25
-3.7692e-27
1.29549e-09
7.22522e-25
1.33864e-24
-1.62684e-08
9.67361e-25
1.58739e-26
1.22863e-09
1.39181e-25
7.39376e-25
-1.58631e-08
5.28456e-25
6.10629e-27
1.1879e-09
1.66001e-25
-2.91764e-25
-1.55079e-08
0
3.54742e-26
1.16391e-09
7.79593e-26
-5.04921e-25
-1.52057e-08
1.29912e-25
-1.41908e-26
1.15014e-09
2.84981e-26
3.59945e-25
-1.49579e-08
1.3298e-25
9.77588e-27
1.14213e-09
-2.47612e-26
-9.68756e-26
-1.47653e-08
-2.7443e-26
-7.12698e-29
1.13683e-09
1.21215e-26
0
-1.46282e-08
1.02651e-26
-6.20162e-28
1.13218e-09
1.44304e-27
2.24904e-26
-1.45464e-08
0
0
5.64409e-10
0
0
-7.25986e-09
1.16411e-21
-2.03856e-17
1.65016e-06
-4.04556e-22
-1.22001e-18
3.23419e-06
0
0
2.76953e-07
0
0
5.16218e-07
-5.46415e-21
-7.01525e-17
3.17806e-06
5.11674e-21
-9.71492e-18
6.58335e-06
6.68751e-21
-9.05098e-17
4.6336e-06
1.97066e-21
-3.09809e-17
1.01472e-05
-1.25197e-21
1.25001e-16
6.04428e-06
1.6639e-20
-6.67063e-17
1.36522e-05
8.35702e-21
7.5495e-15
7.34158e-06
-4.07856e-20
-2.73936e-16
1.63599e-05
-8.55151e-21
9.22733e-15
8.37846e-06
-2.38173e-20
-4.26539e-16
1.74196e-05
2.05487e-20
-2.46803e-14
8.96201e-06
-1.76974e-20
7.35015e-16
1.62932e-05
-3.03071e-20
8.86179e-15
8.90065e-06
-2.11513e-20
-6.10388e-16
1.3012e-05
1.53903e-20
-6.87462e-16
8.07158e-06
-3.25561e-20
3.96812e-17
8.14121e-06
1.21554e-20
-3.73979e-16
6.52182e-06
-1.36252e-20
9.12927e-17
2.52928e-06
1.27203e-20
-5.18519e-19
4.53014e-06
9.80909e-21
-2.4773e-20
-2.98299e-06
0
6.92901e-19
2.53495e-06
-1.53868e-20
1.58796e-19
-7.75284e-06
-2.62385e-21
-1.19984e-18
9.38789e-07
3.80065e-20
-4.92417e-19
-1.13889e-05
2.06061e-21
4.92706e-18
-6.63321e-08
3.95648e-20
1.38783e-18
-1.37018e-05
7.42632e-22
-6.14287e-17
-5.20347e-07
2.42892e-21
-2.18004e-18
-1.461e-05
-4.61246e-22
-5.43859e-17
-5.86764e-07
4.4698e-21
1.1641e-17
-1.40497e-05
-5.01807e-23
-5.82282e-16
-4.3357e-07
1.06949e-19
-1.09707e-17
-1.19223e-05
-2.38964e-23
2.0267e-15
-1.78964e-07
1.67775e-20
-1.19426e-17
-8.09306e-06
-1.83771e-22
2.61299e-13
4.70395e-07
2.67963e-20
-1.23995e-13
-4.45171e-06
-1.59306e-22
1.40526e-12
2.02077e-06
-4.31618e-20
-8.23357e-13
1.82184e-05
6.96581e-23
7.59991e-23
-1.18983e-22
1.47957e-20
-7.51764e-22
1.04971e-20
3.76461e-22
-8.18596e-23
6.82731e-25
-6.31794e-21
-4.56177e-22
0
-3.77525e-23
4.00313e-23
-6.71963e-23
-5.03378e-22
1.69875e-21
-1.28811e-20
-2.47085e-22
-5.21969e-23
3.07715e-24
-1.11755e-20
6.83081e-22
7.16899e-21
6.88181e-23
1.88052e-22
8.20936e-23
1.41174e-20
2.87766e-21
7.4193e-21
-7.36775e-22
9.87513e-13
2.53046e-06
-1.86749e-20
-7.73551e-13
7.74441e-05
-6.73533e-22
1.69242e-13
1.00831e-06
-3.68799e-21
-1.46786e-13
2.45679e-05
0
6.49871e-16
4.76094e-07
-2.0486e-21
-7.63401e-17
5.74832e-06
5.42732e-22
-1.09402e-16
4.39001e-07
3.26974e-21
1.61934e-17
3.35424e-06
8.36383e-22
1.78235e-17
4.1555e-07
-2.24733e-21
-3.59584e-18
1.85339e-06
1.94329e-21
-2.73845e-18
3.98189e-07
-2.26016e-21
8.43586e-19
9.36337e-07
-9.42997e-22
3.66406e-19
3.81634e-07
-3.33987e-21
-2.10423e-19
3.86346e-07
1.78994e-21
-2.91674e-20
3.62315e-07
-2.69241e-21
5.6582e-20
6.28615e-08
-1.42654e-21
-6.00166e-21
3.37833e-07
-1.40849e-21
-1.76963e-20
-1.21293e-07
2.05894e-21
4.65996e-21
3.06583e-07
-1.07815e-21
3.42427e-21
-2.18465e-07
1.5491e-21
-1.98751e-21
2.67531e-07
-3.08534e-21
-8.1522e-22
-2.59135e-07
1.52425e-21
7.64262e-22
2.20148e-07
-3.2843e-21
-2.21372e-22
-2.604e-07
0
-2.36915e-22
1.64467e-07
-4.05094e-21
-1.45367e-21
-2.31407e-07
1.74363e-21
8.99027e-23
1.01256e-07
-5.93293e-21
-1.32936e-21
-1.76885e-07
-1.16018e-21
-4.62418e-23
3.23235e-08
-3.57106e-21
5.82582e-22
-9.96477e-08
8.93786e-22
-2.06926e-23
-3.90464e-08
-3.80554e-21
-2.22033e-21
-2.71163e-09
0
4.70823e-24
-1.07582e-07
-2.98533e-21
2.73063e-21
1.08522e-07
-2.15285e-22
4.6802e-23
-1.65651e-07
-1.32381e-21
-7.20146e-22
2.23884e-07
4.83399e-22
-2.20564e-23
-2.03824e-07
-1.65627e-21
-1.84187e-21
3.26829e-07
-1.13325e-22
-2.76951e-23
-2.13722e-07
-8.2573e-22
1.44388e-21
3.96612e-07
-3.18342e-23
-5.20806e-24
-1.93042e-07
2.57729e-22
0
4.1655e-07
8.52021e-23
-6.36847e-23
-1.49084e-07
6.66113e-22
3.79975e-21
3.84353e-07
1.54162e-22
-1.47481e-23
-9.63366e-08
1.22435e-21
-3.35357e-21
3.14962e-07
8.83579e-23
5.58048e-24
-4.90472e-08
7.17026e-22
2.59601e-21
2.31991e-07
3.53467e-23
-7.98153e-24
-1.50284e-08
8.54771e-22
1.37062e-22
1.55375e-07
-3.14315e-23
1.50564e-23
5.04882e-09
8.41345e-22
4.9002e-22
9.49843e-08
-2.42065e-23
-2.73894e-24
1.44662e-08
1.62781e-22
-2.0571e-22
5.20093e-08
-1.7829e-24
4.78368e-24
1.72108e-08
2.9215e-22
-4.73262e-23
2.33751e-08
-1.88222e-24
-5.02793e-24
1.64192e-08
8.9032e-23
2.59018e-22
5.13565e-09
7.27121e-25
-1.9833e-24
1.41147e-08
2.09234e-22
-1.76172e-22
-6.06637e-09
1.66586e-24
-1.5782e-25
1.14364e-08
7.3575e-23
7.45948e-23
-1.26922e-08
2.65793e-24
-1.59859e-24
8.94318e-09
5.07172e-23
7.05573e-23
-1.64205e-08
9.207e-25
0
6.85444e-09
2.29651e-24
6.79676e-23
-1.8351e-08
5.9036e-24
3.55465e-25
5.21138e-09
1.138e-23
-4.5765e-24
-1.91872e-08
-2.16116e-24
-5.67626e-25
3.97295e-09
5.61604e-24
0
-1.93721e-08
0
-5.06871e-25
3.06868e-09
4.41975e-24
-6.20503e-24
-1.91821e-08
1.94834e-24
1.61855e-25
2.42504e-09
3.25201e-24
-1.38867e-23
-1.87879e-08
3.28536e-24
8.81561e-26
1.97698e-09
1.06099e-24
0
-1.82945e-08
1.51285e-24
-9.75266e-26
1.67151e-09
1.55437e-24
-1.24855e-24
-1.77658e-08
1.4828e-24
-7.51405e-26
1.46763e-09
6.31132e-25
-4.17825e-25
-1.72406e-08
9.73723e-25
5.11429e-26
1.33471e-09
-4.90687e-25
-3.07058e-24
-1.67419e-08
5.63298e-25
-1.0604e-26
1.25038e-09
3.56291e-25
-1.6738e-24
-1.62833e-08
5.89075e-25
-7.871e-27
1.19863e-09
-8.57322e-26
2.46722e-25
-1.58725e-08
2.01915e-25
-1.29837e-26
1.16819e-09
-5.44914e-26
-1.13718e-24
-1.55137e-08
5.07486e-26
-7.73307e-27
1.15118e-09
1.27825e-26
7.92167e-25
-1.52093e-08
6.16575e-26
-2.99814e-27
1.14215e-09
-1.74979e-26
-2.34949e-25
-1.49601e-08
2.26528e-26
-7.39192e-27
1.13737e-09
1.01151e-26
8.16944e-26
-1.47666e-08
1.39806e-26
-3.89632e-27
1.13429e-09
-0
4.52779e-26
-1.46287e-08
-4.3414e-27
2.15616e-27
1.13114e-09
8.18718e-27
-4.83916e-27
-1.45466e-08
0
0
5.64253e-10
0
0
-7.25984e-09
1.48209e-21
3.30923e-18
1.1259e-06
9.26266e-22
3.02063e-19
2.34605e-06
0
0
1.8801e-07
0
0
3.65287e-07
-1.36765e-21
1.15768e-17
2.16862e-06
-2.36198e-21
2.24646e-18
4.70913e-06
-1.16191e-21
1.51018e-17
3.13621e-06
-1.13362e-20
6.63134e-18
7.02105e-06
-1.75864e-21
-2.10333e-17
4.03489e-06
4.74707e-21
1.33908e-17
9.09209e-06
-4.67192e-21
-1.28414e-15
4.81928e-06
-6.17544e-21
5.23908e-17
1.05255e-05
-4.74763e-21
-1.58776e-15
5.40046e-06
7.75562e-21
7.8559e-17
1.09032e-05
1.30643e-20
4.29459e-15
5.66738e-06
-2.3565e-21
-1.31288e-16
9.98804e-06
-1.24937e-20
-1.56002e-15
5.52126e-06
-0
1.06221e-16
7.83829e-06
4.99557e-21
1.22154e-16
4.92301e-06
-9.47933e-21
-6.74907e-18
4.78429e-06
3.02975e-21
6.5527e-17
3.93649e-06
1.7438e-21
-1.53663e-17
1.30293e-06
0
9.83214e-20
2.73703e-06
4.66256e-22
-7.68684e-21
-2.12943e-06
0
-4.58831e-20
1.55991e-06
-6.76749e-21
6.46282e-20
-5.13702e-06
-1.86359e-21
-3.05068e-19
6.09859e-07
1.55491e-20
-2.26003e-19
-7.47456e-06
-2.49197e-21
1.78225e-18
-1.08392e-08
1.32574e-20
6.5151e-19
-9.00295e-06
-2.456e-22
-1.16493e-18
-3.12355e-07
7.14807e-21
-1.97647e-18
-9.64137e-06
3.47758e-22
6.91162e-17
-3.73702e-07
1.95445e-20
3.29477e-18
-9.32289e-06
2.07733e-23
-1.52156e-16
-2.87912e-07
2.8539e-21
-6.62132e-18
-7.97088e-06
3.10748e-23
7.76106e-16
-1.29038e-07
-7.14702e-21
-5.4396e-18
-5.50887e-06
-9.12216e-23
-5.86641e-15
5.45758e-08
-7.45462e-21
2.21767e-16
-1.91865e-06
1.78897e-23
2.44057e-13
6.63676e-07
2.11229e-20
-1.42037e-13
5.53453e-06
6.0066e-23
7.04418e-13
1.53728e-06
-6.20314e-21
-4.6174e-13
2.61851e-05
8.35391e-23
1.44035e-12
2.83342e-06
2.53211e-21
-9.89262e-13
6.55531e-05
-3.10427e-22
1.46095e-22
-6.3965e-23
-8.97221e-22
1.48332e-21
-8.62244e-21
-2.65009e-22
1.27108e-12
2.95729e-06
-5.10964e-21
-9.41905e-13
8.8197e-05
3.89255e-22
5.49548e-13
1.72125e-06
9.81329e-21
-4.25006e-13
5.2085e-05
1.55827e-22
1.65041e-13
9.0634e-07
-5.0006e-21
-1.37862e-13
2.52327e-05
3.57644e-22
-3.28008e-15
3.62341e-07
-4.34759e-21
2.96736e-16
6.31468e-06
7.82796e-22
3.24241e-16
3.24898e-07
6.34197e-21
-3.51343e-17
4.0263e-06
5.65397e-22
-5.57128e-17
3.00559e-07
1.66706e-21
7.49396e-18
2.42893e-06
7.3082e-22
9.21618e-18
2.84912e-07
1.27638e-21
-1.66113e-18
1.3864e-06
7.21616e-22
-1.43899e-18
2.73529e-07
0
3.87961e-19
7.32517e-07
1.1924e-21
1.98257e-19
2.62973e-07
-6.22223e-22
-9.5624e-20
3.32905e-07
-1.87486e-22
-1.84226e-20
2.50798e-07
-1.04607e-21
2.52495e-20
9.38949e-08
1.30021e-21
-2.14681e-21
2.35332e-07
-4.20683e-22
-6.376e-21
-4.50245e-08
3.14364e-22
2.04298e-21
2.15451e-07
-1.18138e-21
1.69657e-21
-1.21106e-07
2.79351e-22
-9.29679e-22
1.90446e-07
-2.55917e-21
-1.25413e-21
-1.56423e-07
6.68117e-22
3.22362e-22
1.59981e-07
-1.3631e-21
-1.509e-22
-1.63574e-07
0
-1.23491e-22
1.24135e-07
-8.82115e-22
4.93837e-22
-1.49484e-07
8.51392e-23
4.84937e-23
8.35272e-08
-1.29494e-21
1.25938e-21
-1.17953e-07
-5.43239e-22
-4.05138e-23
3.95282e-08
-8.95256e-22
1.56827e-21
-7.14882e-08
5.69753e-22
-8.23655e-24
-5.47541e-09
-4.27278e-22
-2.33031e-21
-1.28145e-08
2.59843e-22
1.23254e-23
-4.78563e-08
-1.33319e-21
1.57952e-21
5.37297e-08
-9.6533e-23
-3.0131e-23
-8.28125e-08
-5.79542e-22
-1.64552e-21
1.21085e-07
2.60604e-22
-3.4911e-23
-1.05164e-07
-3.64135e-22
-2.84872e-21
1.79397e-07
1.57723e-23
-6.92372e-24
-1.11146e-07
-1.01724e-22
6.90817e-22
2.1802e-07
1.22713e-23
-1.29553e-23
-1.00576e-07
1.7475e-22
1.0644e-21
2.29568e-07
-1.28286e-22
-2.84487e-24
-7.77783e-08
1.47424e-22
-1.30653e-21
2.13734e-07
-8.79664e-23
-1.64079e-23
-5.00745e-08
4.44096e-22
-6.20205e-22
1.77773e-07
-3.64596e-23
-7.27173e-24
-2.45855e-08
-0
0
1.32909e-07
-3.50612e-23
-5.34798e-24
-5.59935e-09
5.37015e-22
-2.77552e-22
8.93308e-08
1.96384e-23
9.41674e-25
5.97848e-09
4.58748e-23
6.75058e-23
5.31228e-08
6.77786e-24
1.28367e-24
1.14727e-08
2.46204e-22
-1.43993e-22
2.61322e-08
-6.95824e-25
-2.56324e-24
1.29306e-08
1.80631e-22
3.01637e-22
7.52747e-09
0
-5.59162e-25
1.21647e-08
3.98714e-23
-1.8493e-22
-4.55344e-09
-1.81817e-24
-7.22951e-25
1.04331e-08
4.05431e-23
-4.74332e-23
-1.19999e-08
1.62402e-24
1.27351e-24
8.47767e-09
6.8036e-24
-1.5054e-22
-1.63366e-08
2.37271e-24
1.47268e-25
6.67231e-09
3.05924e-23
2.18523e-23
-1.86664e-08
4.71067e-24
1.86244e-25
5.16551e-09
5.06447e-24
4.4286e-23
-1.97397e-08
2.93606e-24
-3.80843e-25
3.98367e-09
2.16962e-23
-6.63493e-24
-2.00486e-08
1.17126e-24
7.33981e-26
3.0959e-09
4.10948e-24
4.46655e-24
-1.99083e-08
3.74146e-24
2.28889e-25
2.45066e-09
-0
4.50493e-24
-1.95168e-08
0
-1.56375e-25
1.99436e-09
1.58123e-24
3.02605e-24
-1.89975e-08
1.29093e-24
7.03361e-26
1.67962e-09
1.1593e-24
8.12285e-24
-1.84262e-08
9.44406e-25
6.76754e-26
1.46782e-09
3.77024e-25
1.81514e-24
-1.78488e-08
0
1.99142e-26
1.3291e-09
3.67089e-25
1.21528e-24
-1.7293e-08
4.78282e-25
-1.11395e-26
1.24111e-09
2.22809e-25
-1.21834e-24
-1.67751e-08
7.93719e-25
-5.53552e-27
1.18757e-09
2.58698e-25
-1.62424e-24
-1.63043e-08
1.87953e-25
4.08906e-27
1.15681e-09
1.45171e-25
8.08606e-25
-1.58858e-08
1.54131e-25
1.0726e-26
1.14063e-09
-0
-2.96115e-25
-1.55221e-08
1.35232e-25
-4.00133e-28
1.13329e-09
-1.85344e-26
1.54287e-25
-1.52145e-08
-1.87411e-26
1.10092e-26
1.13083e-09
3.38127e-26
9.83358e-26
-1.49633e-08
1.71986e-26
3.87993e-27
1.13054e-09
3.66347e-27
6.01208e-26
-1.47684e-08
7.08411e-27
-1.90377e-27
1.13055e-09
5.72137e-27
-3.35905e-26
-1.46297e-08
6.62167e-27
7.33849e-28
1.12956e-09
1.27116e-27
-1.45614e-26
-1.4547e-08
0
0
5.6401e-10
0
0
-7.25987e-09
2.98276e-23
-4.42252e-19
5.57299e-07
5.6027e-22
-4.89845e-20
1.15176e-06
0
0
9.14544e-08
0
0
1.62056e-07
3.77103e-22
-1.57579e-18
1.08057e-06
-7.79624e-22
-3.57577e-19
2.34927e-06
6.9756e-22
-2.07909e-18
1.56061e-06
1.10798e-21
-1.02591e-18
3.47546e-06
0
2.91936e-18
1.99593e-06
7.34835e-22
-2.01593e-18
4.43043e-06
-3.80127e-21
1.8004e-16
2.3643e-06
-0
-7.70472e-18
5.04122e-06
-1.09302e-21
2.24809e-16
2.62459e-06
-2.31808e-21
-1.13336e-17
5.13802e-06
2.13018e-21
-6.13448e-16
2.72744e-06
-2.78034e-21
1.86388e-17
4.63481e-06
-1.00967e-21
2.25039e-16
2.63283e-06
6.46948e-21
-1.48853e-17
3.57183e-06
9.32713e-22
-1.78218e-17
2.33111e-06
9.12347e-22
9.36334e-19
2.10314e-06
1.67756e-21
-9.66097e-18
1.85905e-06
-1.49701e-21
2.12112e-18
4.43687e-07
-3.65739e-21
-1.52293e-20
1.29826e-06
-2.38183e-21
0
-1.19215e-06
6.14042e-22
1.73522e-20
7.51424e-07
-2.17777e-21
1.11625e-21
-2.63259e-06
9.79603e-22
-1.88142e-20
3.06371e-07
5.43028e-21
-7.54439e-21
-3.76119e-06
7.24913e-22
6.20906e-20
8.76642e-09
6.29847e-21
1.92428e-20
-4.5067e-06
2.36189e-22
-1.37869e-18
-1.42398e-07
-1.96356e-21
-1.06216e-20
-4.82315e-06
-2.89269e-23
-3.22591e-18
-1.79041e-07
5.31427e-21
1.98743e-19
-4.67184e-06
-2.33283e-24
-8.98513e-18
-1.42257e-07
-0
-1.21083e-19
-4.01325e-06
2.71333e-23
2.38323e-17
-6.72904e-08
7.54989e-21
-1.25352e-19
-2.81534e-06
1.48709e-23
2.64372e-16
2.12028e-08
3.84317e-21
-1.0961e-17
-1.08659e-06
-3.23449e-23
1.42144e-15
1.07072e-07
-1.3061e-21
-7.22412e-17
1.06082e-06
-5.87604e-23
-6.43872e-15
1.7887e-07
3.48449e-21
4.02407e-16
3.33952e-06
6.26666e-23
9.9458e-14
5.70294e-07
1.20011e-22
-7.12696e-14
1.23268e-05
2.00494e-22
1.28333e-13
5.96391e-07
0
-8.98324e-14
1.5396e-05
3.74158e-23
8.46638e-14
5.92044e-07
-8.48439e-22
-7.06475e-14
1.68436e-05
1.28017e-22
-4.96169e-15
2.31031e-07
1.21312e-21
3.84534e-16
5.75722e-06
-4.81722e-23
9.99532e-16
2.0625e-07
2.2412e-21
-7.5938e-17
4.50319e-06
0
1.72104e-16
1.83049e-07
2.54463e-21
-1.38551e-17
3.20503e-06
-5.65469e-23
8.8811e-18
1.6534e-07
0
-1.04713e-18
2.12208e-06
5.83909e-23
-1.55077e-18
1.53359e-07
0
2.24641e-19
1.32952e-06
0
2.59649e-19
1.45514e-07
-9.6052e-22
-4.9833e-20
7.94348e-07
1.7192e-22
-4.09524e-20
1.39847e-07
1.18718e-22
1.16608e-20
4.49965e-07
0
5.93015e-21
1.34694e-07
-2.87974e-22
-3.02454e-21
2.34548e-07
5.13547e-23
-5.77377e-22
1.28824e-07
-1.0988e-22
3.16444e-22
1.02188e-07
2.35917e-22
-4.8017e-23
1.2138e-07
-1.54691e-22
-3.18405e-22
2.22071e-08
8.50306e-23
5.00404e-23
1.11782e-07
1.42838e-22
-1.98812e-22
-2.46594e-08
2.2526e-22
-2.53913e-23
9.96726e-08
-1.72855e-22
7.76443e-22
-4.99762e-08
-1.29743e-22
1.99667e-24
8.48853e-08
-7.69614e-23
-7.62703e-23
-6.04138e-08
1.09359e-22
-6.71115e-24
6.7473e-08
-4.69243e-22
-4.15082e-22
-5.96875e-08
1.34293e-22
2.02878e-24
4.7769e-08
-2.27378e-22
-5.42961e-22
-4.98814e-08
-1.06044e-22
-2.38417e-24
2.64898e-08
-4.19241e-22
-6.87877e-22
-3.24071e-08
5.32391e-23
-2.73112e-24
4.8522e-09
-4.73703e-22
-1.05719e-22
-8.77676e-09
-1.87393e-22
-6.08502e-24
-1.53573e-08
-1.06416e-22
6.71815e-22
1.87434e-08
-4.73475e-23
-1.31126e-23
-3.18942e-08
-1.03594e-22
8.11336e-22
4.67227e-08
0
-1.01756e-23
-4.25066e-08
1.71999e-23
1.16349e-22
7.07154e-08
2.63364e-24
-1.00378e-23
-4.57275e-08
-4.55722e-24
5.62021e-22
8.62423e-08
-2.21871e-24
-3.12769e-24
-4.16715e-08
-0
-2.0772e-22
9.03833e-08
3.23211e-23
-2.75997e-24
-3.22604e-08
3.61159e-23
3.65674e-22
8.30891e-08
-1.78132e-23
0
-2.0561e-08
1.35416e-22
-3.06303e-22
6.72442e-08
1.2543e-23
-7.22857e-24
-9.56849e-09
4.1706e-23
6.11686e-23
4.73419e-08
-2.86653e-24
-6.75482e-24
-1.19475e-09
8.36653e-23
3.27779e-22
2.76486e-08
1.55714e-23
0
4.01293e-09
3.92887e-23
6.91822e-23
1.09513e-08
-7.0064e-24
0
6.49834e-09
-0
2.48503e-23
-1.67492e-09
-3.80887e-26
8.99121e-25
7.1089e-09
-0
5.24662e-23
-1.03882e-08
1.31243e-24
-1.18631e-24
6.65957e-09
1.48167e-23
-2.42602e-23
-1.59326e-08
-1.42104e-24
-3.85703e-25
5.7461e-09
-0
2.49873e-23
-1.91656e-08
5.58692e-25
1.24066e-25
4.73126e-09
-7.51308e-24
0
-2.08266e-08
2.30922e-24
-1.58327e-25
3.80126e-09
1.86997e-24
-1.15638e-23
-2.14726e-08
1.47675e-24
1.50549e-25
3.03034e-09
3.70333e-24
-2.60724e-24
-2.14918e-08
2.99928e-25
-1.26553e-25
2.43093e-09
1.36935e-24
-8.79671e-24
-2.11429e-08
-2.1189e-24
-3.97018e-26
1.98607e-09
8.97156e-25
8.29582e-24
-2.05922e-08
1.62082e-24
-4.95992e-26
1.66823e-09
-0
3.98618e-24
-1.9945e-08
-4.55571e-25
0
1.44889e-09
2.15015e-25
0
-1.92661e-08
1.2594e-24
-1.43295e-26
1.30287e-09
6.29752e-25
0
-1.8595e-08
0
1.47273e-26
1.20968e-09
1.02297e-25
-2.41134e-25
-1.79551e-08
1.47865e-25
3.61664e-27
1.15346e-09
-0
3.22973e-25
-1.73602e-08
-7.86941e-26
2.21029e-27
1.1224e-09
-0
9.71641e-25
-1.68176e-08
-6.20949e-26
-2.01675e-27
1.10785e-09
7.00652e-26
5.7593e-25
-1.63312e-08
-2.15001e-26
-2.44161e-27
1.10368e-09
2.24638e-26
-4.78125e-26
-1.59029e-08
-5.49711e-26
-2.69501e-27
1.10554e-09
2.67616e-26
1.26172e-25
-1.55329e-08
-1.10097e-26
-1.6843e-27
1.11044e-09
-1.00448e-26
0
-1.52213e-08
1.60237e-26
1.16767e-27
1.11628e-09
9.17393e-27
-2.62818e-26
-1.49675e-08
2.45803e-27
-9.44991e-28
1.12166e-09
-0
0
-1.47709e-08
0
4.93673e-28
1.1256e-09
-0
4.53791e-27
-1.4631e-08
-3.27063e-28
-1.76896e-28
1.12741e-09
4.72668e-28
1.99511e-27
-1.45475e-08
0
0
5.63674e-10
0
0
-7.25994e-09
0
0
8.96506e-08
0
0
1.58151e-07
0
0
1.37243e-08
0
0
1.0455e-08
0
0
1.7686e-07
0
0
3.54814e-07
0
0
2.56647e-07
0
0
5.35387e-07
0
0
3.28486e-07
0
0
6.8304e-07
0
0
3.88708e-07
0
0
7.70707e-07
0
0
4.3067e-07
0
0
7.72823e-07
0
0
4.46512e-07
0
0
6.776e-07
0
0
4.30046e-07
0
0
4.9325e-07
0
0
3.80159e-07
0
0
2.45742e-07
0
0
3.03115e-07
0
0
-2.96583e-08
0
0
2.12125e-07
0
0
-2.9806e-07
0
0
1.23507e-07
0
0
-5.31561e-07
0
0
5.11731e-08
0
0
-7.1123e-07
0
0
2.46925e-09
0
0
-8.25483e-07
0
0
-2.25623e-08
0
0
-8.66906e-07
0
0
-2.88469e-08
0
0
-8.2942e-07
0
0
-2.29379e-08
0
0
-7.07074e-07
0
0
-1.06013e-08
0
0
-4.95587e-07
0
0
4.03538e-09
0
0
-1.97964e-07
0
0
1.82305e-08
0
0
1.65256e-07
0
0
3.00827e-08
0
0
5.45845e-07
0
0
3.82459e-08
0
0
8.70373e-07
0
0
4.20925e-08
0
0
1.06558e-06
0
0
4.20273e-08
0
0
1.09601e-06
0
0
3.92352e-08
0
0
9.83206e-07
0
0
3.53089e-08
0
0
7.89833e-07
0
0
3.1546e-08
0
0
5.82591e-07
0
0
2.85958e-08
0
0
4.04593e-07
0
0
2.6543e-08
0
0
2.70744e-07
0
0
2.51605e-08
0
0
1.77819e-07
0
0
2.414e-08
0
0
1.1599e-07
0
0
2.32103e-08
0
0
7.54943e-08
0
0
2.21679e-08
0
0
4.88827e-08
0
0
2.08702e-08
0
0
3.11115e-08
0
0
1.92212e-08
0
0
1.89946e-08
0
0
1.71618e-08
0
0
1.0617e-08
0
0
1.46653e-08
0
0
4.87871e-09
0
0
1.17416e-08
0
0
1.17535e-09
0
0
8.44793e-09
0
0
-8.21731e-10
0
0
4.90485e-09
0
0
-1.32485e-09
0
0
1.31545e-09
0
0
-5.58457e-10
0
0
-2.02581e-09
0
0
1.13419e-09
0
0
-4.75536e-09
0
0
3.22755e-09
0
0
-6.51664e-09
0
0
5.04149e-09
0
0
-7.08534e-09
0
0
5.89451e-09
0
0
-6.48806e-09
0
0
5.34054e-09
0
0
-5.03028e-09
0
0
3.35711e-09
0
0
-3.19238e-09
0
0
3.50561e-10
0
0
-1.44537e-09
0
0
-3.03683e-09
0
0
-9.66684e-11
0
0
-6.19416e-09
0
0
7.57012e-10
0
0
-8.72879e-09
0
0
1.17725e-09
0
0
-1.05062e-08
0
0
1.29468e-09
0
0
-1.15812e-08
0
0
1.23907e-09
0
0
-1.20991e-08
0
0
1.10708e-09
0
0
-1.22203e-08
0
0
9.58221e-10
0
0
-1.20816e-08
0
0
8.23151e-10
0
0
-1.17857e-08
0
0
7.14057e-10
0
0
-1.14041e-08
0
0
6.32846e-10
0
0
-1.09836e-08
0
0
5.76548e-10
0
0
-1.05542e-08
0
0
5.40443e-10
0
0
-1.01342e-08
0
0
5.19679e-10
0
0
-9.73447e-09
0
0
5.09988e-10
0
0
-9.36122e-09
0
0
5.07907e-10
0
0
-9.01771e-09
0
0
5.10773e-10
0
0
-8.70541e-09
0
0
5.16607e-10
0
0
-8.4248e-09
0
0
5.23976e-10
0
0
-8.17576e-09
0
0
5.31866e-10
0
0
-7.95785e-09
0
0
5.39571e-10
0
0
-7.77053e-09
0
0
5.46605e-10
0
0
-7.6132e-09
0
0
5.52641e-10
0
0
-7.48531e-09
0
0
5.57457e-10
0
0
-7.38639e-09
0
0
5.60901e-10
0
0
-7.31604e-09
0
0
5.62869e-10
0
0
-7.27398e-09
0
0
2.81704e-10
0
0
-3.63e-09
