0.0333333 0.0333333 3.77042e-06
0.1 0.0333333 1.33556e-05
0.166667 0.0333333 2.81006e-05
0.233333 0.0333333 4.06273e-05
0.3 0.0333333 4.37923e-05
0.366667 0.0333333 3.47187e-05
0.433333 0.0333333 1.67717e-05
0.5 0.0333333 2.80915e-06
0.566667 0.0333333 1.76508e-05
0.633333 0.0333333 2.51438e-05
0.7 0.0333333 2.60598e-05
0.766667 0.0333333 2.26617e-05
0.833333 0.0333333 1.72537e-05
0.9 0.0333333 1.15744e-05
0.966667 0.0333333 6.67689e-06
1.03333 0.0333333 3.01721e-06
1.1 0.0333333 6.31885e-07
1.16667 0.0333333 6.7289e-07
1.23333 0.0333333 1.17443e-06
1.3 0.0333333 1.14781e-06
1.36667 0.0333333 8.28884e-07
1.43333 0.0333333 4.02964e-07
1.5 0.0333333 2.10659e-09
1.56667 0.0333333 2.94862e-07
1.63333 0.0333333 4.58289e-07
1.7 0.0333333 4.97406e-07
1.76667 0.0333333 4.44911e-07
1.83333 0.0333333 3.40815e-07
1.9 0.0333333 2.20237e-07
1.96667 0.0333333 1.07443e-07
2.03333 0.0333333 1.53593e-08
2.1 0.0333333 5.17975e-08
2.16667 0.0333333 9.50953e-08
2.23333 0.0333333 1.18026e-07
2.3 0.0333333 1.24644e-07
2.36667 0.0333333 1.18604e-07
2.43333 0.0333333 1.02803e-07
2.5 0.0333333 7.9395e-08
2.56667 0.0333333 4.9995e-08
2.63333 0.0333333 1.59876e-08
2.7 0.0333333 2.10967e-08
2.76667 0.0333333 5.91805e-08
2.83333 0.0333333 9.53255e-08
2.9 0.0333333 1.25732e-07
2.96667 0.0333333 1.46322e-07
3.03333 0.0333333 1.53931e-07
3.1 0.0333333 1.4763e-07
3.16667 0.0333333 1.2936e-07
3.23333 0.0333333 1.03347e-07
3.3 0.0333333 7.45785e-08
3.36667 0.0333333 4.72157e-08
3.43333 0.0333333 2.37445e-08
3.5 0.0333333 5.00183e-09
3.56667 0.0333333 9.27466e-09
3.63333 0.0333333 1.98296e-08
3.7 0.0333333 2.7453e-08
3.76667 0.0333333 3.27529e-08
3.83333 0.0333333 3.60702e-08
3.9 0.0333333 3.74769e-08
3.96667 0.0333333 3.6846e-08
4.03333 0.0333333 3.40033e-08
4.1 0.0333333 2.89384e-08
4.16667 0.0333333 2.19749e-08
4.23333 0.0333333 1.37808e-08
4.3 0.0333333 5.18124e-09
4.36667 0.0333333 3.12174e-09
4.43333 0.0333333 1.07463e-08
4.5 0.0333333 1.76116e-08
4.56667 0.0333333 2.36002e-08
4.63333 0.0333333 2.76659e-08
4.7 0.0333333 2.77601e-08
4.76667 0.0333333 2.2768e-08
4.83333 0.0333333 1.43537e-08
4.9 0.0333333 6.25255e-09
4.96667 0.0333333 1.60636e-09
0.0333333 0.1 1.44113e-05
0.1 0.1 1.87238e-05
0.166667 0.1 2.61839e-05
0.233333 0.1 3.33891e-05
0.3 0.1 3.5612e-05
0.366667 0.1 2.97379e-05
0.433333 0.1 1.64889e-05
0.5 0.1 2.89999e-07
0.566667 0.1 1.34125e-05
0.633333 0.1 2.14827e-05
0.7 0.1 2.36733e-05
0.766667 0.1 2.14993e-05
0.833333 0.1 1.69405e-05
0.9 0.1 1.17371e-05
0.966667 0.1 7.06402e-06
1.03333 0.1 3.48285e-06
1.1 0.1 1.08526e-06
1.16667 0.1 2.95854e-07
1.23333 0.1 9.15086e-07
1.3 0.1 1.02104e-06
1.36667 0.1 8.23273e-07
1.43333 0.1 4.87241e-07
1.5 0.1 1.35783e-07
1.56667 0.1 1.50337e-07
1.63333 0.1 3.31383e-07
1.7 0.1 4.03419e-07
1.76667 0.1 3.87535e-07
1.83333 0.1 3.16116e-07
1.9 0.1 2.20769e-07
1.96667 0.1 1.25186e-07
2.03333 0.1 4.33043e-08
2.1 0.1 1.90847e-08
2.16667 0.1 6.14967e-08
2.23333 0.1 8.61641e-08
2.3 0.1 9.62465e-08
2.36667 0.1 9.48285e-08
2.43333 0.1 8.44909e-08
2.5 0.1 6.72306e-08
2.56667 0.1 4.45737e-08
2.63333 0.1 1.77844e-08
2.7 0.1 1.18765e-08
2.76667 0.1 4.28713e-08
2.83333 0.1 7.3116e-08
2.9 0.1 9.98169e-08
2.96667 0.1 1.19646e-07
3.03333 0.1 1.29487e-07
3.1 0.1 1.27642e-07
3.16667 0.1 1.14822e-07
3.23333 0.1 9.41347e-08
3.3 0.1 6.99127e-08
3.36667 0.1 4.61144e-08
3.43333 0.1 2.52646e-08
3.5 0.1 8.32451e-09
3.56667 0.1 4.82422e-09
3.63333 0.1 1.47913e-08
3.7 0.1 2.22693e-08
3.76667 0.1 2.78263e-08
3.83333 0.1 3.182e-08
3.9 0.1 3.43499e-08
3.96667 0.1 3.52333e-08
4.03333 0.1 3.40763e-08
4.1 0.1 3.05211e-08
4.16667 0.1 2.46028e-08
4.23333 0.1 1.69496e-08
4.3 0.1 8.61318e-09
4.36667 0.1 6.19911e-10
4.43333 0.1 6.43556e-09
4.5 0.1 1.25164e-08
4.56667 0.1 1.81001e-08
4.63333 0.1 2.42797e-08
4.7 0.1 2.92067e-08
4.76667 0.1 2.76443e-08
4.83333 0.1 1.96468e-08
4.9 0.1 1.09569e-08
4.96667 0.1 5.93709e-09
0.0333333 0.166667 3.36251e-05
0.1 0.166667 2.87839e-05
0.166667 0.166667 2.38633e-05
0.233333 0.166667 2.03145e-05
0.3 0.166667 1.99479e-05
0.366667 0.166667 2.10333e-05
0.433333 0.166667 1.74697e-05
0.5 0.166667 6.85111e-06
0.566667 0.166667 6.80635e-06
0.633333 0.166667 1.69881e-05
0.7 0.166667 2.15982e-05
0.766667 0.166667 2.12432e-05
0.833333 0.166667 1.76474e-05
0.9 0.166667 1.27749e-05
0.966667 0.166667 8.13693e-06
1.03333 0.166667 4.49603e-06
1.1 0.166667 1.9923e-06
1.16667 0.166667 4.47999e-07
1.23333 0.166667 3.90393e-07
1.3 0.166667 7.43296e-07
1.36667 0.166667 7.78813e-07
1.43333 0.166667 6.23562e-07
1.5 0.166667 3.76507e-07
1.56667 0.166667 1.16602e-07
1.63333 0.166667 9.8241e-08
1.7 0.166667 2.36207e-07
1.76667 0.166667 2.92806e-07
1.83333 0.166667 2.84176e-07
1.9 0.166667 2.35419e-07
1.96667 0.166667 1.70184e-07
2.03333 0.166667 1.05275e-07
2.1 0.166667 4.99872e-08
2.16667 0.166667 7.89308e-09
2.23333 0.166667 2.09033e-08
2.3 0.166667 3.79766e-08
2.36667 0.166667 4.54434e-08
2.43333 0.166667 4.53622e-08
2.5 0.166667 3.94918e-08
2.56667 0.166667 2.92532e-08
2.63333 0.166667 1.57867e-08
2.7 0.166667 3.13543e-11
2.76667 0.166667 1.7209e-08
2.83333 0.166667 3.52049e-08
2.9 0.166667 5.31795e-08
2.96667 0.166667 6.98786e-08
3.03333 0.166667 8.31205e-08
3.1 0.166667 9.00177e-08
3.16667 0.166667 8.83894e-08
3.23333 0.166667 7.84008e-08
3.3 0.166667 6.277e-08
3.36667 0.166667 4.52356e-08
3.43333 0.166667 2.87438e-08
3.5 0.166667 1.4732e-08
3.56667 0.166667 3.45411e-09
3.63333 0.166667 5.43019e-09
3.7 0.166667 1.245e-08
3.76667 0.166667 1.81349e-08
3.83333 0.166667 2.29316e-08
3.9 0.166667 2.71371e-08
3.96667 0.166667 3.07178e-08
4.03333 0.166667 3.30505e-08
4.1 0.166667 3.30155e-08
4.16667 0.166667 2.97246e-08
4.23333 0.166667 2.3415e-08
4.3 0.166667 1.55744e-08
4.36667 0.166667 8.07085e-09
4.43333 0.166667 2.14543e-09
4.5 0.166667 1.95679e-09
4.56667 0.166667 4.79582e-09
4.63333 0.166667 8.19798e-09
4.7 0.166667 2.10234e-08
4.76667 0.166667 4.10162e-08
4.83333 0.166667 3.84388e-08
4.9 0.166667 1.72863e-08
4.96667 0.166667 1.28145e-08
0.0333333 0.233333 5.59055e-05
0.1 0.233333 4.05879e-05
0.166667 0.233333 1.92393e-05
0.233333 0.233333 2.71575e-07
0.3 0.233333 1.59119e-05
0.366667 0.233333 3.16015e-06
0.433333 0.233333 2.19584e-05
0.5 0.233333 1.81304e-05
0.566667 0.233333 1.49773e-06
0.633333 0.233333 1.26898e-05
0.7 0.233333 2.10222e-05
0.766667 0.233333 2.29524e-05
0.833333 0.233333 2.00546e-05
0.9 0.233333 1.49554e-05
0.966667 0.233333 9.89307e-06
1.03333 0.233333 5.96066e-06
1.1 0.233333 3.26953e-06
1.16667 0.233333 1.51508e-06
1.23333 0.233333 3.95636e-07
1.3 0.233333 2.92384e-07
1.36667 0.233333 6.70415e-07
1.43333 0.233333 8.03538e-07
1.5 0.233333 7.36946e-07
1.56667 0.233333 5.29003e-07
1.63333 0.233333 2.6028e-07
1.7 0.233333 1.23503e-08
1.76667 0.233333 1.61752e-07
1.83333 0.233333 2.49384e-07
1.9 0.233333 2.67285e-07
1.96667 0.233333 2.42335e-07
2.03333 0.233333 1.98061e-07
2.1 0.233333 1.5004e-07
2.16667 0.233333 1.06606e-07
2.23333 0.233333 7.11245e-08
2.3 0.233333 4.40894e-08
2.36667 0.233333 2.45917e-08
2.43333 0.233333 1.12005e-08
2.5 0.233333 2.42469e-09
2.56667 0.233333 3.0819e-09
2.63333 0.233333 6.43737e-09
2.7 0.233333 8.47206e-09
2.76667 0.233333 9.61383e-09
2.83333 0.233333 9.68216e-09
2.9 0.233333 7.64601e-09
2.96667 0.233333 8.6521e-10
3.03333 0.233333 1.27644e-08
3.1 0.233333 3.12989e-08
3.16667 0.233333 4.78409e-08
3.23333 0.233333 5.56273e-08
3.3 0.233333 5.33511e-08
3.36667 0.233333 4.45662e-08
3.43333 0.233333 3.3603e-08
3.5 0.233333 2.31072e-08
3.56667 0.233333 1.40769e-08
3.63333 0.233333 6.65458e-09
3.7 0.233333 5.64049e-10
3.76667 0.233333 4.65069e-09
3.83333 0.233333 9.5396e-09
3.9 0.233333 1.47334e-08
3.96667 0.233333 2.09062e-08
4.03333 0.233333 2.80767e-08
4.1 0.233333 3.43131e-08
4.16667 0.233333 3.6395e-08
4.23333 0.233333 3.27066e-08
4.3 0.233333 2.50967e-08
4.36667 0.233333 1.74298e-08
4.43333 0.233333 1.2439e-08
4.5 0.233333 1.08453e-08
4.56667 0.233333 1.25083e-08
4.63333 0.233333 1.8384e-08
4.7 0.233333 3.14616e-08
4.76667 0.233333 1.01224e-06
4.83333 0.233333 4.00957e-08
4.9 0.233333 2.01704e-08
4.96667 0.233333 1.90801e-08
0.0333333 0.3 7.27772e-05
0.1 0.3 4.97691e-05
0.166667 0.3 1.46308e-05
0.233333 0.3 3.41119e-05
0.3 0.3 0.000112369
0.366667 0.3 6.28245e-05
0.433333 0.3 3.44208e-05
0.5 0.3 3.0116e-05
0.566667 0.3 1.04322e-05
0.633333 0.3 9.16843e-06
0.7 0.3 2.24976e-05
0.766667 0.3 2.70401e-05
0.833333 0.3 2.42935e-05
0.9 0.3 1.79537e-05
0.966667 0.3 1.18028e-05
1.03333 0.3 7.5334e-06
1.1 0.3 4.763e-06
1.16667 0.3 2.86914e-06
1.23333 0.3 1.50207e-06
1.3 0.3 4.51887e-07
1.36667 0.3 3.71207e-07
1.43333 0.3 9.49421e-07
1.5 0.3 1.20858e-06
1.56667 0.3 1.12342e-06
1.63333 0.3 7.84595e-07
1.7 0.3 3.63464e-07
1.76667 0.3 9.28594e-09
1.83333 0.3 2.14045e-07
1.9 0.3 3.16425e-07
1.96667 0.3 3.37095e-07
2.03333 0.3 3.13311e-07
2.1 0.3 2.7052e-07
2.16667 0.3 2.23378e-07
2.23333 0.3 1.79085e-07
2.3 0.3 1.40361e-07
2.36667 0.3 1.07526e-07
2.43333 0.3 7.97634e-08
2.5 0.3 5.58379e-08
2.56667 0.3 3.44535e-08
2.63333 0.3 1.44276e-08
2.7 0.3 5.20754e-09
2.76667 0.3 2.50813e-08
2.83333 0.3 4.52556e-08
2.9 0.3 6.49126e-08
2.96667 0.3 8.26088e-08
3.03333 0.3 8.42247e-08
3.1 0.3 5.8909e-08
3.16667 0.3 1.58018e-08
3.23333 0.3 2.16481e-08
3.3 0.3 4.00453e-08
3.36667 0.3 4.29621e-08
3.43333 0.3 3.85146e-08
3.5 0.3 3.16934e-08
3.56667 0.3 2.50072e-08
3.63333 0.3 1.93281e-08
3.7 0.3 1.47312e-08
3.76667 0.3 1.09282e-08
3.83333 0.3 7.41838e-09
3.9 0.3 3.43901e-09
3.96667 0.3 2.25735e-09
4.03333 0.3 1.21443e-08
4.1 0.3 2.7636e-08
4.16667 0.3 4.15358e-08
4.23333 0.3 4.40232e-08
4.3 0.3 3.59044e-08
4.36667 0.3 2.56306e-08
4.43333 0.3 2.04306e-08
4.5 0.3 2.05702e-08
4.56667 0.3 2.48919e-08
4.63333 0.3 3.50985e-08
4.7 0.3 6.43446e-08
4.76667 0.3 5.24788e-08
4.83333 0.3 6.96886e-09
4.9 0.3 1.81145e-08
4.96667 0.3 2.12921e-08
0.0333333 0.366667 7.65714e-05
0.1 0.366667 5.19947e-05
0.166667 0.366667 1.45435e-05
0.233333 0.366667 3.92692e-05
0.3 0.366667 0.000146954
0.366667 0.366667 6.84194e-05
0.433333 0.366667 5.32447e-05
0.5 0.366667 4.01449e-05
0.566667 0.366667 1.78476e-05
0.633333 0.366667 1.86069e-05
0.7 0.366667 4.99069e-05
0.766667 0.366667 5.7077e-05
0.833333 0.366667 5.44537e-05
0.9 0.366667 2.06188e-05
0.966667 0.366667 1.30528e-05
1.03333 0.366667 8.96964e-06
1.1 0.366667 6.31318e-06
1.16667 0.366667 4.43301e-06
1.23333 0.366667 2.95689e-06
1.3 0.366667 1.64226e-06
1.36667 0.366667 3.35065e-07
1.43333 0.366667 9.00432e-07
1.5 0.366667 1.78086e-06
1.56667 0.366667 2.00235e-06
1.63333 0.366667 1.59054e-06
1.7 0.366667 8.8419e-07
1.76667 0.366667 2.45946e-07
1.83333 0.366667 1.66093e-07
1.9 0.366667 3.69488e-07
1.96667 0.366667 4.37371e-07
2.03333 0.366667 4.31342e-07
2.1 0.366667 3.90817e-07
2.16667 0.366667 3.37944e-07
2.23333 0.366667 2.83901e-07
2.3 0.366667 2.33499e-07
2.36667 0.366667 1.88124e-07
2.43333 0.366667 1.47475e-07
2.5 0.366667 1.10539e-07
2.56667 0.366667 7.60939e-08
2.63333 0.366667 4.29428e-08
2.7 0.366667 1.00128e-08
2.76667 0.366667 2.36021e-08
2.83333 0.366667 5.85937e-08
2.9 0.366667 9.53604e-08
2.96667 0.366667 1.35192e-07
3.03333 0.366667 2.00353e-07
3.1 0.366667 2.05319e-07
3.16667 0.366667 1.25999e-07
3.23333 0.366667 3.34871e-08
3.3 0.366667 2.04224e-08
3.36667 0.366667 3.95429e-08
3.43333 0.366667 4.19159e-08
3.5 0.366667 3.84433e-08
3.56667 0.366667 3.38659e-08
3.63333 0.366667 2.99366e-08
3.7 0.366667 2.71089e-08
3.76667 0.366667 2.53396e-08
3.83333 0.366667 2.44033e-08
3.9 0.366667 2.3938e-08
3.96667 0.366667 2.32279e-08
4.03333 0.366667 2.05937e-08
4.1 0.366667 7.13402e-09
4.16667 0.366667 3.35673e-08
4.23333 0.366667 6.45354e-08
4.3 0.366667 4.7577e-08
4.36667 0.366667 2.78244e-08
4.43333 0.366667 2.33112e-08
4.5 0.366667 2.32769e-08
4.56667 0.366667 2.61587e-08
4.63333 0.366667 3.1419e-08
4.7 0.366667 3.11796e-08
4.76667 0.366667 1.95481e-08
4.83333 0.366667 2.31232e-09
4.9 0.366667 1.22794e-08
4.96667 0.366667 1.89895e-08
0.0333333 0.433333 6.58103e-05
0.1 0.433333 4.56312e-05
0.166667 0.433333 1.77334e-05
0.233333 0.433333 9.52703e-06
0.3 0.433333 2.87101e-05
0.366667 0.433333 1.58191e-05
0.433333 0.433333 5.67777e-05
0.5 0.433333 4.16564e-05
0.566667 0.433333 1.79221e-05
0.633333 0.433333 3.01502e-05
0.7 0.433333 7.33116e-05
0.766667 0.433333 8.0511e-05
0.833333 0.433333 7.94257e-05
0.9 0.433333 2.01549e-05
0.966667 0.433333 1.37936e-05
1.03333 0.433333 1.01002e-05
1.1 0.433333 7.69768e-06
1.16667 0.433333 5.97784e-06
1.23333 0.433333 4.59645e-06
1.3 0.433333 3.28715e-06
1.36667 0.433333 1.78503e-06
1.43333 0.433333 2.84382e-07
1.5 0.433333 2.33297e-06
1.56667 0.433333 3.38202e-06
1.63333 0.433333 2.92532e-06
1.7 0.433333 1.69414e-06
1.76667 0.433333 5.78477e-07
1.83333 0.433333 9.1578e-08
1.9 0.433333 4.07865e-07
1.96667 0.433333 5.20026e-07
2.03333 0.433333 5.27374e-07
2.1 0.433333 4.86358e-07
2.16667 0.433333 4.26947e-07
2.23333 0.433333 3.63932e-07
2.3 0.433333 3.03786e-07
2.36667 0.433333 2.48638e-07
2.43333 0.433333 1.98501e-07
2.5 0.433333 1.52491e-07
2.56667 0.433333 1.0945e-07
2.63333 0.433333 6.82407e-08
2.7 0.433333 2.78643e-08
2.76667 0.433333 1.24971e-08
2.83333 0.433333 5.34087e-08
2.9 0.433333 9.48991e-08
2.96667 0.433333 1.34416e-07
3.03333 0.433333 1.7131e-07
3.1 0.433333 4.68114e-07
3.16667 0.433333 3.85039e-07
3.23333 0.433333 1.08978e-07
3.3 0.433333 3.70164e-10
3.36667 0.433333 3.46043e-08
3.43333 0.433333 4.24733e-08
3.5 0.433333 4.13541e-08
3.56667 0.433333 3.82968e-08
3.63333 0.433333 3.57832e-08
3.7 0.433333 3.44948e-08
3.76667 0.433333 3.45308e-08
3.83333 0.433333 3.59439e-08
3.9 0.433333 3.89597e-08
3.96667 0.433333 4.41686e-08
4.03333 0.433333 5.28587e-08
4.1 0.433333 7.00816e-08
4.16667 0.433333 0.00944744
4.23333 0.433333 0.00944766
4.3 0.433333 3.84675e-08
4.36667 0.433333 2.5973e-08
4.43333 0.433333 2.10782e-08
4.5 0.433333 1.97313e-08
4.56667 0.433333 1.95073e-08
4.63333 0.433333 1.84388e-08
4.7 0.433333 1.47656e-08
4.76667 0.433333 8.12149e-09
4.83333 0.433333 9.60333e-11
4.9 0.433333 7.74175e-09
4.96667 0.433333 1.42298e-08
0.0333333 0.5 4.62783e-05
0.1 0.5 3.30877e-05
0.166667 0.5 1.72462e-05
0.233333 0.5 7.76308e-06
0.3 0.5 9.39828e-06
0.366667 0.5 2.48332e-05
0.433333 0.5 3.65607e-05
0.5 0.5 2.75034e-05
0.566667 0.5 8.24833e-06
0.633333 0.5 3.7727e-05
0.7 0.5 7.76425e-05
0.766667 0.5 8.22728e-05
0.833333 0.5 8.00845e-05
0.9 0.5 1.99257e-05
0.966667 0.5 1.41394e-05
1.03333 0.5 1.07526e-05
1.1 0.5 8.60082e-06
1.16667 0.5 7.11346e-06
1.23333 0.5 5.9795e-06
1.3 0.5 4.95767e-06
1.36667 0.5 3.80313e-06
1.43333 0.5 2.22379e-06
1.5 0.5 2.33784e-06
1.56667 0.5 5.55252e-06
1.63333 0.5 5.3634e-06
1.7 0.5 2.93264e-06
1.76667 0.5 9.6186e-07
1.83333 0.5 4.20838e-09
1.9 0.5 4.22653e-07
1.96667 0.5 5.67431e-07
2.03333 0.5 5.81331e-07
2.1 0.5 5.37426e-07
2.16667 0.5 4.72148e-07
2.23333 0.5 4.02781e-07
2.3 0.5 3.36684e-07
2.36667 0.5 2.76228e-07
2.43333 0.5 2.21431e-07
2.5 0.5 1.71345e-07
2.56667 0.5 1.24757e-07
2.63333 0.5 8.05091e-08
2.7 0.5 3.76383e-08
2.76667 0.5 4.55317e-09
2.83333 0.5 4.63358e-08
2.9 0.5 8.67605e-08
2.96667 0.5 1.20692e-07
3.03333 0.5 9.67516e-08
3.1 0.5 7.0929e-07
3.16667 0.5 6.15189e-07
3.23333 0.5 1.45816e-07
3.3 0.5 1.14402e-08
3.36667 0.5 3.01054e-08
3.43333 0.5 3.96439e-08
3.5 0.5 3.90592e-08
3.56667 0.5 3.65457e-08
3.63333 0.5 3.49004e-08
3.7 0.5 3.46579e-08
3.76667 0.5 3.56748e-08
3.83333 0.5 3.78807e-08
3.9 0.5 4.15951e-08
3.96667 0.5 4.76321e-08
4.03333 0.5 5.78174e-08
4.1 0.5 7.70607e-08
4.16667 0.5 1.29594e-07
4.23333 0.5 8.28405e-08
4.3 0.5 3.407e-08
4.36667 0.5 2.16876e-08
4.43333 0.5 1.65033e-08
4.5 0.5 1.37709e-08
4.56667 0.5 1.16533e-08
4.63333 0.5 9.24905e-09
4.7 0.5 6.1759e-09
4.76667 0.5 2.50192e-09
4.83333 0.5 1.45937e-09
4.9 0.5 5.47565e-09
4.96667 0.5 9.48153e-09
0.0333333 0.566667 2.62764e-05
0.1 0.566667 1.91763e-05
0.166667 0.566667 1.12889e-05
0.233333 0.566667 8.34004e-06
0.3 0.566667 1.1714e-05
0.366667 0.566667 1.72671e-05
0.433333 0.566667 1.76311e-05
0.5 0.566667 9.42452e-06
0.566667 0.566667 5.14883e-06
0.633333 0.566667 4.71588e-05
0.7 0.566667 8.29637e-05
0.766667 0.566667 8.48115e-05
0.833333 0.566667 8.02478e-05
0.9 0.566667 2.06337e-05
0.966667 0.566667 1.42663e-05
1.03333 0.566667 1.0784e-05
1.1 0.566667 8.70171e-06
1.16667 0.566667 7.35343e-06
1.23333 0.566667 6.40831e-06
1.3 0.566667 5.64467e-06
1.36667 0.566667 4.92191e-06
1.43333 0.566667 4.25752e-06
1.5 0.566667 5.86336e-06
1.56667 0.566667 1.08262e-05
1.63333 0.566667 1.108e-05
1.7 0.566667 4.0636e-06
1.76667 0.566667 1.24417e-06
1.83333 0.566667 6.66188e-08
1.9 0.566667 4.08938e-07
1.96667 0.566667 5.65067e-07
2.03333 0.566667 5.77354e-07
2.1 0.566667 5.29284e-07
2.16667 0.566667 4.60528e-07
2.23333 0.566667 3.89113e-07
2.3 0.566667 3.22309e-07
2.36667 0.566667 2.62173e-07
2.43333 0.566667 2.08404e-07
2.5 0.566667 1.59784e-07
2.56667 0.566667 1.14881e-07
2.63333 0.566667 7.2348e-08
2.7 0.566667 3.1038e-08
2.76667 0.566667 9.96718e-09
2.83333 0.566667 5.12892e-08
2.9 0.566667 9.29534e-08
2.96667 0.566667 1.32271e-07
3.03333 0.566667 1.67602e-07
3.1 0.566667 4.66388e-07
3.16667 0.566667 3.87372e-07
3.23333 0.566667 1.13175e-07
3.3 0.566667 5.64932e-09
3.36667 0.566667 2.79466e-08
3.43333 0.566667 3.41831e-08
3.5 0.566667 3.14647e-08
3.56667 0.566667 2.78353e-08
3.63333 0.566667 2.61769e-08
3.7 0.566667 2.67417e-08
3.76667 0.566667 2.82109e-08
3.83333 0.566667 2.9699e-08
3.9 0.566667 3.1028e-08
3.96667 0.566667 3.22268e-08
4.03333 0.566667 3.24996e-08
4.1 0.566667 2.6133e-08
4.16667 0.566667 7.93635e-09
4.23333 0.566667 2.48945e-08
4.3 0.566667 3.20374e-08
4.36667 0.566667 1.77765e-08
4.43333 0.566667 1.19508e-08
4.5 0.566667 8.38916e-09
4.56667 0.566667 5.82992e-09
4.63333 0.566667 3.66253e-09
4.7 0.566667 1.69085e-09
4.76667 0.566667 1.49139e-10
4.83333 0.566667 1.9448e-09
4.9 0.566667 3.84658e-09
4.96667 0.566667 5.99494e-09
0.0333333 0.633333 1.14098e-05
0.1 0.633333 8.24135e-06
0.166667 0.633333 4.81522e-06
0.233333 0.633333 4.02961e-06
0.3 0.633333 5.4244e-06
0.366667 0.633333 6.21986e-06
0.433333 0.633333 3.47677e-06
0.5 0.633333 3.93088e-06
0.566667 0.633333 1.55034e-05
0.633333 0.633333 4.29738e-05
0.7 0.633333 6.48693e-05
0.766667 0.633333 6.44881e-05
0.833333 0.633333 5.67977e-05
0.9 0.633333 2.13636e-05
0.966667 0.633333 1.36003e-05
1.03333 0.633333 9.94533e-06
1.1 0.633333 7.80496e-06
1.16667 0.633333 6.46067e-06
1.23333 0.633333 5.52454e-06
1.3 0.633333 4.73188e-06
1.36667 0.633333 3.87307e-06
1.43333 0.633333 2.93408e-06
1.5 0.633333 2.05627e-06
1.56667 0.633333 1.62677e-05
1.63333 0.633333 1.28652e-05
1.7 0.633333 4.05493e-06
1.76667 0.633333 1.20895e-06
1.83333 0.633333 5.85666e-08
1.9 0.633333 3.85431e-07
1.96667 0.633333 5.18889e-07
2.03333 0.633333 5.17751e-07
2.1 0.633333 4.63632e-07
2.16667 0.633333 3.94136e-07
2.23333 0.633333 3.25533e-07
2.3 0.633333 2.63775e-07
2.36667 0.633333 2.09999e-07
2.43333 0.633333 1.63291e-07
2.5 0.633333 1.22032e-07
2.56667 0.633333 8.45065e-08
2.63333 0.633333 4.91527e-08
2.7 0.633333 1.46324e-08
2.76667 0.633333 2.01509e-08
2.83333 0.633333 5.60311e-08
2.9 0.633333 9.35275e-08
2.96667 0.633333 1.34083e-07
3.03333 0.633333 2.00866e-07
3.1 0.633333 2.08051e-07
3.16667 0.633333 1.30773e-07
3.23333 0.633333 3.99692e-08
3.3 0.633333 1.21802e-08
3.36667 0.633333 2.90205e-08
3.43333 0.633333 2.84471e-08
3.5 0.633333 2.12973e-08
3.56667 0.633333 1.22595e-08
3.63333 0.633333 8.8957e-09
3.7 0.633333 1.07645e-08
3.76667 0.633333 1.45654e-08
3.83333 0.633333 1.56951e-08
3.9 0.633333 1.38938e-08
3.96667 0.633333 1.00346e-08
4.03333 0.633333 2.70841e-09
4.1 0.633333 9.37521e-09
4.16667 0.633333 2.02233e-08
4.23333 0.633333 2.52918e-08
4.3 0.633333 2.13244e-08
4.36667 0.633333 1.45761e-08
4.43333 0.633333 8.32664e-09
4.5 0.633333 4.67231e-09
4.56667 0.633333 2.3007e-09
4.63333 0.633333 7.02694e-10
4.7 0.633333 3.90624e-10
4.76667 0.633333 1.16882e-09
4.83333 0.633333 1.8349e-09
4.9 0.633333 2.60177e-09
4.96667 0.633333 3.63311e-09
0.0333333 0.7 2.92622e-06
0.1 0.7 1.71783e-06
0.166667 0.7 2.89285e-07
0.233333 0.7 2.90505e-07
0.3 0.7 5.48717e-07
0.366667 0.7 1.87188e-06
0.433333 0.7 5.42154e-06
0.5 0.7 1.14912e-05
0.566667 0.7 1.95397e-05
0.633333 0.7 2.74998e-05
0.7 0.7 3.18396e-05
0.766667 0.7 3.06325e-05
0.833333 0.7 2.50263e-05
0.9 0.7 1.78851e-05
0.966667 0.7 1.19825e-05
1.03333 0.7 8.25215e-06
1.1 0.7 6.01905e-06
1.16667 0.7 4.58646e-06
1.23333 0.7 3.55101e-06
1.3 0.7 2.59037e-06
1.36667 0.7 1.39152e-06
1.43333 0.7 4.98323e-07
1.5 0.7 4.45914e-06
1.56667 0.7 8.4581e-06
1.63333 0.7 6.54429e-06
1.7 0.7 2.81564e-06
1.76667 0.7 7.94741e-07
1.83333 0.7 5.64232e-08
1.9 0.7 3.71065e-07
1.96667 0.7 4.44346e-07
2.03333 0.7 4.16431e-07
2.1 0.7 3.5354e-07
2.16667 0.7 2.85354e-07
2.23333 0.7 2.23695e-07
2.3 0.7 1.71939e-07
2.36667 0.7 1.29752e-07
2.43333 0.7 9.54157e-08
2.5 0.7 6.68955e-08
2.56667 0.7 4.2284e-08
2.63333 0.7 1.99591e-08
2.7 0.7 1.35792e-09
2.76667 0.7 2.25215e-08
2.83333 0.7 4.3771e-08
2.9 0.7 6.44559e-08
2.96667 0.7 8.33406e-08
3.03333 0.7 8.62853e-08
3.1 0.7 6.2286e-08
3.16667 0.7 2.04094e-08
3.23333 0.7 1.57504e-08
3.3 0.7 3.25304e-08
3.36667 0.7 3.32559e-08
3.43333 0.7 2.57719e-08
3.5 0.7 1.45211e-08
3.56667 0.7 6.08169e-10
3.63333 0.7 2.56302e-08
3.7 0.7 1.57524e-08
3.76667 0.7 1.20012e-09
3.83333 0.7 2.12349e-09
3.9 0.7 2.28211e-09
3.96667 0.7 7.75406e-09
4.03333 0.7 1.41536e-08
4.1 0.7 1.993e-08
4.16667 0.7 2.28452e-08
4.23333 0.7 2.13686e-08
4.3 0.7 1.65617e-08
4.36667 0.7 1.06632e-08
4.43333 0.7 5.77042e-09
4.5 0.7 2.43645e-09
4.56667 0.7 4.50096e-10
4.63333 0.7 6.56627e-10
4.7 0.7 1.19238e-09
4.76667 0.7 1.40187e-09
4.83333 0.7 1.5057e-09
4.9 0.7 1.6961e-09
4.96667 0.7 2.10654e-09
0.0333333 0.766667 5.87881e-07
0.1 0.766667 1.10443e-06
0.166667 0.766667 1.9855e-06
0.233333 0.766667 2.99565e-06
0.3 0.766667 4.47141e-06
0.366667 0.766667 6.95346e-06
0.433333 0.766667 1.07215e-05
0.5 0.766667 1.55493e-05
0.566667 0.766667 2.05887e-05
0.633333 0.766667 2.44236e-05
0.7 0.766667 2.56424e-05
0.766667 0.766667 2.36803e-05
0.833333 0.766667 1.92855e-05
0.9 0.766667 1.4061e-05
0.966667 0.766667 9.42608e-06
1.03333 0.766667 6.01255e-06
1.1 0.766667 3.75352e-06
1.16667 0.766667 2.29134e-06
1.23333 0.766667 1.27498e-06
1.3 0.766667 4.04181e-07
1.36667 0.766667 5.99248e-07
1.43333 0.766667 1.96132e-06
1.5 0.766667 3.31884e-06
1.56667 0.766667 3.53522e-06
1.63333 0.766667 2.47524e-06
1.7 0.766667 1.07235e-06
1.76667 0.766667 1.37633e-07
1.83333 0.766667 2.75951e-07
1.9 0.766667 3.9228e-07
1.96667 0.766667 3.72218e-07
2.03333 0.766667 3.03224e-07
2.1 0.766667 2.2668e-07
2.16667 0.766667 1.595e-07
2.23333 0.766667 1.06578e-07
2.3 0.766667 6.75128e-08
2.36667 0.766667 3.99865e-08
2.43333 0.766667 2.13153e-08
2.5 0.766667 9.07095e-09
2.56667 0.766667 1.26161e-09
2.63333 0.766667 3.65843e-09
2.7 0.766667 6.79843e-09
2.76667 0.766667 8.77011e-09
2.83333 0.766667 9.51762e-09
2.9 0.766667 8.09182e-09
2.96667 0.766667 1.86944e-09
3.03333 0.766667 1.12768e-08
3.1 0.766667 2.94087e-08
3.16667 0.766667 4.55676e-08
3.23333 0.766667 5.28768e-08
3.3 0.766667 4.99089e-08
3.36667 0.766667 4.01082e-08
3.43333 0.766667 2.76784e-08
3.5 0.766667 1.50589e-08
3.56667 0.766667 2.56406e-09
3.63333 0.766667 9.11812e-09
3.7 0.766667 7.52761e-08
3.76667 0.766667 4.51657e-09
3.83333 0.766667 7.62552e-09
3.9 0.766667 1.34303e-08
3.96667 0.766667 1.79513e-08
4.03333 0.766667 2.12383e-08
4.1 0.766667 2.26347e-08
4.16667 0.766667 2.14966e-08
4.23333 0.766667 1.79585e-08
4.3 0.766667 1.30229e-08
4.36667 0.766667 8.05328e-09
4.43333 0.766667 4.02437e-09
4.5 0.766667 1.27735e-09
4.56667 0.766667 3.32148e-10
4.63333 0.766667 1.106e-09
4.7 0.766667 1.34068e-09
4.76667 0.766667 1.28147e-09
4.83333 0.766667 1.13233e-09
4.9 0.766667 1.05226e-09
4.96667 0.766667 1.14297e-09
0.0333333 0.833333 1.22781e-06
0.1 0.833333 1.68242e-06
0.166667 0.833333 2.71533e-06
0.233333 0.833333 4.42075e-06
0.3 0.833333 6.96706e-06
0.366667 0.833333 1.03982e-05
0.433333 0.833333 1.44619e-05
0.5 0.833333 1.85698e-05
0.566667 0.833333 2.18824e-05
0.633333 0.833333 2.35234e-05
0.7 0.833333 2.29159e-05
0.766667 0.833333 2.01096e-05
0.833333 0.833333 1.58287e-05
0.9 0.833333 1.11356e-05
0.966667 0.833333 6.94587e-06
1.03333 0.833333 3.73112e-06
1.1 0.833333 1.53817e-06
1.16667 0.833333 1.79339e-07
1.23333 0.833333 5.98202e-07
1.3 0.833333 1.02871e-06
1.36667 0.833333 1.28475e-06
1.43333 0.833333 1.40346e-06
1.5 0.833333 1.26796e-06
1.56667 0.833333 8.1332e-07
1.63333 0.833333 1.9444e-07
1.7 0.833333 3.0637e-07
1.76667 0.833333 5.42019e-07
1.83333 0.833333 5.56291e-07
1.9 0.833333 4.58516e-07
1.96667 0.833333 3.29073e-07
2.03333 0.833333 2.08835e-07
2.1 0.833333 1.13287e-07
2.16667 0.833333 4.45761e-08
2.23333 0.833333 7.13906e-10
2.3 0.833333 2.75175e-08
2.36667 0.833333 4.04887e-08
2.43333 0.833333 4.33962e-08
2.5 0.833333 3.90734e-08
2.56667 0.833333 2.95843e-08
2.63333 0.833333 1.64385e-08
2.7 0.833333 7.79609e-10
2.76667 0.833333 1.64829e-08
2.83333 0.833333 3.45739e-08
2.9 0.833333 5.27103e-08
2.96667 0.833333 6.96525e-08
3.03333 0.833333 8.32308e-08
3.1 0.833333 9.0551e-08
3.16667 0.833333 8.941e-08
3.23333 0.833333 7.99525e-08
3.3 0.833333 6.48954e-08
3.36667 0.833333 4.801e-08
3.43333 0.833333 3.23566e-08
3.5 0.833333 1.97485e-08
3.56667 0.833333 1.20113e-08
3.63333 0.833333 1.7059e-08
3.7 0.833333 2.18705e-08
3.76667 0.833333 2.72226e-09
3.83333 0.833333 1.34685e-08
3.9 0.833333 1.9878e-08
3.96667 0.833333 2.29166e-08
4.03333 0.833333 2.37533e-08
4.1 0.833333 2.25795e-08
4.16667 0.833333 1.96063e-08
4.23333 0.833333 1.53758e-08
4.3 0.833333 1.07114e-08
4.36667 0.833333 6.42869e-09
4.43333 0.833333 3.06276e-09
4.5 0.833333 7.77739e-10
4.56667 0.833333 5.36872e-10
4.63333 0.833333 1.11679e-09
4.7 0.833333 1.21349e-09
4.76667 0.833333 1.04893e-09
4.83333 0.833333 8.02802e-10
4.9 0.833333 6.08594e-10
4.96667 0.833333 5.49439e-10
0.0333333 0.9 7.35059e-07
0.1 0.9 1.34711e-06
0.166667 0.9 2.7654e-06
0.233333 0.9 5.195e-06
0.3 0.9 8.68953e-06
0.366667 0.9 1.29926e-05
0.433333 0.9 1.75062e-05
0.5 0.9 2.14062e-05
0.566667 0.9 2.38572e-05
0.633333 0.9 2.42612e-05
0.7 0.9 2.24676e-05
0.766667 0.9 1.88513e-05
0.833333 0.9 1.41933e-05
0.9 0.9 9.39743e-06
0.966667 0.9 5.19332e-06
1.03333 0.9 1.97666e-06
1.1 0.9 1.73576e-07
1.16667 0.9 1.37627e-06
1.23333 0.9 1.82728e-06
1.3 0.9 1.72628e-06
1.36667 0.9 1.24948e-06
1.43333 0.9 5.56173e-07
1.5 0.9 1.87309e-07
1.56667 0.9 8.06944e-07
1.63333 0.9 1.16699e-06
1.7 0.9 1.23222e-06
1.76667 0.9 1.07453e-06
1.83333 0.9 8.12397e-07
1.9 0.9 5.42964e-07
1.96667 0.9 3.1673e-07
2.03333 0.9 1.47948e-07
2.1 0.9 3.25541e-08
2.16667 0.9 3.99069e-08
2.23333 0.9 8.03893e-08
2.3 0.9 9.80341e-08
2.36667 0.9 9.96734e-08
2.43333 0.9 9.00868e-08
2.5 0.9 7.24926e-08
2.56667 0.9 4.90572e-08
2.63333 0.9 2.13568e-08
2.7 0.9 9.21489e-09
2.76667 0.9 4.10817e-08
2.83333 0.9 7.2169e-08
2.9 0.9 9.97137e-08
2.96667 0.9 1.20424e-07
3.03333 0.9 1.31217e-07
3.1 0.9 1.30427e-07
3.16667 0.9 1.18803e-07
3.23333 0.9 9.95027e-08
3.3 0.9 7.69333e-08
3.36667 0.9 5.51551e-08
3.43333 0.9 3.6855e-08
3.5 0.9 2.33374e-08
3.56667 0.9 1.52895e-08
3.63333 0.9 9.72001e-09
3.7 0.9 1.75621e-09
3.76667 0.9 8.54544e-09
3.83333 0.9 1.79978e-08
3.9 0.9 2.34612e-08
3.96667 0.9 2.5278e-08
4.03333 0.9 2.46221e-08
4.1 0.9 2.21205e-08
4.16667 0.9 1.8334e-08
4.23333 0.9 1.3901e-08
4.3 0.9 9.48329e-09
4.36667 0.9 5.62803e-09
4.43333 0.9 2.65728e-09
4.5 0.9 6.48713e-10
4.56667 0.9 5.02626e-10
4.63333 0.9 9.94374e-10
4.7 0.9 1.04449e-09
4.76667 0.9 8.5075e-10
4.83333 0.9 5.7436e-10
4.9 0.9 3.35005e-10
4.96667 0.9 2.09717e-10
0.0333333 0.966667 2.23001e-07
0.1 0.966667 9.73284e-07
0.166667 0.966667 2.69911e-06
0.233333 0.966667 5.64355e-06
0.3 0.966667 9.8005e-06
0.366667 0.966667 1.47515e-05
0.433333 0.966667 1.96959e-05
0.5 0.966667 2.36563e-05
0.566667 0.966667 2.57693e-05
0.633333 0.966667 2.55549e-05
0.7 0.966667 2.30639e-05
0.766667 0.966667 1.88486e-05
0.833333 0.966667 1.37671e-05
0.9 0.966667 8.70655e-06
0.966667 0.966667 4.34827e-06
1.03333 0.966667 1.06057e-06
1.1 0.966667 1.07392e-06
1.16667 0.966667 2.15675e-06
1.23333 0.966667 2.37169e-06
1.3 0.966667 1.92719e-06
1.36667 0.966667 1.04867e-06
1.43333 0.966667 8.65494e-09
1.5 0.966667 9.73487e-07
1.56667 0.966667 1.62229e-06
1.63333 0.966667 1.85717e-06
1.7 0.966667 1.72965e-06
1.76667 0.966667 1.3858e-06
1.83333 0.966667 9.78734e-07
1.9 0.966667 6.10812e-07
1.96667 0.966667 3.24944e-07
2.03333 0.966667 1.24356e-07
2.1 0.966667 5.16612e-09
2.16667 0.966667 8.15047e-08
2.23333 0.966667 1.20307e-07
2.3 0.966667 1.3341e-07
2.36667 0.966667 1.29064e-07
2.43333 0.966667 1.12723e-07
2.5 0.966667 8.78806e-08
2.56667 0.966667 5.68018e-08
2.63333 0.966667 2.11554e-08
2.7 0.966667 1.74331e-08
2.76667 0.966667 5.6883e-08
2.83333 0.966667 9.42914e-08
2.9 0.966667 1.25909e-07
2.96667 0.966667 1.47709e-07
3.03333 0.966667 1.56583e-07
3.1 0.966667 1.51659e-07
3.16667 0.966667 1.34949e-07
3.23333 0.966667 1.10764e-07
3.3 0.966667 8.4188e-08
3.36667 0.966667 5.94893e-08
3.43333 0.966667 3.92275e-08
3.5 0.966667 2.41186e-08
3.56667 0.966667 1.30081e-08
3.63333 0.966667 3.69962e-09
3.7 0.966667 5.3912e-09
3.76667 0.966667 1.41136e-08
3.83333 0.966667 2.10522e-08
3.9 0.966667 2.51135e-08
3.96667 0.966667 2.61856e-08
4.03333 0.966667 2.48469e-08
4.1 0.966667 2.1807e-08
4.16667 0.966667 1.77346e-08
4.23333 0.966667 1.3274e-08
4.3 0.966667 9.00231e-09
4.36667 0.966667 5.35291e-09
4.43333 0.966667 2.56251e-09
4.5 0.966667 6.74035e-10
4.56667 0.966667 4.13857e-10
4.63333 0.966667 8.79962e-10
4.7 0.966667 9.23566e-10
4.76667 0.966667 7.28759e-10
4.83333 0.966667 4.47879e-10
4.9 0.966667 1.96339e-10
4.96667 0.966667 5.17658e-11
