0.0333333 0.0333333 1.85716e-06
0.1 0.0333333 6.66921e-06
0.166667 0.0333333 1.39484e-05
0.233333 0.0333333 1.98877e-05
0.3 0.0333333 2.09465e-05
0.366667 0.0333333 1.58723e-05
0.433333 0.0333333 6.55525e-06
0.5 0.0333333 3.28122e-06
0.566667 0.0333333 1.04668e-05
0.633333 0.0333333 1.38005e-05
0.7 0.0333333 1.38091e-05
0.766667 0.0333333 1.17558e-05
0.833333 0.0333333 8.86162e-06
0.9 0.0333333 5.98604e-06
0.966667 0.0333333 3.5982e-06
1.03333 0.0333333 1.86602e-06
1.1 0.0333333 7.68478e-07
1.16667 0.0333333 1.90248e-07
1.23333 0.0333333 1.45205e-08
1.3 0.0333333 1.34835e-08
1.36667 0.0333333 1.55582e-07
1.43333 0.0333333 3.22009e-07
1.5 0.0333333 4.53981e-07
1.56667 0.0333333 5.22425e-07
1.63333 0.0333333 5.23236e-07
1.7 0.0333333 4.69479e-07
1.76667 0.0333333 3.8229e-07
1.83333 0.0333333 2.82958e-07
1.9 0.0333333 1.87959e-07
1.96667 0.0333333 1.07265e-07
2.03333 0.0333333 4.50315e-08
2.1 0.0333333 1.36364e-09
2.16667 0.0333333 2.58585e-08
2.23333 0.0333333 3.95987e-08
2.3 0.0333333 4.28269e-08
2.36667 0.0333333 3.81204e-08
2.43333 0.0333333 2.7554e-08
2.5 0.0333333 1.27544e-08
2.56667 0.0333333 4.96301e-09
2.63333 0.0333333 2.44231e-08
2.7 0.0333333 4.44164e-08
2.76667 0.0333333 6.35583e-08
2.83333 0.0333333 8.02389e-08
2.9 0.0333333 9.27383e-08
2.96667 0.0333333 9.95529e-08
3.03333 0.0333333 9.98621e-08
3.1 0.0333333 9.39161e-08
3.16667 0.0333333 8.30825e-08
3.23333 0.0333333 6.94557e-08
3.3 0.0333333 5.52121e-08
3.36667 0.0333333 4.20463e-08
3.43333 0.0333333 3.09189e-08
3.5 0.0333333 2.21203e-08
3.56667 0.0333333 1.54975e-08
3.63333 0.0333333 1.06884e-08
3.7 0.0333333 7.28594e-09
3.76667 0.0333333 4.92343e-09
3.83333 0.0333333 3.30513e-09
3.9 0.0333333 2.20754e-09
3.96667 0.0333333 1.46854e-09
4.03333 0.0333333 9.73662e-10
4.1 0.0333333 6.43633e-10
4.16667 0.0333333 4.2423e-10
4.23333 0.0333333 2.78727e-10
4.3 0.0333333 1.82419e-10
4.36667 0.0333333 1.18772e-10
4.43333 0.0333333 7.67683e-11
4.5 0.0333333 4.90849e-11
4.56667 0.0333333 3.08704e-11
4.63333 0.0333333 1.89189e-11
4.7 0.0333333 1.11196e-11
4.76667 0.0333333 6.09109e-12
4.83333 0.0333333 2.94062e-12
4.9 0.0333333 1.10792e-12
4.96667 0.0333333 2.66561e-13
0.0333333 0.1 7.17059e-06
0.1 0.1 1.04962e-05
0.166667 0.1 1.56296e-05
0.233333 0.1 1.98557e-05
0.3 0.1 2.04355e-05
0.366667 0.1 1.61378e-05
0.433333 0.1 8.08663e-06
0.5 0.1 8.8203e-07
0.566667 0.1 7.96652e-06
0.633333 0.1 1.17898e-05
0.7 0.1 1.25214e-05
0.766667 0.1 1.11384e-05
0.833333 0.1 8.72932e-06
0.9 0.1 6.14352e-06
0.966667 0.1 3.89532e-06
1.03333 0.1 2.20409e-06
1.1 0.1 1.0885e-06
1.16667 0.1 4.60506e-07
1.23333 0.1 1.9313e-07
1.3 0.1 1.58863e-07
1.36667 0.1 2.47602e-07
1.43333 0.1 3.73943e-07
1.5 0.1 4.7979e-07
1.56667 0.1 5.3408e-07
1.63333 0.1 5.29376e-07
1.7 0.1 4.75319e-07
1.76667 0.1 3.90317e-07
1.83333 0.1 2.93862e-07
1.9 0.1 2.01422e-07
1.96667 0.1 1.22511e-07
2.03333 0.1 6.1157e-08
2.1 0.1 1.75267e-08
2.16667 0.1 1.03558e-08
2.23333 0.1 2.52918e-08
2.3 0.1 3.01061e-08
2.36667 0.1 2.72615e-08
2.43333 0.1 1.87464e-08
2.5 0.1 6.11796e-09
2.56667 0.1 9.37669e-09
2.63333 0.1 2.66474e-08
2.7 0.1 4.46019e-08
2.76667 0.1 6.20075e-08
2.83333 0.1 7.74161e-08
2.9 0.1 8.92237e-08
2.96667 0.1 9.59319e-08
3.03333 0.1 9.65914e-08
3.1 0.1 9.12372e-08
3.16667 0.1 8.10288e-08
3.23333 0.1 6.79365e-08
3.3 0.1 5.41068e-08
3.36667 0.1 4.12555e-08
3.43333 0.1 3.03693e-08
3.5 0.1 2.17531e-08
3.56667 0.1 1.52619e-08
3.63333 0.1 1.05426e-08
3.7 0.1 7.19834e-09
3.76667 0.1 4.87195e-09
3.83333 0.1 3.27544e-09
3.9 0.1 2.1907e-09
3.96667 0.1 1.45918e-09
4.03333 0.1 9.68615e-10
4.1 0.1 6.4106e-10
4.16667 0.1 4.23073e-10
4.23333 0.1 2.7838e-10
4.3 0.1 1.82537e-10
4.36667 0.1 1.19159e-10
4.43333 0.1 7.73106e-11
4.5 0.1 4.97179e-11
4.56667 0.1 3.15567e-11
4.63333 0.1 1.96368e-11
4.7 0.1 1.18562e-11
4.76667 0.1 6.83879e-12
4.83333 0.1 3.69481e-12
4.9 0.1 1.86567e-12
4.96667 0.1 1.02589e-12
0.0333333 0.166667 1.66545e-05
0.1 0.166667 1.72344e-05
0.166667 0.166667 1.82844e-05
0.233333 0.166667 1.89913e-05
0.3 0.166667 1.84895e-05
0.366667 0.166667 1.62986e-05
0.433333 0.166667 1.16513e-05
0.5 0.166667 4.6571e-06
0.566667 0.166667 2.47263e-06
0.633333 0.166667 7.54258e-06
0.7 0.166667 9.87939e-06
0.766667 0.166667 9.90705e-06
0.833333 0.166667 8.48492e-06
0.9 0.166667 6.4702e-06
0.966667 0.166667 4.48615e-06
1.03333 0.166667 2.86559e-06
1.1 0.166667 1.70947e-06
1.16667 0.166667 9.82814e-07
1.23333 0.166667 5.93559e-07
1.3 0.166667 4.38302e-07
1.36667 0.166667 4.23034e-07
1.43333 0.166667 4.71125e-07
1.5 0.166667 5.26381e-07
1.56667 0.166667 5.5408e-07
1.63333 0.166667 5.39977e-07
1.7 0.166667 4.865e-07
1.76667 0.166667 4.06387e-07
1.83333 0.166667 3.15603e-07
1.9 0.166667 2.2785e-07
1.96667 0.166667 1.51971e-07
2.03333 0.166667 9.19149e-08
2.1 0.166667 4.80475e-08
2.16667 0.166667 1.86995e-08
2.23333 0.166667 1.37852e-09
2.3 0.166667 6.47996e-09
2.36667 0.166667 7.14111e-09
2.43333 0.166667 2.44949e-09
2.5 0.166667 6.14892e-09
2.56667 0.166667 1.75139e-08
2.63333 0.166667 3.06894e-08
2.7 0.166667 4.47769e-08
2.76667 0.166667 5.88137e-08
2.83333 0.166667 7.16732e-08
2.9 0.166667 8.20284e-08
2.96667 0.166667 8.84727e-08
3.03333 0.166667 8.98657e-08
3.1 0.166667 8.58105e-08
3.16667 0.166667 7.69846e-08
3.23333 0.166667 6.50424e-08
3.3 0.166667 5.20574e-08
3.36667 0.166667 3.98147e-08
3.43333 0.166667 2.93798e-08
3.5 0.166667 2.10984e-08
3.56667 0.166667 1.48453e-08
3.63333 0.166667 1.02862e-08
3.7 0.166667 7.04464e-09
3.76667 0.166667 4.78175e-09
3.83333 0.166667 3.22341e-09
3.9 0.166667 2.1612e-09
3.96667 0.166667 1.44278e-09
4.03333 0.166667 9.5978e-10
4.1 0.166667 6.36568e-10
4.16667 0.166667 4.21071e-10
4.23333 0.166667 2.77807e-10
4.3 0.166667 1.82786e-10
4.36667 0.166667 1.19883e-10
4.43333 0.166667 7.83104e-11
4.5 0.166667 5.08791e-11
4.56667 0.166667 3.28129e-11
4.63333 0.166667 2.09494e-11
4.7 0.166667 1.32024e-11
4.76667 0.166667 8.205e-12
4.83333 0.166667 5.0727e-12
4.9 0.166667 3.24998e-12
4.96667 0.166667 2.41302e-12
0.0333333 0.233333 2.75279e-05
0.1 0.233333 2.47333e-05
0.166667 0.233333 2.03857e-05
0.233333 0.233333 1.56266e-05
0.3 0.233333 1.2666e-05
0.366667 0.233333 1.5237e-05
0.433333 0.233333 1.81682e-05
0.5 0.233333 1.42528e-05
0.566667 0.233333 6.43026e-06
0.633333 0.233333 9.24654e-07
0.7 0.233333 5.87192e-06
0.766667 0.233333 8.0985e-06
0.833333 0.233333 8.16666e-06
0.9 0.233333 6.97592e-06
0.966667 0.233333 5.34653e-06
1.03333 0.233333 3.80539e-06
1.1 0.233333 2.58172e-06
1.16667 0.233333 1.71356e-06
1.23333 0.233333 1.15322e-06
1.3 0.233333 8.27547e-07
1.36667 0.233333 6.64015e-07
1.43333 0.233333 5.99558e-07
1.5 0.233333 5.82748e-07
1.56667 0.233333 5.74702e-07
1.63333 0.233333 5.50698e-07
1.7 0.233333 5.01218e-07
1.76667 0.233333 4.29811e-07
1.83333 0.233333 3.47376e-07
1.9 0.233333 2.65667e-07
1.96667 0.233333 1.93167e-07
2.03333 0.233333 1.34087e-07
2.1 0.233333 8.92507e-08
2.16667 0.233333 5.74689e-08
2.23333 0.233333 3.66659e-08
2.3 0.233333 2.45977e-08
2.36667 0.233333 1.92266e-08
2.43333 0.233333 1.88627e-08
2.5 0.233333 2.21701e-08
2.56667 0.233333 2.81073e-08
2.63333 0.233333 3.58438e-08
2.7 0.233333 4.46747e-08
2.76667 0.233333 5.3944e-08
2.83333 0.233333 6.29625e-08
2.9 0.233333 7.08996e-08
2.96667 0.233333 7.66949e-08
3.03333 0.233333 7.91584e-08
3.1 0.233333 7.73149e-08
3.16667 0.233333 7.09324e-08
3.23333 0.233333 6.09545e-08
3.3 0.233333 4.92935e-08
3.36667 0.233333 3.79276e-08
3.43333 0.233333 2.81139e-08
3.5 0.233333 2.02776e-08
3.56667 0.233333 1.43307e-08
3.63333 0.233333 9.97246e-09
3.7 0.233333 6.85763e-09
3.76667 0.233333 4.67229e-09
3.83333 0.233333 3.16035e-09
3.9 0.233333 2.12544e-09
3.96667 0.233333 1.42291e-09
4.03333 0.233333 9.49087e-10
4.1 0.233333 6.31155e-10
4.16667 0.233333 4.18692e-10
4.23333 0.233333 2.77172e-10
4.3 0.233333 1.83157e-10
4.36667 0.233333 1.20837e-10
4.43333 0.233333 7.96044e-11
4.5 0.233333 5.23725e-11
4.56667 0.233333 3.44243e-11
4.63333 0.233333 2.26309e-11
4.7 0.233333 1.49259e-11
4.76667 0.233333 9.95351e-12
4.83333 0.233333 6.83588e-12
4.9 0.233333 5.02122e-12
4.96667 0.233333 4.18781e-12
0.0333333 0.3 3.55961e-05
0.1 0.3 2.99404e-05
0.166667 0.3 2.05826e-05
0.233333 0.3 9.11898e-06
0.3 0.3 3.22823e-07
0.366667 0.3 1.0227e-05
0.433333 0.3 2.7476e-05
0.5 0.3 2.70468e-05
0.566667 0.3 1.77806e-05
0.633333 0.3 7.45468e-06
0.7 0.3 8.13265e-07
0.766667 0.3 5.86241e-06
0.833333 0.3 7.84094e-06
0.9 0.3 7.65378e-06
0.966667 0.3 6.40523e-06
1.03333 0.3 4.92467e-06
1.1 0.3 3.60836e-06
1.16667 0.3 2.57266e-06
1.23333 0.3 1.81323e-06
1.3 0.3 1.28621e-06
1.36667 0.3 9.42188e-07
1.43333 0.3 7.3699e-07
1.5 0.3 6.3046e-07
1.56667 0.3 5.82287e-07
1.63333 0.3 5.53537e-07
1.7 0.3 5.15808e-07
1.76667 0.3 4.58675e-07
1.83333 0.3 3.87012e-07
1.9 0.3 3.11634e-07
1.96667 0.3 2.41777e-07
2.03333 0.3 1.82581e-07
2.1 0.3 1.35666e-07
2.16667 0.3 1.00464e-07
2.23333 0.3 7.53525e-08
2.3 0.3 5.83969e-08
2.36667 0.3 4.77552e-08
2.43333 0.3 4.18546e-08
2.5 0.3 3.94282e-08
2.56667 0.3 3.94845e-08
2.63333 0.3 4.12547e-08
2.7 0.3 4.41458e-08
2.76667 0.3 4.77167e-08
2.83333 0.3 5.16792e-08
2.9 0.3 5.58666e-08
2.96667 0.3 6.00292e-08
3.03333 0.3 6.35138e-08
3.1 0.3 6.501e-08
3.16667 0.3 6.27131e-08
3.23333 0.3 5.58739e-08
3.3 0.3 4.60592e-08
3.36667 0.3 3.58145e-08
3.43333 0.3 2.67551e-08
3.5 0.3 1.94251e-08
3.56667 0.3 1.38078e-08
3.63333 0.3 9.65794e-09
3.7 0.3 6.67158e-09
3.76667 0.3 4.56382e-09
3.83333 0.3 3.09797e-09
3.9 0.3 2.09009e-09
3.96667 0.3 1.40328e-09
4.03333 0.3 9.3854e-10
4.1 0.3 6.25842e-10
4.16667 0.3 4.16391e-10
4.23333 0.3 2.7661e-10
4.3 0.3 1.836e-10
4.36667 0.3 1.21864e-10
4.43333 0.3 8.09726e-11
4.5 0.3 5.39419e-11
4.56667 0.3 3.61131e-11
4.63333 0.3 2.4391e-11
4.7 0.3 1.67288e-11
4.76667 0.3 1.1782e-11
4.83333 0.3 8.67936e-12
4.9 0.3 6.87299e-12
4.96667 0.3 6.04323e-12
0.0333333 0.366667 3.71885e-05
0.1 0.366667 3.03693e-05
0.166667 0.366667 1.92967e-05
0.233333 0.366667 6.02672e-06
0.3 0.366667 4.78628e-06
0.366667 0.366667 1.20496e-05
0.433333 0.366667 3.73989e-05
0.5 0.366667 3.82977e-05
0.566667 0.366667 2.79117e-05
0.633333 0.366667 1.54252e-05
0.7 0.366667 4.2057e-06
0.766667 0.366667 3.61717e-06
0.833333 0.366667 7.6007e-06
0.9 0.366667 8.43724e-06
0.966667 0.366667 7.50824e-06
1.03333 0.366667 6.05102e-06
1.1 0.366667 4.63333e-06
1.16667 0.366667 3.43483e-06
1.23333 0.366667 2.48272e-06
1.3 0.366667 1.7539e-06
1.36667 0.366667 1.21791e-06
1.43333 0.366667 8.52854e-07
1.5 0.366667 6.42439e-07
1.56667 0.366667 5.55698e-07
1.63333 0.366667 5.36468e-07
1.7 0.366667 5.25113e-07
1.76667 0.366667 4.89844e-07
1.83333 0.366667 4.30548e-07
1.9 0.366667 3.60469e-07
1.96667 0.366667 2.91523e-07
2.03333 0.366667 2.30597e-07
2.1 0.366667 1.80409e-07
2.16667 0.366667 1.41063e-07
2.23333 0.366667 1.11326e-07
2.3 0.366667 8.94825e-08
2.36667 0.366667 7.38015e-08
2.43333 0.366667 6.27565e-08
2.5 0.366667 5.50873e-08
2.56667 0.366667 4.97887e-08
2.63333 0.366667 4.60716e-08
2.7 0.366667 4.33323e-08
2.76667 0.366667 4.11561e-08
2.83333 0.366667 3.93845e-08
2.9 0.366667 3.82856e-08
2.96667 0.366667 3.87187e-08
3.03333 0.366667 4.18478e-08
3.1 0.366667 4.77745e-08
3.16667 0.366667 5.22588e-08
3.23333 0.366667 5.00968e-08
3.3 0.366667 4.26441e-08
3.36667 0.366667 3.3753e-08
3.43333 0.366667 2.55121e-08
3.5 0.366667 1.86772e-08
3.56667 0.366667 1.33606e-08
3.63333 0.366667 9.39306e-09
3.7 0.366667 6.51624e-09
3.76667 0.366667 4.47367e-09
3.83333 0.366667 3.04623e-09
3.9 0.366667 2.06081e-09
3.96667 0.366667 1.38702e-09
4.03333 0.366667 9.29822e-10
4.1 0.366667 6.2147e-10
4.16667 0.366667 4.14527e-10
4.23333 0.366667 2.76194e-10
4.3 0.366667 1.84025e-10
4.36667 0.366667 1.22779e-10
4.43333 0.366667 8.2175e-11
4.5 0.366667 5.53141e-11
4.56667 0.366667 3.75863e-11
4.63333 0.366667 2.59248e-11
4.7 0.366667 1.82991e-11
4.76667 0.366667 1.33741e-11
4.83333 0.366667 1.02844e-11
4.9 0.366667 8.48517e-12
4.96667 0.366667 7.65854e-12
0.0333333 0.433333 3.16704e-05
0.1 0.433333 2.56461e-05
0.166667 0.433333 1.679e-05
0.233333 0.433333 8.82541e-06
0.3 0.433333 8.13878e-06
0.366667 0.433333 2.38719e-05
0.433333 0.433333 4.04777e-05
0.5 0.433333 4.09105e-05
0.566667 0.433333 3.1611e-05
0.633333 0.433333 1.92836e-05
0.7 0.433333 7.00588e-06
0.766667 0.433333 2.32756e-06
0.833333 0.433333 7.61293e-06
0.9 0.433333 9.14821e-06
0.966667 0.433333 8.40944e-06
1.03333 0.433333 6.94652e-06
1.1 0.433333 5.45104e-06
1.16667 0.433333 4.13535e-06
1.23333 0.433333 3.03957e-06
1.3 0.433333 2.1487e-06
1.36667 0.433333 1.4416e-06
1.43333 0.433333 9.13264e-07
1.5 0.433333 5.84778e-07
1.56667 0.433333 4.66358e-07
1.63333 0.433333 4.86017e-07
1.7 0.433333 5.25267e-07
1.76667 0.433333 5.19622e-07
1.83333 0.433333 4.72357e-07
1.9 0.433333 4.05181e-07
1.96667 0.433333 3.34722e-07
2.03333 0.433333 2.70358e-07
2.1 0.433333 2.16034e-07
2.16667 0.433333 1.72399e-07
2.23333 0.433333 1.38439e-07
2.3 0.433333 1.12503e-07
2.36667 0.433333 9.28534e-08
2.43333 0.433333 7.79281e-08
2.5 0.433333 6.6415e-08
2.56667 0.433333 5.72478e-08
2.63333 0.433333 4.95664e-08
2.7 0.433333 4.26784e-08
2.76667 0.433333 3.60493e-08
2.83333 0.433333 2.93536e-08
2.9 0.433333 2.26602e-08
2.96667 0.433333 1.69792e-08
3.03333 0.433333 1.54157e-08
3.1 0.433333 2.44606e-08
3.16667 0.433333 4.01585e-08
3.23333 0.433333 4.44213e-08
3.3 0.433333 3.97132e-08
3.36667 0.433333 3.21721e-08
3.43333 0.433333 2.46204e-08
3.5 0.433333 1.81617e-08
3.56667 0.433333 1.30596e-08
3.63333 0.433333 9.21714e-09
3.7 0.433333 6.41385e-09
3.76667 0.433333 4.41449e-09
3.83333 0.433333 3.01234e-09
3.9 0.433333 2.04164e-09
3.96667 0.433333 1.37639e-09
4.03333 0.433333 9.24128e-10
4.1 0.433333 6.18626e-10
4.16667 0.433333 4.13329e-10
4.23333 0.433333 2.75949e-10
4.3 0.433333 1.84333e-10
4.36667 0.433333 1.2341e-10
4.43333 0.433333 8.29964e-11
4.5 0.433333 5.62481e-11
4.56667 0.433333 3.85876e-11
4.63333 0.433333 2.69664e-11
4.7 0.433333 1.9365e-11
4.76667 0.433333 1.44547e-11
4.83333 0.433333 1.13737e-11
4.9 0.433333 9.57921e-12
4.96667 0.433333 8.75468e-12
0.0333333 0.5 2.19047e-05
0.1 0.5 1.77296e-05
0.166667 0.5 1.2391e-05
0.233333 0.5 9.45021e-06
0.3 0.5 1.26899e-05
0.366667 0.5 2.28195e-05
0.433333 0.5 3.21593e-05
0.5 0.5 3.31195e-05
0.566667 0.5 2.67981e-05
0.633333 0.5 1.68602e-05
0.7 0.5 5.95765e-06
0.766667 0.5 2.82767e-06
0.833333 0.5 8.01006e-06
0.9 0.5 9.56725e-06
0.966667 0.5 8.83629e-06
1.03333 0.5 7.3665e-06
1.1 0.5 5.85382e-06
1.16667 0.5 4.50385e-06
1.23333 0.5 3.35176e-06
1.3 0.5 2.37857e-06
1.36667 0.5 1.56055e-06
1.43333 0.5 8.95669e-07
1.5 0.5 4.33655e-07
1.56667 0.5 2.87667e-07
1.63333 0.5 3.99883e-07
1.7 0.5 5.19597e-07
1.76667 0.5 5.46092e-07
1.83333 0.5 5.07195e-07
1.9 0.5 4.3874e-07
1.96667 0.5 3.63826e-07
2.03333 0.5 2.94586e-07
2.1 0.5 2.35891e-07
2.16667 0.5 1.88587e-07
2.23333 0.5 1.51597e-07
2.3 0.5 1.23134e-07
2.36667 0.5 1.01329e-07
2.43333 0.5 8.45079e-08
2.5 0.5 7.12678e-08
2.56667 0.5 6.04691e-08
2.63333 0.5 5.11857e-08
2.7 0.5 4.26561e-08
2.76667 0.5 3.42555e-08
2.83333 0.5 2.55147e-08
2.9 0.5 1.62325e-08
2.96667 0.5 6.86707e-09
3.03333 0.5 9.62611e-12
3.1 0.5 8.39552e-09
3.16667 0.5 3.26405e-08
3.23333 0.5 4.17215e-08
3.3 0.5 3.85006e-08
3.36667 0.5 3.15667e-08
3.43333 0.5 2.4293e-08
3.5 0.5 1.7977e-08
3.56667 0.5 1.29533e-08
3.63333 0.5 9.15549e-09
3.7 0.5 6.37813e-09
3.76667 0.5 4.3939e-09
3.83333 0.5 3.00056e-09
3.9 0.5 2.03498e-09
3.96667 0.5 1.3727e-09
4.03333 0.5 9.22153e-10
4.1 0.5 6.17641e-10
4.16667 0.5 4.12917e-10
4.23333 0.5 2.75868e-10
4.3 0.5 1.84445e-10
4.36667 0.5 1.23635e-10
4.43333 0.5 8.32879e-11
4.5 0.5 5.6579e-11
4.56667 0.5 3.89419e-11
4.63333 0.5 2.7335e-11
4.7 0.5 1.97421e-11
4.76667 0.5 1.4837e-11
4.83333 0.5 1.1759e-11
4.9 0.5 9.96615e-12
4.96667 0.5 9.14237e-12
0.0333333 0.566667 1.20044e-05
0.1 0.566667 9.62466e-06
0.166667 0.566667 6.97981e-06
0.233333 0.566667 6.38061e-06
0.3 0.566667 9.3274e-06
0.366667 0.566667 1.49765e-05
0.433333 0.566667 1.97866e-05
0.5 0.566667 2.04529e-05
0.566667 0.566667 1.66138e-05
0.633333 0.566667 9.77158e-06
0.7 0.566667 1.78563e-06
0.766667 0.566667 4.77143e-06
0.833333 0.566667 8.57096e-06
0.9 0.566667 9.50147e-06
0.966667 0.566667 8.61079e-06
1.03333 0.566667 7.1585e-06
1.1 0.566667 5.7087e-06
1.16667 0.566667 4.42428e-06
1.23333 0.566667 3.32403e-06
1.3 0.566667 2.37847e-06
1.36667 0.566667 1.55155e-06
1.43333 0.566667 8.26679e-07
1.5 0.566667 2.36031e-07
1.56667 0.566667 3.85262e-08
1.63333 0.566667 3.22191e-07
1.7 0.566667 5.32429e-07
1.76667 0.566667 5.76539e-07
1.83333 0.566667 5.33891e-07
1.9 0.566667 4.56655e-07
1.96667 0.566667 3.73672e-07
2.03333 0.566667 2.9843e-07
2.1 0.566667 2.35759e-07
2.16667 0.566667 1.86084e-07
2.23333 0.566667 1.47884e-07
2.3 0.566667 1.19012e-07
2.36667 0.566667 9.73421e-08
2.43333 0.566667 8.10259e-08
2.5 0.566667 6.85525e-08
2.56667 0.566667 5.87201e-08
2.63333 0.566667 5.05765e-08
2.7 0.566667 4.33668e-08
2.76667 0.566667 3.65139e-08
2.83333 0.566667 2.9663e-08
2.9 0.566667 2.28625e-08
2.96667 0.566667 1.71076e-08
3.03333 0.566667 1.54911e-08
3.1 0.566667 2.44946e-08
3.16667 0.566667 4.0167e-08
3.23333 0.566667 4.44206e-08
3.3 0.566667 3.9711e-08
3.36667 0.566667 3.21704e-08
3.43333 0.566667 2.46193e-08
3.5 0.566667 1.8161e-08
3.56667 0.566667 1.30592e-08
3.63333 0.566667 9.21692e-09
3.7 0.566667 6.41373e-09
3.76667 0.566667 4.41443e-09
3.83333 0.566667 3.01231e-09
3.9 0.566667 2.04162e-09
3.96667 0.566667 1.37638e-09
4.03333 0.566667 9.24123e-10
4.1 0.566667 6.18623e-10
4.16667 0.566667 4.13327e-10
4.23333 0.566667 2.75948e-10
4.3 0.566667 1.84332e-10
4.36667 0.566667 1.2341e-10
4.43333 0.566667 8.29963e-11
4.5 0.566667 5.62481e-11
4.56667 0.566667 3.85875e-11
4.63333 0.566667 2.69664e-11
4.7 0.566667 1.9365e-11
4.76667 0.566667 1.44547e-11
4.83333 0.566667 1.13737e-11
4.9 0.566667 9.5792e-12
4.96667 0.566667 8.75468e-12
0.0333333 0.633333 4.73029e-06
0.1 0.633333 3.55954e-06
0.166667 0.633333 2.39015e-06
0.233333 0.633333 2.3994e-06
0.3 0.633333 4.04933e-06
0.366667 0.633333 6.64118e-06
0.433333 0.633333 8.56631e-06
0.5 0.633333 8.41136e-06
0.566667 0.633333 5.84309e-06
0.633333 0.633333 1.51054e-06
0.7 0.633333 3.33232e-06
0.766667 0.633333 7.05956e-06
0.833333 0.633333 8.88562e-06
0.9 0.633333 8.86554e-06
0.966667 0.633333 7.74809e-06
1.03333 0.633333 6.34302e-06
1.1 0.633333 5.02241e-06
1.16667 0.633333 3.89137e-06
1.23333 0.633333 2.94708e-06
1.3 0.633333 2.14932e-06
1.36667 0.633333 1.45436e-06
1.43333 0.633333 8.38881e-07
1.5 0.633333 3.22448e-07
1.56667 0.633333 1.5802e-07
1.63333 0.633333 4.46656e-07
1.7 0.633333 6.20875e-07
1.76667 0.633333 6.27061e-07
1.83333 0.633333 5.55852e-07
1.9 0.633333 4.58887e-07
1.96667 0.633333 3.63455e-07
2.03333 0.633333 2.81162e-07
2.1 0.633333 2.15208e-07
2.16667 0.633333 1.64762e-07
2.23333 0.633333 1.27405e-07
2.3 0.633333 1.00393e-07
2.36667 0.633333 8.12183e-08
2.43333 0.633333 6.78081e-08
2.5 0.633333 5.85302e-08
2.56667 0.633333 5.21311e-08
2.63333 0.633333 4.76576e-08
2.7 0.633333 4.43966e-08
2.76667 0.633333 4.186e-08
2.83333 0.633333 3.98396e-08
2.9 0.633333 3.85693e-08
2.96667 0.633333 3.88841e-08
3.03333 0.633333 4.19313e-08
3.1 0.633333 4.78053e-08
3.16667 0.633333 5.22629e-08
3.23333 0.633333 5.00922e-08
3.3 0.633333 4.26388e-08
3.36667 0.633333 3.37492e-08
3.43333 0.633333 2.55098e-08
3.5 0.633333 1.86758e-08
3.56667 0.633333 1.33599e-08
3.63333 0.633333 9.39263e-09
3.7 0.633333 6.51601e-09
3.76667 0.633333 4.47355e-09
3.83333 0.633333 3.04617e-09
3.9 0.633333 2.06077e-09
3.96667 0.633333 1.38701e-09
4.03333 0.633333 9.29812e-10
4.1 0.633333 6.21465e-10
4.16667 0.633333 4.14524e-10
4.23333 0.633333 2.76193e-10
4.3 0.633333 1.84024e-10
4.36667 0.633333 1.22778e-10
4.43333 0.633333 8.21747e-11
4.5 0.633333 5.5314e-11
4.56667 0.633333 3.75863e-11
4.63333 0.633333 2.59248e-11
4.7 0.633333 1.8299e-11
4.76667 0.633333 1.33741e-11
4.83333 0.633333 1.02844e-11
4.9 0.633333 8.48517e-12
4.96667 0.633333 7.65853e-12
0.0333333 0.7 7.0648e-07
0.1 0.7 1.3763e-07
0.166667 0.7 4.86997e-07
0.233333 0.7 6.8776e-07
0.3 0.7 3.56698e-07
0.366667 0.7 1.5338e-07
0.433333 0.7 2.20139e-07
0.5 0.7 6.52109e-07
0.566667 0.7 2.51966e-06
0.633333 0.7 4.9559e-06
0.7 0.7 7.2027e-06
0.766667 0.7 8.52179e-06
0.833333 0.7 8.64234e-06
0.9 0.7 7.7904e-06
0.966667 0.7 6.46495e-06
1.03333 0.7 5.11149e-06
1.1 0.7 3.94749e-06
1.16667 0.7 3.02259e-06
1.23333 0.7 2.31e-06
1.3 0.7 1.75836e-06
1.36667 0.7 1.32066e-06
1.43333 0.7 9.73761e-07
1.5 0.7 7.34169e-07
1.56667 0.7 6.81786e-07
1.63333 0.7 7.71149e-07
1.7 0.7 7.85082e-07
1.76667 0.7 7.01085e-07
1.83333 0.7 5.76974e-07
1.9 0.7 4.49526e-07
1.96667 0.7 3.37258e-07
2.03333 0.7 2.4679e-07
2.1 0.7 1.78109e-07
2.16667 0.7 1.28282e-07
2.23333 0.7 9.35438e-08
2.3 0.7 7.03136e-08
2.36667 0.7 5.55912e-08
2.43333 0.7 4.70272e-08
2.5 0.7 4.28501e-08
2.56667 0.7 4.17456e-08
2.63333 0.7 4.27396e-08
2.7 0.7 4.51079e-08
2.76667 0.7 4.83256e-08
2.83333 0.7 5.20492e-08
2.9 0.7 5.60761e-08
2.96667 0.7 6.01327e-08
3.03333 0.7 6.35515e-08
3.1 0.7 6.50127e-08
3.16667 0.7 6.27023e-08
3.23333 0.7 5.58616e-08
3.3 0.7 4.60498e-08
3.36667 0.7 3.58084e-08
3.43333 0.7 2.67515e-08
3.5 0.7 1.9423e-08
3.56667 0.7 1.38066e-08
3.63333 0.7 9.6573e-09
3.7 0.7 6.67123e-09
3.76667 0.7 4.56364e-09
3.83333 0.7 3.09787e-09
3.9 0.7 2.09004e-09
3.96667 0.7 1.40325e-09
4.03333 0.7 9.38525e-10
4.1 0.7 6.25834e-10
4.16667 0.7 4.16387e-10
4.23333 0.7 2.76607e-10
4.3 0.7 1.83598e-10
4.36667 0.7 1.21863e-10
4.43333 0.7 8.09722e-11
4.5 0.7 5.39417e-11
4.56667 0.7 3.6113e-11
4.63333 0.7 2.43909e-11
4.7 0.7 1.67287e-11
4.76667 0.7 1.17819e-11
4.83333 0.7 8.67935e-12
4.9 0.7 6.87299e-12
4.96667 0.7 6.04322e-12
0.0333333 0.766667 8.03677e-07
0.1 0.766667 1.17698e-06
0.166667 0.766667 1.77055e-06
0.233333 0.766667 2.45215e-06
0.3 0.766667 3.20168e-06
0.366667 0.766667 4.09465e-06
0.433333 0.766667 5.21547e-06
0.5 0.766667 6.55024e-06
0.566667 0.766667 7.92194e-06
0.633333 0.766667 9.01126e-06
0.7 0.766667 9.47678e-06
0.766667 0.766667 9.13553e-06
0.833333 0.766667 8.0751e-06
0.9 0.766667 6.60209e-06
0.966667 0.766667 5.07245e-06
1.03333 0.766667 3.74256e-06
1.1 0.766667 2.72274e-06
1.16667 0.766667 2.01409e-06
1.23333 0.766667 1.56399e-06
1.3 0.766667 1.30407e-06
1.36667 0.766667 1.17072e-06
1.43333 0.766667 1.11343e-06
1.5 0.766667 1.09806e-06
1.56667 0.766667 1.10008e-06
1.63333 0.766667 1.06803e-06
1.7 0.766667 9.54992e-07
1.76667 0.766667 7.81719e-07
1.83333 0.766667 5.98087e-07
1.9 0.766667 4.34672e-07
1.96667 0.766667 3.02728e-07
2.03333 0.766667 2.03146e-07
2.1 0.766667 1.31935e-07
2.16667 0.766667 8.35188e-08
2.23333 0.766667 5.24514e-08
2.3 0.766667 3.41369e-08
2.36667 0.766667 2.49913e-08
2.43333 0.766667 2.23491e-08
2.5 0.766667 2.42764e-08
2.56667 0.766667 2.93714e-08
2.63333 0.766667 3.65894e-08
2.7 0.766667 4.50985e-08
2.76667 0.766667 5.41672e-08
2.83333 0.766667 6.30615e-08
2.9 0.766667 7.09239e-08
2.96667 0.766667 7.66783e-08
3.03333 0.766667 7.9124e-08
3.1 0.766667 7.72783e-08
3.16667 0.766667 7.09017e-08
3.23333 0.766667 6.09325e-08
3.3 0.766667 4.92792e-08
3.36667 0.766667 3.79189e-08
3.43333 0.766667 2.81089e-08
3.5 0.766667 2.02748e-08
3.56667 0.766667 1.43291e-08
3.63333 0.766667 9.97163e-09
3.7 0.766667 6.85718e-09
3.76667 0.766667 4.67205e-09
3.83333 0.766667 3.16022e-09
3.9 0.766667 2.12537e-09
3.96667 0.766667 1.42287e-09
4.03333 0.766667 9.49068e-10
4.1 0.766667 6.31145e-10
4.16667 0.766667 4.18686e-10
4.23333 0.766667 2.7717e-10
4.3 0.766667 1.83156e-10
4.36667 0.766667 1.20836e-10
4.43333 0.766667 7.9604e-11
4.5 0.766667 5.23723e-11
4.56667 0.766667 3.44242e-11
4.63333 0.766667 2.26309e-11
4.7 0.766667 1.49259e-11
4.76667 0.766667 9.95349e-12
4.83333 0.766667 6.83586e-12
4.9 0.766667 5.02121e-12
4.96667 0.766667 4.1878e-12
0.0333333 0.833333 8.96009e-07
0.1 0.833333 1.26669e-06
0.166667 0.833333 2.02125e-06
0.233333 0.833333 3.17963e-06
0.3 0.833333 4.72286e-06
0.366667 0.833333 6.53811e-06
0.433333 0.833333 8.4007e-06
0.5 0.833333 1.00075e-05
0.566667 0.833333 1.10481e-05
0.633333 0.833333 1.12908e-05
0.7 0.833333 1.06634e-05
0.766667 0.833333 9.29268e-06
0.833333 0.833333 7.47129e-06
0.9 0.833333 5.55374e-06
0.966667 0.833333 3.83878e-06
1.03333 0.833333 2.50107e-06
1.1 0.833333 1.59052e-06
1.16667 0.833333 1.07156e-06
1.23333 0.833333 8.66012e-07
1.3 0.833333 8.81373e-07
1.36667 0.833333 1.02399e-06
1.43333 0.833333 1.20369e-06
1.5 0.833333 1.34034e-06
1.56667 0.833333 1.37553e-06
1.63333 0.833333 1.28605e-06
1.7 0.833333 1.09332e-06
1.76667 0.833333 8.52223e-07
1.83333 0.833333 6.17486e-07
1.9 0.833333 4.2005e-07
1.96667 0.833333 2.68557e-07
2.03333 0.833333 1.59775e-07
2.1 0.833333 8.60538e-08
2.16667 0.833333 3.91481e-08
2.23333 0.833333 1.18661e-08
2.3 0.833333 1.45034e-09
2.36667 0.833333 4.99104e-09
2.43333 0.833333 1.74862e-09
2.5 0.833333 6.16905e-09
2.56667 0.833333 1.72513e-08
2.63333 0.833333 3.03408e-08
2.7 0.833333 4.44327e-08
2.76667 0.833333 5.85106e-08
2.83333 0.833333 7.14223e-08
2.9 0.833333 8.18293e-08
2.96667 0.833333 8.83208e-08
3.03333 0.833333 8.97546e-08
3.1 0.833333 8.57331e-08
3.16667 0.833333 7.69335e-08
3.23333 0.833333 6.50104e-08
3.3 0.833333 5.20382e-08
3.36667 0.833333 3.98036e-08
3.43333 0.833333 2.93737e-08
3.5 0.833333 2.1095e-08
3.56667 0.833333 1.48434e-08
3.63333 0.833333 1.02852e-08
3.7 0.833333 7.04411e-09
3.76667 0.833333 4.78147e-09
3.83333 0.833333 3.22326e-09
3.9 0.833333 2.16112e-09
3.96667 0.833333 1.44274e-09
4.03333 0.833333 9.59758e-10
4.1 0.833333 6.36557e-10
4.16667 0.833333 4.21065e-10
4.23333 0.833333 2.77804e-10
4.3 0.833333 1.82784e-10
4.36667 0.833333 1.19882e-10
4.43333 0.833333 7.83099e-11
4.5 0.833333 5.08788e-11
4.56667 0.833333 3.28128e-11
4.63333 0.833333 2.09493e-11
4.7 0.833333 1.32024e-11
4.76667 0.833333 8.20498e-12
4.83333 0.833333 5.07269e-12
4.9 0.833333 3.24997e-12
4.96667 0.833333 2.41302e-12
0.0333333 0.9 4.81149e-07
0.1 0.9 9.03043e-07
0.166667 0.9 1.82911e-06
0.233333 0.9 3.33997e-06
0.3 0.9 5.39815e-06
0.366667 0.9 7.77571e-06
0.433333 0.9 1.00757e-05
0.5 0.9 1.18402e-05
0.566667 0.9 1.26945e-05
0.633333 0.9 1.24653e-05
0.7 0.9 1.12284e-05
0.766667 0.9 9.27277e-06
0.833333 0.9 6.99816e-06
0.9 0.9 4.79244e-06
0.966667 0.9 2.93855e-06
1.03333 0.9 1.58015e-06
1.1 0.9 7.39378e-07
1.16667 0.9 3.58494e-07
1.23333 0.9 3.3849e-07
1.3 0.9 5.62716e-07
1.36667 0.9 9.07386e-07
1.43333 0.9 1.24931e-06
1.5 0.9 1.48223e-06
1.56667 0.9 1.54246e-06
1.63333 0.9 1.42765e-06
1.7 0.9 1.19003e-06
1.76667 0.9 9.04373e-07
1.83333 0.9 6.33003e-07
1.9 0.9 4.09424e-07
1.96667 0.9 2.42073e-07
2.03333 0.9 1.25546e-07
2.1 0.9 4.95798e-08
2.16667 0.9 3.79638e-09
2.23333 0.9 2.046e-08
2.3 0.9 2.97512e-08
2.36667 0.9 2.87843e-08
2.43333 0.9 2.08324e-08
2.5 0.9 8.15654e-09
2.56667 0.9 7.62812e-09
2.63333 0.9 2.525e-08
2.7 0.9 4.35353e-08
2.76667 0.9 6.12209e-08
2.83333 0.9 7.68527e-08
2.9 0.9 8.88312e-08
2.96667 0.9 9.56663e-08
3.03333 0.9 9.64172e-08
3.1 0.9 9.11268e-08
3.16667 0.9 8.09612e-08
3.23333 0.9 6.78964e-08
3.3 0.9 5.40837e-08
3.36667 0.9 4.12425e-08
3.43333 0.9 3.03622e-08
3.5 0.9 2.17492e-08
3.56667 0.9 1.52598e-08
3.63333 0.9 1.05415e-08
3.7 0.9 7.19775e-09
3.76667 0.9 4.87164e-09
3.83333 0.9 3.27527e-09
3.9 0.9 2.19062e-09
3.96667 0.9 1.45913e-09
4.03333 0.9 9.68591e-10
4.1 0.9 6.41047e-10
4.16667 0.9 4.23066e-10
4.23333 0.9 2.78376e-10
4.3 0.9 1.82535e-10
4.36667 0.9 1.19158e-10
4.43333 0.9 7.731e-11
4.5 0.9 4.97176e-11
4.56667 0.9 3.15566e-11
4.63333 0.9 1.96367e-11
4.7 0.9 1.18562e-11
4.76667 0.9 6.83877e-12
4.83333 0.9 3.6948e-12
4.9 0.9 1.86567e-12
4.96667 0.9 1.02589e-12
0.0333333 0.966667 1.38821e-07
0.1 0.966667 5.98244e-07
0.166667 0.966667 1.62424e-06
0.233333 0.966667 3.31801e-06
0.3 0.966667 5.62876e-06
0.366667 0.966667 8.27399e-06
0.433333 0.966667 1.07791e-05
0.5 0.966667 1.26191e-05
0.566667 0.966667 1.33939e-05
0.633333 0.966667 1.29576e-05
0.7 0.966667 1.14505e-05
0.766667 0.966667 9.23051e-06
0.833333 0.966667 6.74394e-06
0.9 0.966667 4.39617e-06
0.966667 0.966667 2.46817e-06
1.03333 0.966667 1.09436e-06
1.1 0.966667 2.86925e-07
1.16667 0.966667 2.18648e-08
1.23333 0.966667 5.73491e-08
1.3 0.966667 3.92934e-07
1.36667 0.966667 8.42924e-07
1.43333 0.966667 1.26655e-06
1.5 0.966667 1.54701e-06
1.56667 0.966667 1.62142e-06
1.63333 0.966667 1.49759e-06
1.7 0.966667 1.24007e-06
1.76667 0.966667 9.32513e-07
1.83333 0.966667 6.41996e-07
1.9 0.966667 4.04179e-07
1.96667 0.966667 2.27884e-07
2.03333 0.966667 1.0685e-07
2.1 0.966667 2.94983e-08
2.16667 0.966667 1.57308e-08
2.23333 0.966667 3.83317e-08
2.3 0.966667 4.53922e-08
2.36667 0.966667 4.1922e-08
2.43333 0.966667 3.13587e-08
2.5 0.966667 1.60551e-08
2.56667 0.966667 2.30951e-09
2.63333 0.966667 2.23922e-08
2.7 0.966667 4.29178e-08
2.76667 0.966667 6.24861e-08
2.83333 0.966667 7.94935e-08
2.9 0.966667 9.22348e-08
2.96667 0.966667 9.92229e-08
3.03333 0.966667 9.96525e-08
3.1 0.966667 9.37871e-08
3.16667 0.966667 8.30055e-08
3.23333 0.966667 6.9411e-08
3.3 0.966667 5.51869e-08
3.36667 0.966667 4.20323e-08
3.43333 0.966667 3.09113e-08
3.5 0.966667 2.21162e-08
3.56667 0.966667 1.54953e-08
3.63333 0.966667 1.06872e-08
3.7 0.966667 7.28531e-09
3.76667 0.966667 4.9231e-09
3.83333 0.966667 3.30496e-09
3.9 0.966667 2.20745e-09
3.96667 0.966667 1.46849e-09
4.03333 0.966667 9.73636e-10
4.1 0.966667 6.43619e-10
4.16667 0.966667 4.24223e-10
4.23333 0.966667 2.78723e-10
4.3 0.966667 1.82417e-10
4.36667 0.966667 1.18771e-10
4.43333 0.966667 7.67678e-11
4.5 0.966667 4.90846e-11
4.56667 0.966667 3.08702e-11
4.63333 0.966667 1.89189e-11
4.7 0.966667 1.11196e-11
4.76667 0.966667 6.09107e-12
4.83333 0.966667 2.94061e-12
4.9 0.966667 1.10791e-12
4.96667 0.966667 2.6656e-13
