0.0333333 0.0333333 9.32386e-06
0.1 0.0333333 2.33729e-05
0.166667 0.0333333 3.85644e-05
0.233333 0.0333333 5.30617e-05
0.3 0.0333333 7.73556e-05
0.366667 0.0333333 0.000119084
0.433333 0.0333333 0.000172457
0.5 0.0333333 0.00022109
0.566667 0.0333333 0.000250415
0.633333 0.0333333 0.000256417
0.7 0.0333333 0.000244192
0.766667 0.0333333 0.000221523
0.833333 0.0333333 0.000194316
0.9 0.0333333 0.000165983
0.966667 0.0333333 0.000138477
1.03333 0.0333333 0.000112932
1.1 0.0333333 9.00662e-05
1.16667 0.0333333 7.02989e-05
1.23333 0.0333333 5.37045e-05
1.3 0.0333333 4.00102e-05
1.36667 0.0333333 2.86136e-05
1.43333 0.0333333 1.879e-05
1.5 0.0333333 1.00241e-05
1.56667 0.0333333 2.18938e-06
1.63333 0.0333333 4.39794e-06
1.7 0.0333333 9.11682e-06
1.76667 0.0333333 1.13445e-05
1.83333 0.0333333 1.07415e-05
1.9 0.0333333 7.38827e-06
1.96667 0.0333333 1.74826e-06
2.03333 0.0333333 5.47406e-06
2.1 0.0333333 1.34904e-05
2.16667 0.0333333 2.15432e-05
2.23333 0.0333333 2.89723e-05
2.3 0.0333333 3.52362e-05
2.36667 0.0333333 3.98869e-05
2.43333 0.0333333 4.25489e-05
2.5 0.0333333 4.29241e-05
2.56667 0.0333333 4.0832e-05
2.63333 0.0333333 3.63064e-05
2.7 0.0333333 2.96873e-05
2.76667 0.0333333 2.1789e-05
2.83333 0.0333333 1.40892e-05
2.9 0.0333333 8.59525e-06
2.96667 0.0333333 7.33728e-06
3.03333 0.0333333 1.16e-05
3.1 0.0333333 2.12238e-05
3.16667 0.0333333 3.44346e-05
3.23333 0.0333333 4.84786e-05
3.3 0.0333333 6.07069e-05
3.36667 0.0333333 6.93775e-05
3.43333 0.0333333 7.39652e-05
3.5 0.0333333 7.49187e-05
3.56667 0.0333333 7.31163e-05
3.63333 0.0333333 6.94586e-05
3.7 0.0333333 6.46944e-05
3.76667 0.0333333 5.93833e-05
3.83333 0.0333333 5.39085e-05
3.9 0.0333333 4.85161e-05
3.96667 0.0333333 4.33555e-05
4.03333 0.0333333 3.85108e-05
4.1 0.0333333 3.40183e-05
4.16667 0.0333333 2.98781e-05
4.23333 0.0333333 2.60739e-05
4.3 0.0333333 2.25888e-05
4.36667 0.0333333 1.94009e-05
4.43333 0.0333333 1.64775e-05
4.5 0.0333333 1.3789e-05
4.56667 0.0333333 1.13093e-05
4.63333 0.0333333 9.00963e-06
4.7 0.0333333 6.86382e-06
4.76667 0.0333333 4.85998e-06
4.83333 0.0333333 3.02121e-06
4.9 0.0333333 1.45077e-06
4.96667 0.0333333 4.48953e-07
0.0333333 0.1 2.17447e-05
0.1 0.1 2.64386e-06
0.166667 0.1 2.03519e-05
0.233333 0.1 2.92224e-05
0.3 0.1 2.39639e-05
0.366667 0.1 7.34143e-07
0.433333 0.1 3.77851e-05
0.5 0.1 8.18246e-05
0.566667 0.1 0.000116607
0.633333 0.1 0.000133311
0.7 0.1 0.000135651
0.766667 0.1 0.000129435
0.833333 0.1 0.000117612
0.9 0.1 0.000102805
0.966667 0.1 8.68286e-05
1.03333 0.1 7.08655e-05
1.1 0.1 5.58084e-05
1.16667 0.1 4.25095e-05
1.23333 0.1 3.13741e-05
1.3 0.1 2.22745e-05
1.36667 0.1 1.50214e-05
1.43333 0.1 9.21708e-06
1.5 0.1 4.34876e-06
1.56667 0.1 8.5914e-08
1.63333 0.1 3.57898e-06
1.7 0.1 6.32992e-06
1.76667 0.1 7.70785e-06
1.83333 0.1 7.35125e-06
1.9 0.1 5.16646e-06
1.96667 0.1 1.3656e-06
2.03333 0.1 3.60488e-06
2.1 0.1 9.1791e-06
2.16667 0.1 1.47726e-05
2.23333 0.1 1.98528e-05
2.3 0.1 2.39643e-05
2.36667 0.1 2.67233e-05
2.43333 0.1 2.7817e-05
2.5 0.1 2.69984e-05
2.56667 0.1 2.41046e-05
2.63333 0.1 1.91388e-05
2.7 0.1 1.23763e-05
2.76667 0.1 4.4548e-06
2.83333 0.1 3.44104e-06
2.9 0.1 9.5712e-06
2.96667 0.1 1.20905e-05
3.03333 0.1 9.63661e-06
3.1 0.1 1.97099e-06
3.16667 0.1 9.6888e-06
3.23333 0.1 2.29788e-05
3.3 0.1 3.52648e-05
3.36667 0.1 4.46333e-05
3.43333 0.1 5.04553e-05
3.5 0.1 5.31145e-05
3.56667 0.1 5.327e-05
3.63333 0.1 5.16078e-05
3.7 0.1 4.87789e-05
3.76667 0.1 4.52769e-05
3.83333 0.1 4.1455e-05
3.9 0.1 3.75523e-05
3.96667 0.1 3.37206e-05
4.03333 0.1 3.00534e-05
4.1 0.1 2.66179e-05
4.16667 0.1 2.34227e-05
4.23333 0.1 2.04341e-05
4.3 0.1 1.76579e-05
4.36667 0.1 1.51036e-05
4.43333 0.1 1.27567e-05
4.5 0.1 1.06024e-05
4.56667 0.1 8.62389e-06
4.63333 0.1 6.8049e-06
4.7 0.1 5.13896e-06
4.76667 0.1 3.64121e-06
4.83333 0.1 2.37386e-06
4.9 0.1 1.49851e-06
4.96667 0.1 1.38398e-06
0.0333333 0.166667 2.78366e-05
0.1 0.166667 2.42504e-05
0.166667 0.166667 6.6031e-05
0.233333 0.166667 8.17195e-05
0.3 0.166667 8.49411e-05
0.366667 0.166667 8.6271e-05
0.433333 0.166667 7.83671e-05
0.5 0.166667 4.99674e-05
0.566667 0.166667 1.21001e-05
0.633333 0.166667 1.70495e-05
0.7 0.166667 3.57748e-05
0.766667 0.166667 4.61159e-05
0.833333 0.166667 4.9649e-05
0.9 0.166667 4.77594e-05
0.966667 0.166667 4.25713e-05
1.03333 0.166667 3.5343e-05
1.1 0.166667 2.66044e-05
1.16667 0.166667 1.80238e-05
1.23333 0.166667 1.06811e-05
1.3 0.166667 4.85847e-06
1.36667 0.166667 8.21024e-07
1.43333 0.166667 1.43979e-06
1.5 0.166667 2.2591e-06
1.56667 0.166667 2.22569e-06
1.63333 0.166667 1.9654e-06
1.7 0.166667 1.87104e-06
1.76667 0.166667 1.95344e-06
1.83333 0.166667 1.92872e-06
1.9 0.166667 1.45403e-06
1.96667 0.166667 3.32333e-07
2.03333 0.166667 1.41145e-06
2.1 0.166667 3.56549e-06
2.16667 0.166667 5.81306e-06
2.23333 0.166667 7.81323e-06
2.3 0.166667 9.24115e-06
2.36667 0.166667 9.8208e-06
2.43333 0.166667 9.34143e-06
2.5 0.166667 7.64127e-06
2.56667 0.166667 4.61923e-06
2.63333 0.166667 2.06465e-07
2.7 0.166667 5.4594e-06
2.76667 0.166667 1.19021e-05
2.83333 0.166667 1.86144e-05
2.9 0.166667 2.47531e-05
2.96667 0.166667 2.89414e-05
3.03333 0.166667 2.97739e-05
3.1 0.166667 2.62461e-05
3.16667 0.166667 1.8365e-05
3.23333 0.166667 7.59411e-06
3.3 0.166667 3.7273e-06
3.36667 0.166667 1.37367e-05
3.43333 0.166667 2.13399e-05
3.5 0.166667 2.61885e-05
3.56667 0.166667 2.86847e-05
3.63333 0.166667 2.94754e-05
3.7 0.166667 2.90384e-05
3.76667 0.166667 2.77751e-05
3.83333 0.166667 2.60182e-05
3.9 0.166667 2.39945e-05
3.96667 0.166667 2.18472e-05
4.03333 0.166667 1.96747e-05
4.1 0.166667 1.75505e-05
4.16667 0.166667 1.54982e-05
4.23333 0.166667 1.35333e-05
4.3 0.166667 1.16849e-05
4.36667 0.166667 9.9635e-06
4.43333 0.166667 8.37737e-06
4.5 0.166667 6.92222e-06
4.56667 0.166667 5.58959e-06
4.63333 0.166667 4.38116e-06
4.7 0.166667 3.31472e-06
4.76667 0.166667 2.44124e-06
4.83333 0.166667 1.87614e-06
4.9 0.166667 1.85182e-06
4.96667 0.166667 2.72733e-06
0.0333333 0.233333 2.04232e-05
0.1 0.233333 4.62353e-05
0.166667 0.233333 8.76163e-05
0.233333 0.233333 9.10607e-05
0.3 0.233333 2.85692e-05
0.366667 0.233333 5.907e-05
0.433333 0.233333 0.000137572
0.5 0.233333 0.000141298
0.566667 0.233333 0.000103202
0.633333 0.233333 6.43311e-05
0.7 0.233333 3.26048e-05
0.766667 0.233333 8.01554e-06
0.833333 0.233333 9.01357e-06
0.9 0.233333 1.62003e-05
0.966667 0.233333 1.6954e-05
1.03333 0.233333 1.39833e-05
1.1 0.233333 9.08547e-06
1.16667 0.233333 4.10083e-06
1.23333 0.233333 6.88384e-07
1.3 0.233333 4.98642e-06
1.36667 0.233333 8.14866e-06
1.43333 0.233333 9.27619e-06
1.5 0.233333 7.79833e-06
1.56667 0.233333 4.14375e-06
1.63333 0.233333 2.51537e-07
1.7 0.233333 3.7113e-06
1.76667 0.233333 5.26176e-06
1.83333 0.233333 4.92543e-06
1.9 0.233333 3.36547e-06
1.96667 0.233333 1.3441e-06
2.03333 0.233333 6.13922e-07
2.1 0.233333 2.2871e-06
2.16667 0.233333 3.68394e-06
2.23333 0.233333 4.96088e-06
2.3 0.233333 6.28657e-06
2.36667 0.233333 7.78317e-06
2.43333 0.233333 9.56766e-06
2.5 0.233333 1.16982e-05
2.56667 0.233333 1.41488e-05
2.63333 0.233333 1.68237e-05
2.7 0.233333 1.97513e-05
2.76667 0.233333 2.2984e-05
2.83333 0.233333 2.66989e-05
2.9 0.233333 3.11209e-05
2.96667 0.233333 3.61292e-05
3.03333 0.233333 4.10506e-05
3.1 0.233333 4.41734e-05
3.16667 0.233333 4.31429e-05
3.23333 0.233333 3.70974e-05
3.3 0.233333 2.77033e-05
3.36667 0.233333 1.75344e-05
3.43333 0.233333 8.73236e-06
3.5 0.233333 2.11726e-06
3.56667 0.233333 2.77166e-06
3.63333 0.233333 6.15404e-06
3.7 0.233333 8.10927e-06
3.76667 0.233333 9.11394e-06
3.83333 0.233333 9.52125e-06
3.9 0.233333 9.48284e-06
3.96667 0.233333 9.12447e-06
4.03333 0.233333 8.55993e-06
4.1 0.233333 7.84834e-06
4.16667 0.233333 7.03406e-06
4.23333 0.233333 6.19647e-06
4.3 0.233333 5.38438e-06
4.36667 0.233333 4.6048e-06
4.43333 0.233333 3.86912e-06
4.5 0.233333 3.18485e-06
4.56667 0.233333 2.56029e-06
4.63333 0.233333 2.0129e-06
4.7 0.233333 1.58256e-06
4.76667 0.233333 1.35253e-06
4.83333 0.233333 1.4842e-06
4.9 0.233333 2.26094e-06
4.96667 0.233333 4.10988e-06
0.0333333 0.3 1.45206e-05
0.1 0.3 6.13992e-05
0.166667 0.3 9.39162e-05
0.233333 0.3 1.97252e-05
0.3 0.3 0.000155145
0.366667 0.3 0.000339497
0.433333 0.3 6.60898e-05
0.5 0.3 0.000173804
0.566667 0.3 0.000152816
0.633333 0.3 0.000109271
0.7 0.3 7.00627e-05
0.766667 0.3 3.50083e-05
0.833333 0.3 9.21174e-06
0.9 0.3 1.9198e-06
0.966667 0.3 6.07933e-06
1.03333 0.3 6.63401e-06
1.1 0.3 6.64498e-06
1.16667 0.3 6.4821e-06
1.23333 0.3 4.50678e-06
1.3 0.3 4.59902e-07
1.36667 0.3 4.76702e-06
1.43333 0.3 9.00469e-06
1.5 0.3 9.31682e-06
1.56667 0.3 4.53969e-06
1.63333 0.3 3.1836e-06
1.7 0.3 1.01477e-05
1.76667 0.3 1.35475e-05
1.83333 0.3 1.28158e-05
1.9 0.3 9.05791e-06
1.96667 0.3 3.76617e-06
2.03333 0.3 1.91609e-06
2.1 0.3 7.33327e-06
2.16667 0.3 1.21937e-05
2.23333 0.3 1.64365e-05
2.3 0.3 2.00794e-05
2.36667 0.3 2.31917e-05
2.43333 0.3 2.58499e-05
2.5 0.3 2.79912e-05
2.56667 0.3 2.94591e-05
2.63333 0.3 2.9995e-05
2.7 0.3 2.95239e-05
2.76667 0.3 2.8162e-05
2.83333 0.3 2.65747e-05
2.9 0.3 2.59033e-05
2.96667 0.3 2.72676e-05
3.03333 0.3 3.41793e-05
3.1 0.3 4.64591e-05
3.16667 0.3 5.78581e-05
3.23333 0.3 6.04624e-05
3.3 0.3 5.42373e-05
3.36667 0.3 4.43822e-05
3.43333 0.3 3.50693e-05
3.5 0.3 2.71043e-05
3.56667 0.3 2.0428e-05
3.63333 0.3 1.53177e-05
3.7 0.3 1.15948e-05
3.76667 0.3 8.5007e-06
3.83333 0.3 6.06738e-06
3.9 0.3 4.35398e-06
3.96667 0.3 3.06997e-06
4.03333 0.3 2.10513e-06
4.1 0.3 1.4469e-06
4.16667 0.3 1.03411e-06
4.23333 0.3 7.72564e-07
4.3 0.3 5.96562e-07
4.36667 0.3 4.71042e-07
4.43333 0.3 3.78661e-07
4.5 0.3 3.06554e-07
4.56667 0.3 2.39221e-07
4.63333 0.3 1.49059e-07
4.7 0.3 1.8476e-08
4.76667 0.3 3.69396e-07
4.83333 0.3 1.10029e-06
4.9 0.3 2.55521e-06
4.96667 0.3 5.29411e-06
0.0333333 0.366667 3.10454e-05
0.1 0.366667 5.87862e-05
0.166667 0.366667 0.000105118
0.233333 0.366667 3.22948e-05
0.3 0.366667 0.000227052
0.366667 0.366667 0.00331952
0.433333 0.366667 1.55958e-05
0.5 0.366667 0.000188096
0.566667 0.366667 0.00017192
0.633333 0.366667 0.000126213
0.7 0.366667 8.32071e-05
0.766667 0.366667 4.22554e-05
0.833333 0.366667 1.20946e-05
0.9 0.366667 2.66927e-07
0.966667 0.366667 7.60515e-06
1.03333 0.366667 1.45601e-05
1.1 0.366667 2.12414e-05
1.16667 0.366667 2.64404e-05
1.23333 0.366667 2.81454e-05
1.3 0.366667 2.51839e-05
1.36667 0.366667 1.66979e-05
1.43333 0.366667 5.17258e-06
1.5 0.366667 3.26847e-06
1.56667 0.366667 2.31785e-06
1.63333 0.366667 6.96263e-06
1.7 0.366667 1.76034e-05
1.76667 0.366667 2.31869e-05
1.83333 0.366667 2.1986e-05
1.9 0.366667 1.58478e-05
1.96667 0.366667 7.25004e-06
2.03333 0.366667 1.97433e-06
2.1 0.366667 1.07865e-05
2.16667 0.366667 1.86307e-05
2.23333 0.366667 2.52828e-05
2.3 0.366667 3.07461e-05
2.36667 0.366667 3.507e-05
2.43333 0.366667 3.82833e-05
2.5 0.366667 4.02653e-05
2.56667 0.366667 4.07668e-05
2.63333 0.366667 3.94141e-05
2.7 0.366667 3.5738e-05
2.76667 0.366667 2.92936e-05
2.83333 0.366667 1.93682e-05
2.9 0.366667 5.91781e-06
2.96667 0.366667 4.78725e-06
3.03333 0.366667 9.80474e-06
3.1 0.366667 1.16617e-05
3.16667 0.366667 5.10374e-05
3.23333 0.366667 7.33408e-05
3.3 0.366667 7.19998e-05
3.36667 0.366667 6.45427e-05
3.43333 0.366667 5.47939e-05
3.5 0.366667 4.55213e-05
3.56667 0.366667 3.75735e-05
3.63333 0.366667 3.11881e-05
3.7 0.366667 2.60727e-05
3.76667 0.366667 2.15973e-05
3.83333 0.366667 1.79956e-05
3.9 0.366667 1.51701e-05
3.96667 0.366667 1.25448e-05
4.03333 0.366667 1.03631e-05
4.1 0.366667 8.75038e-06
4.16667 0.366667 7.46268e-06
4.23333 0.366667 6.36384e-06
4.3 0.366667 5.39682e-06
4.36667 0.366667 4.53341e-06
4.43333 0.366667 3.75791e-06
4.5 0.366667 3.05817e-06
4.56667 0.366667 2.41763e-06
4.63333 0.366667 1.80535e-06
4.7 0.366667 1.15997e-06
4.76667 0.366667 3.62516e-07
4.83333 0.366667 8.09616e-07
4.9 0.366667 2.7586e-06
4.96667 0.366667 6.18748e-06
0.0333333 0.433333 7.58222e-05
0.1 0.433333 3.25207e-05
0.166667 0.433333 0.000117602
0.233333 0.433333 0.000145722
0.3 0.433333 0.000111387
0.366667 0.433333 4.34005e-05
0.433333 0.433333 0.000167594
0.5 0.433333 0.000200288
0.566667 0.433333 0.000168009
0.633333 0.433333 0.000122299
0.7 0.433333 7.96398e-05
0.766667 0.433333 3.90427e-05
0.833333 0.433333 8.48135e-06
0.9 0.433333 5.90208e-06
0.966667 0.433333 1.85329e-05
1.03333 0.433333 3.17016e-05
1.1 0.433333 4.39159e-05
1.16667 0.433333 5.45574e-05
1.23333 0.433333 6.20324e-05
1.3 0.433333 6.40259e-05
1.36667 0.433333 5.75713e-05
1.43333 0.433333 3.66328e-05
1.5 0.433333 1.13668e-05
1.56667 0.433333 1.42344e-06
1.63333 0.433333 6.99371e-06
1.7 0.433333 2.32694e-05
1.76667 0.433333 3.28054e-05
1.83333 0.433333 3.17819e-05
1.9 0.433333 2.33737e-05
1.96667 0.433333 1.17234e-05
2.03333 0.433333 5.58651e-07
2.1 0.433333 1.21269e-05
2.16667 0.433333 2.22591e-05
2.23333 0.433333 3.06802e-05
2.3 0.433333 3.7463e-05
2.36667 0.433333 4.26541e-05
2.43333 0.433333 4.62506e-05
2.5 0.433333 4.81249e-05
2.56667 0.433333 4.79646e-05
2.63333 0.433333 4.52249e-05
2.7 0.433333 3.91143e-05
2.76667 0.433333 2.87856e-05
2.83333 0.433333 8.97039e-06
2.9 0.433333 2.18707e-05
2.96667 0.433333 6.14647e-05
3.03333 0.433333 9.78894e-05
3.1 0.433333 0.000107007
3.16667 0.433333 5.38237e-06
3.23333 0.433333 6.36858e-05
3.3 0.433333 8.05484e-05
3.36667 0.433333 7.67356e-05
3.43333 0.433333 6.71225e-05
3.5 0.433333 5.70527e-05
3.56667 0.433333 4.8154e-05
3.63333 0.433333 4.07033e-05
3.7 0.433333 3.45311e-05
3.76667 0.433333 2.9314e-05
3.83333 0.433333 2.50068e-05
3.9 0.433333 2.1386e-05
3.96667 0.433333 1.79134e-05
4.03333 0.433333 1.51438e-05
4.1 0.433333 1.31941e-05
4.16667 0.433333 1.14467e-05
4.23333 0.433333 9.85368e-06
4.3 0.433333 8.39582e-06
4.36667 0.433333 7.06302e-06
4.43333 0.433333 5.84812e-06
4.5 0.433333 4.74292e-06
4.56667 0.433333 3.73269e-06
4.63333 0.433333 2.78667e-06
4.7 0.433333 1.84157e-06
4.76667 0.433333 7.7235e-07
4.83333 0.433333 6.59469e-07
4.9 0.433333 2.89667e-06
4.96667 0.433333 6.7473e-06
0.0333333 0.5 0.000131686
0.1 0.5 1.09885e-05
0.166667 0.5 0.000103824
0.233333 0.5 0.000171672
0.3 0.5 0.000181761
0.366667 0.5 0.000197784
0.433333 0.5 0.000207915
0.5 0.5 0.000186415
0.566667 0.5 0.000146408
0.633333 0.5 0.000104919
0.7 0.5 6.67712e-05
0.766667 0.5 3.20194e-05
0.833333 0.5 4.52402e-06
0.9 0.5 1.35549e-05
0.966667 0.5 2.94951e-05
1.03333 0.5 4.62345e-05
1.1 0.5 6.30899e-05
1.16667 0.5 7.93518e-05
1.23333 0.5 9.33449e-05
1.3 0.5 0.000102836
1.36667 0.5 0.000105342
1.43333 0.5 0.000100791
1.5 0.5 3.73808e-05
1.56667 0.5 1.18407e-05
1.63333 0.5 1.22905e-05
1.7 0.5 1.80781e-05
1.76667 0.5 3.89388e-05
1.83333 0.5 3.98021e-05
1.9 0.5 3.00145e-05
1.96667 0.5 1.62618e-05
2.03333 0.5 1.99244e-06
2.1 0.5 1.12306e-05
2.16667 0.5 2.26527e-05
2.23333 0.5 3.20252e-05
2.3 0.5 3.94758e-05
2.36667 0.5 4.50983e-05
2.43333 0.5 4.89188e-05
2.5 0.5 5.08178e-05
2.56667 0.5 5.04665e-05
2.63333 0.5 4.72598e-05
2.7 0.5 4.0286e-05
2.76667 0.5 2.85493e-05
2.83333 0.5 3.96469e-06
2.9 0.5 3.53831e-05
2.96667 0.5 9.19615e-05
3.03333 0.5 0.000194192
3.1 0.5 5.66709e-05
3.16667 0.5 7.16695e-05
3.23333 0.5 5.55361e-05
3.3 0.5 8.25626e-05
3.36667 0.5 8.07545e-05
3.43333 0.5 7.13171e-05
3.5 0.5 6.10026e-05
3.56667 0.5 5.17759e-05
3.63333 0.5 4.39908e-05
3.7 0.5 3.74854e-05
3.76667 0.5 3.20175e-05
3.83333 0.5 2.73891e-05
3.9 0.5 2.33943e-05
3.96667 0.5 1.96263e-05
4.03333 0.5 1.6713e-05
4.1 0.5 1.47293e-05
4.16667 0.5 1.28488e-05
4.23333 0.5 1.1092e-05
4.3 0.5 9.46468e-06
4.36667 0.5 7.96676e-06
4.43333 0.5 6.59584e-06
4.5 0.5 5.34616e-06
4.56667 0.5 4.20427e-06
4.63333 0.5 3.13999e-06
4.7 0.5 2.08981e-06
4.76667 0.5 9.26723e-07
4.83333 0.5 5.93643e-07
4.9 0.5 2.92988e-06
4.96667 0.5 6.93065e-06
0.0333333 0.566667 0.000173167
0.1 0.566667 5.51549e-05
0.166667 0.566667 6.19239e-05
0.233333 0.566667 0.00013349
0.3 0.566667 0.000166273
0.366667 0.566667 0.000175739
0.433333 0.566667 0.000168985
0.5 0.566667 0.000145894
0.566667 0.566667 0.000113664
0.633333 0.566667 8.06028e-05
0.7 0.566667 4.9888e-05
0.766667 0.566667 2.21808e-05
0.833333 0.566667 5.16248e-07
0.9 0.566667 1.73028e-05
0.966667 0.566667 3.50142e-05
1.03333 0.566667 5.29513e-05
1.1 0.566667 7.15402e-05
1.16667 0.566667 9.00049e-05
1.23333 0.566667 0.000106555
1.3 0.566667 0.000118761
1.36667 0.566667 0.000125221
1.43333 0.566667 0.000128785
1.5 0.566667 0.00021187
1.56667 0.566667 7.10036e-05
1.63333 0.566667 0.000106845
1.7 0.566667 3.49482e-07
1.76667 0.566667 4.0069e-05
1.83333 0.566667 4.39342e-05
1.9 0.566667 3.40727e-05
1.96667 0.566667 1.96716e-05
2.03333 0.566667 4.91236e-06
2.1 0.566667 8.53384e-06
2.16667 0.566667 2.00119e-05
2.23333 0.566667 2.9333e-05
2.3 0.566667 3.66698e-05
2.36667 0.566667 4.22077e-05
2.43333 0.566667 4.60159e-05
2.5 0.566667 4.8016e-05
2.56667 0.566667 4.79279e-05
2.63333 0.566667 4.52283e-05
2.7 0.566667 3.91388e-05
2.76667 0.566667 2.88203e-05
2.83333 0.566667 9.01427e-06
2.9 0.566667 2.18184e-05
2.96667 0.566667 6.14026e-05
3.03333 0.566667 9.77888e-05
3.1 0.566667 0.000106892
3.16667 0.566667 5.44129e-06
3.23333 0.566667 6.36987e-05
3.3 0.566667 8.05511e-05
3.36667 0.566667 7.67354e-05
3.43333 0.566667 6.71215e-05
3.5 0.566667 5.70516e-05
3.56667 0.566667 4.8153e-05
3.63333 0.566667 4.07025e-05
3.7 0.566667 3.45305e-05
3.76667 0.566667 2.93136e-05
3.83333 0.566667 2.50065e-05
3.9 0.566667 2.13858e-05
3.96667 0.566667 1.79132e-05
4.03333 0.566667 1.51437e-05
4.1 0.566667 1.3194e-05
4.16667 0.566667 1.14466e-05
4.23333 0.566667 9.85362e-06
4.3 0.566667 8.39578e-06
4.36667 0.566667 7.063e-06
4.43333 0.566667 5.8481e-06
4.5 0.566667 4.74291e-06
4.56667 0.566667 3.73269e-06
4.63333 0.566667 2.78666e-06
4.7 0.566667 1.84157e-06
4.76667 0.566667 7.72349e-07
4.83333 0.566667 6.59469e-07
4.9 0.566667 2.89667e-06
4.96667 0.566667 6.7473e-06
0.0333333 0.633333 0.000185792
0.1 0.633333 8.46398e-05
0.166667 0.633333 1.92165e-05
0.233333 0.633333 8.5757e-05
0.3 0.633333 0.000115177
0.366667 0.633333 0.000121777
0.433333 0.633333 0.000114284
0.5 0.633333 9.75738e-05
0.566667 0.633333 7.52569e-05
0.633333 0.633333 5.23665e-05
0.7 0.633333 3.12961e-05
0.766667 0.633333 1.02595e-05
0.833333 0.633333 4.7661e-06
0.9 0.633333 1.82669e-05
0.966667 0.633333 3.41029e-05
1.03333 0.633333 4.99709e-05
1.1 0.633333 6.62758e-05
1.16667 0.633333 8.1921e-05
1.23333 0.633333 9.45437e-05
1.3 0.633333 0.000100565
1.36667 0.633333 9.56043e-05
1.43333 0.633333 7.86457e-05
1.5 0.633333 2.62783e-05
1.56667 0.633333 3.35481e-05
1.63333 0.633333 0.000207228
1.7 0.633333 9.13011e-06
1.76667 0.633333 3.60136e-05
1.83333 0.633333 4.22654e-05
1.9 0.633333 3.36012e-05
1.96667 0.633333 2.04484e-05
2.03333 0.633333 7.11358e-06
2.1 0.633333 4.81121e-06
2.16667 0.633333 1.48812e-05
2.23333 0.633333 2.30306e-05
2.3 0.633333 2.94157e-05
2.36667 0.633333 3.43165e-05
2.43333 0.633333 3.78815e-05
2.5 0.633333 4.00724e-05
2.56667 0.633333 4.06944e-05
2.63333 0.633333 3.94086e-05
2.7 0.633333 3.57677e-05
2.76667 0.633333 2.93409e-05
2.83333 0.633333 1.94248e-05
2.9 0.633333 5.98158e-06
2.96667 0.633333 4.71661e-06
3.03333 0.633333 9.73289e-06
3.1 0.633333 1.17192e-05
3.16667 0.633333 5.1071e-05
3.23333 0.633333 7.33541e-05
3.3 0.633333 7.20026e-05
3.36667 0.633333 6.45419e-05
3.43333 0.633333 5.47921e-05
3.5 0.633333 4.55195e-05
3.56667 0.633333 3.7572e-05
3.63333 0.633333 3.11868e-05
3.7 0.633333 2.60717e-05
3.76667 0.633333 2.15965e-05
3.83333 0.633333 1.79951e-05
3.9 0.633333 1.51697e-05
3.96667 0.633333 1.25445e-05
4.03333 0.633333 1.03628e-05
4.1 0.633333 8.75021e-06
4.16667 0.633333 7.46256e-06
4.23333 0.633333 6.36375e-06
4.3 0.633333 5.39676e-06
4.36667 0.633333 4.53337e-06
4.43333 0.633333 3.75788e-06
4.5 0.633333 3.05815e-06
4.56667 0.633333 2.41762e-06
4.63333 0.633333 1.80534e-06
4.7 0.633333 1.15997e-06
4.76667 0.633333 3.62514e-07
4.83333 0.633333 8.09616e-07
4.9 0.633333 2.7586e-06
4.96667 0.633333 6.18748e-06
0.0333333 0.7 0.000169337
0.1 0.7 9.23314e-05
0.166667 0.7 1.1999e-05
0.233333 0.7 4.09863e-05
0.3 0.7 6.43936e-05
0.366667 0.7 6.80283e-05
0.433333 0.7 6.13746e-05
0.5 0.7 4.99896e-05
0.566667 0.7 3.39722e-05
0.633333 0.7 1.82001e-05
0.7 0.7 5.82156e-06
0.766667 0.7 6.20669e-06
0.833333 0.7 1.39125e-05
0.9 0.7 2.07803e-05
0.966667 0.7 3.01225e-05
1.03333 0.7 4.03122e-05
1.1 0.7 5.05339e-05
1.16667 0.7 5.92823e-05
1.23333 0.7 6.37689e-05
1.3 0.7 5.95616e-05
1.36667 0.7 4.05503e-05
1.43333 0.7 4.71929e-06
1.5 0.7 9.90006e-05
1.56667 0.7 0.000170789
1.63333 0.7 0.000100483
1.7 0.7 8.05435e-06
1.76667 0.7 2.93773e-05
1.83333 0.7 3.46808e-05
1.9 0.7 2.79779e-05
1.96667 0.7 1.77526e-05
2.03333 0.7 7.65082e-06
2.1 0.7 1.09516e-06
2.16667 0.7 8.28722e-06
2.23333 0.7 1.40876e-05
2.3 0.7 1.87069e-05
2.36667 0.7 2.24156e-05
2.43333 0.7 2.54337e-05
2.5 0.7 2.77875e-05
2.56667 0.7 2.93777e-05
2.63333 0.7 2.99821e-05
2.7 0.7 2.95459e-05
2.76667 0.7 2.81996e-05
2.83333 0.7 2.66177e-05
2.9 0.7 2.59477e-05
2.96667 0.7 2.73101e-05
3.03333 0.7 3.42151e-05
3.1 0.7 4.6485e-05
3.16667 0.7 5.78729e-05
3.23333 0.7 6.04684e-05
3.3 0.7 5.42382e-05
3.36667 0.7 4.4381e-05
3.43333 0.7 3.50674e-05
3.5 0.7 2.71025e-05
3.56667 0.7 2.04264e-05
3.63333 0.7 1.53164e-05
3.7 0.7 1.15938e-05
3.76667 0.7 8.49994e-06
3.83333 0.7 6.06682e-06
3.9 0.7 4.35356e-06
3.96667 0.7 3.06966e-06
4.03333 0.7 2.10491e-06
4.1 0.7 1.44674e-06
4.16667 0.7 1.03399e-06
4.23333 0.7 7.72486e-07
4.3 0.7 5.96508e-07
4.36667 0.7 4.71006e-07
4.43333 0.7 3.78637e-07
4.5 0.7 3.06538e-07
4.56667 0.7 2.39211e-07
4.63333 0.7 1.49053e-07
4.7 0.7 1.84788e-08
4.76667 0.7 3.69397e-07
4.83333 0.7 1.10029e-06
4.9 0.7 2.55521e-06
4.96667 0.7 5.29411e-06
0.0333333 0.766667 0.000131963
0.1 0.766667 8.07219e-05
0.166667 0.766667 3.08741e-05
0.233333 0.766667 4.97022e-07
0.3 0.766667 1.44774e-05
0.366667 0.766667 1.50991e-05
0.433333 0.766667 8.94846e-06
0.5 0.766667 8.38257e-07
0.566667 0.766667 9.51114e-06
0.633333 0.766667 1.93868e-05
0.7 0.766667 2.53997e-05
0.766667 0.766667 2.81425e-05
0.833333 0.766667 2.80704e-05
0.9 0.766667 2.7446e-05
0.966667 0.766667 2.83415e-05
1.03333 0.766667 3.0368e-05
1.1 0.766667 3.24213e-05
1.16667 0.766667 3.3189e-05
1.23333 0.766667 3.04581e-05
1.3 0.766667 2.06184e-05
1.36667 0.766667 3.15507e-07
1.43333 0.766667 3.41662e-05
1.5 0.766667 6.65851e-05
1.56667 0.766667 6.67543e-05
1.63333 0.766667 3.45432e-05
1.7 0.766667 9.85666e-07
1.76667 0.766667 1.91161e-05
1.83333 0.766667 2.1768e-05
1.9 0.766667 1.74299e-05
1.96667 0.766667 1.14302e-05
2.03333 0.766667 6.03294e-06
2.1 0.766667 1.8485e-06
2.16667 0.766667 1.22597e-06
2.23333 0.766667 3.5592e-06
2.3 0.766667 5.51851e-06
2.36667 0.766667 7.38277e-06
2.43333 0.766667 9.37687e-06
2.5 0.766667 1.16232e-05
2.56667 0.766667 1.41354e-05
2.63333 0.766667 1.68416e-05
2.7 0.766667 1.97808e-05
2.76667 0.766667 2.30152e-05
2.83333 0.766667 2.67281e-05
2.9 0.766667 3.11457e-05
2.96667 0.766667 3.61491e-05
3.03333 0.766667 4.10653e-05
3.1 0.766667 4.41831e-05
3.16667 0.766667 4.31483e-05
3.23333 0.766667 3.70997e-05
3.3 0.766667 2.77037e-05
3.36667 0.766667 1.75338e-05
3.43333 0.766667 8.73144e-06
3.5 0.766667 2.11631e-06
3.56667 0.766667 2.77249e-06
3.63333 0.766667 6.1547e-06
3.7 0.766667 8.10977e-06
3.76667 0.766667 9.11432e-06
3.83333 0.766667 9.52153e-06
3.9 0.766667 9.48305e-06
3.96667 0.766667 9.12462e-06
4.03333 0.766667 8.56003e-06
4.1 0.766667 7.84842e-06
4.16667 0.766667 7.03411e-06
4.23333 0.766667 6.1965e-06
4.3 0.766667 5.3844e-06
4.36667 0.766667 4.60482e-06
4.43333 0.766667 3.86913e-06
4.5 0.766667 3.18486e-06
4.56667 0.766667 2.56029e-06
4.63333 0.766667 2.0129e-06
4.7 0.766667 1.58256e-06
4.76667 0.766667 1.35253e-06
4.83333 0.766667 1.4842e-06
4.9 0.766667 2.26094e-06
4.96667 0.766667 4.10988e-06
0.0333333 0.833333 8.51213e-05
0.1 0.833333 6.03242e-05
0.166667 0.833333 4.23942e-05
0.233333 0.833333 3.67734e-05
0.3 0.833333 3.85237e-05
0.366667 0.833333 4.38052e-05
0.433333 0.833333 5.06072e-05
0.5 0.833333 5.69205e-05
0.566667 0.833333 6.14332e-05
0.633333 0.833333 6.33675e-05
0.7 0.833333 6.20895e-05
0.766667 0.833333 5.75357e-05
0.833333 0.833333 5.05816e-05
0.9 0.833333 4.25615e-05
0.966667 0.833333 3.46501e-05
1.03333 0.833333 2.74297e-05
1.1 0.833333 2.08489e-05
1.16667 0.833333 1.45211e-05
1.23333 0.833333 7.68373e-06
1.3 0.833333 1.10678e-06
1.36667 0.833333 1.21946e-05
1.43333 0.833333 2.28913e-05
1.5 0.833333 2.73246e-05
1.56667 0.833333 2.16373e-05
1.63333 0.833333 9.40231e-06
1.7 0.833333 1.16241e-06
1.76667 0.833333 5.6745e-06
1.83333 0.833333 5.45983e-06
1.9 0.833333 3.71481e-06
1.96667 0.833333 2.55793e-06
2.03333 0.833333 2.65749e-06
2.1 0.833333 3.83697e-06
2.16667 0.833333 5.6033e-06
2.23333 0.833333 7.42373e-06
2.3 0.833333 8.83218e-06
2.36667 0.833333 9.46257e-06
2.43333 0.833333 9.05375e-06
2.5 0.833333 7.4214e-06
2.56667 0.833333 4.45648e-06
2.63333 0.833333 8.96905e-08
2.7 0.833333 5.5401e-06
2.76667 0.833333 1.19574e-05
2.83333 0.833333 1.8652e-05
2.9 0.833333 2.47784e-05
2.96667 0.833333 2.89585e-05
3.03333 0.833333 2.97856e-05
3.1 0.833333 2.6254e-05
3.16667 0.833333 1.83704e-05
3.23333 0.833333 7.5978e-06
3.3 0.833333 3.72486e-06
3.36667 0.833333 1.37351e-05
3.43333 0.833333 2.13389e-05
3.5 0.833333 2.61878e-05
3.56667 0.833333 2.86843e-05
3.63333 0.833333 2.94751e-05
3.7 0.833333 2.90381e-05
3.76667 0.833333 2.77749e-05
3.83333 0.833333 2.60181e-05
3.9 0.833333 2.39944e-05
3.96667 0.833333 2.18471e-05
4.03333 0.833333 1.96747e-05
4.1 0.833333 1.75505e-05
4.16667 0.833333 1.54981e-05
4.23333 0.833333 1.35333e-05
4.3 0.833333 1.16849e-05
4.36667 0.833333 9.96349e-06
4.43333 0.833333 8.37736e-06
4.5 0.833333 6.92222e-06
4.56667 0.833333 5.58959e-06
4.63333 0.833333 4.38115e-06
4.7 0.833333 3.31472e-06
4.76667 0.833333 2.44124e-06
4.83333 0.833333 1.87614e-06
4.9 0.833333 1.85182e-06
4.96667 0.833333 2.72733e-06
0.0333333 0.9 4.05179e-05
0.1 0.9 4.23386e-05
0.166667 0.9 5.62103e-05
0.233333 0.9 7.5743e-05
0.3 0.9 9.51988e-05
0.366667 0.9 0.000111108
0.433333 0.9 0.000122205
0.5 0.9 0.000128301
0.566667 0.9 0.000129364
0.633333 0.9 0.000125448
0.7 0.9 0.000116862
0.766667 0.9 0.000104264
0.833333 0.9 8.87028e-05
0.9 0.9 7.14802e-05
0.966667 0.9 5.39111e-05
1.03333 0.9 3.71518e-05
1.1 0.9 2.21816e-05
1.16667 0.9 9.74935e-06
1.23333 0.9 4.48705e-07
1.3 0.9 5.32595e-06
1.36667 0.9 7.47675e-06
1.43333 0.9 6.55888e-06
1.5 0.9 4.02612e-06
1.56667 0.9 1.97056e-06
1.63333 0.9 2.16338e-06
1.7 0.9 4.76525e-06
1.76667 0.9 8.15425e-06
1.83333 0.9 1.02052e-05
1.9 0.9 9.65044e-06
1.96667 0.9 6.41425e-06
2.03333 0.9 1.18779e-06
2.1 0.9 5.08495e-06
2.16667 0.9 1.15159e-05
2.23333 0.9 1.73921e-05
2.3 0.9 2.21746e-05
2.36667 0.9 2.54579e-05
2.43333 0.9 2.69414e-05
2.5 0.9 2.64025e-05
2.56667 0.9 2.37046e-05
2.63333 0.9 1.88736e-05
2.7 0.9 1.22019e-05
2.76667 0.9 4.34113e-06
2.83333 0.9 3.51455e-06
2.9 0.9 9.61925e-06
2.96667 0.9 1.21227e-05
3.03333 0.9 9.65894e-06
3.1 0.9 1.98693e-06
3.16667 0.9 9.67713e-06
3.23333 0.9 2.29701e-05
3.3 0.9 3.52584e-05
3.36667 0.9 4.46286e-05
3.43333 0.9 5.04519e-05
3.5 0.9 5.3112e-05
3.56667 0.9 5.32682e-05
3.63333 0.9 5.16064e-05
3.7 0.9 4.8778e-05
3.76667 0.9 4.52762e-05
3.83333 0.9 4.14545e-05
3.9 0.9 3.75519e-05
3.96667 0.9 3.37203e-05
4.03333 0.9 3.00532e-05
4.1 0.9 2.66178e-05
4.16667 0.9 2.34226e-05
4.23333 0.9 2.04341e-05
4.3 0.9 1.76579e-05
4.36667 0.9 1.51036e-05
4.43333 0.9 1.27566e-05
4.5 0.9 1.06024e-05
4.56667 0.9 8.62388e-06
4.63333 0.9 6.80489e-06
4.7 0.9 5.13895e-06
4.76667 0.9 3.6412e-06
4.83333 0.9 2.37385e-06
4.9 0.9 1.49851e-06
4.96667 0.9 1.38398e-06
0.0333333 0.966667 1.21534e-05
0.1 0.966667 3.91317e-05
0.166667 0.966667 7.96734e-05
0.233333 0.966667 0.00012111
0.3 0.966667 0.000156234
0.366667 0.966667 0.000182072
0.433333 0.966667 0.0001982
0.5 0.966667 0.000205233
0.566667 0.966667 0.000203997
0.633333 0.966667 0.000195346
0.7 0.966667 0.000180291
0.766667 0.966667 0.000160089
0.833333 0.966667 0.000136227
0.9 0.966667 0.00011032
0.966667 0.966667 8.40157e-05
1.03333 0.966667 5.89568e-05
1.1 0.966667 3.67727e-05
1.16667 0.966667 1.901e-05
1.23333 0.966667 7.03439e-06
1.3 0.966667 1.61627e-06
1.36667 0.966667 2.00502e-06
1.43333 0.966667 5.35098e-06
1.5 0.966667 7.50402e-06
1.56667 0.966667 5.19599e-06
1.63333 0.966667 1.873e-06
1.7 0.966667 1.09413e-05
1.76667 0.966667 1.8192e-05
1.83333 0.966667 2.10065e-05
1.9 0.966667 1.88126e-05
1.96667 0.966667 1.25502e-05
2.03333 0.966667 3.73657e-06
2.1 0.966667 6.17e-06
2.16667 0.966667 1.60107e-05
2.23333 0.966667 2.49437e-05
2.3 0.966667 3.23824e-05
2.36667 0.966667 3.7907e-05
2.43333 0.966667 4.11972e-05
2.5 0.966667 4.20127e-05
2.56667 0.966667 4.02233e-05
2.63333 0.966667 3.59023e-05
2.7 0.966667 2.94198e-05
2.76667 0.966667 2.16121e-05
2.83333 0.966667 1.39719e-05
2.9 0.966667 8.51659e-06
2.96667 0.966667 7.28351e-06
3.03333 0.966667 1.15624e-05
3.1 0.966667 2.11969e-05
3.16667 0.966667 3.44152e-05
3.23333 0.966667 4.84645e-05
3.3 0.966667 6.06966e-05
3.36667 0.966667 6.937e-05
3.43333 0.966667 7.39598e-05
3.5 0.966667 7.49148e-05
3.56667 0.966667 7.31134e-05
3.63333 0.966667 6.94565e-05
3.7 0.966667 6.46928e-05
3.76667 0.966667 5.93822e-05
3.83333 0.966667 5.39076e-05
3.9 0.966667 4.85155e-05
3.96667 0.966667 4.3355e-05
4.03333 0.966667 3.85105e-05
4.1 0.966667 3.4018e-05
4.16667 0.966667 2.98779e-05
4.23333 0.966667 2.60737e-05
4.3 0.966667 2.25887e-05
4.36667 0.966667 1.94009e-05
4.43333 0.966667 1.64775e-05
4.5 0.966667 1.3789e-05
4.56667 0.966667 1.13093e-05
4.63333 0.966667 9.00962e-06
4.7 0.966667 6.86381e-06
4.76667 0.966667 4.85998e-06
4.83333 0.966667 3.02121e-06
4.9 0.966667 1.45077e-06
4.96667 0.966667 4.48953e-07
