0.0333333 0.0333333 6.2677e-07
0.1 0.0333333 2.21749e-06
0.166667 0.0333333 4.50124e-06
0.233333 0.0333333 6.02503e-06
0.3 0.0333333 5.46963e-06
0.366667 0.0333333 2.46372e-06
0.433333 0.0333333 2.06683e-06
0.5 0.0333333 6.45173e-06
0.566667 0.0333333 9.32015e-06
0.633333 0.0333333 1.02307e-05
0.7 0.0333333 9.53767e-06
0.766667 0.0333333 7.90583e-06
0.833333 0.0333333 5.94652e-06
0.9 0.0333333 4.08272e-06
0.966667 0.0333333 2.54473e-06
1.03333 0.0333333 1.41135e-06
1.1 0.0333333 6.62794e-07
1.16667 0.0333333 2.29425e-07
1.23333 0.0333333 2.64917e-08
1.3 0.0333333 2.63574e-08
1.36667 0.0333333 3.67066e-09
1.43333 0.0333333 6.55513e-08
1.5 0.0333333 1.24897e-07
1.56667 0.0333333 1.62884e-07
1.63333 0.0333333 1.73699e-07
1.7 0.0333333 1.60666e-07
1.76667 0.0333333 1.31828e-07
1.83333 0.0333333 9.60782e-08
1.9 0.0333333 6.06458e-08
1.96667 0.0333333 3.0122e-08
2.03333 0.0333333 6.60947e-09
2.1 0.0333333 9.58254e-09
2.16667 0.0333333 1.91694e-08
2.23333 0.0333333 2.32913e-08
2.3 0.0333333 2.31392e-08
2.36667 0.0333333 1.97692e-08
2.43333 0.0333333 1.40436e-08
2.5 0.0333333 6.64629e-09
2.56667 0.0333333 1.86464e-09
2.63333 0.0333333 1.09861e-08
2.7 0.0333333 2.01971e-08
2.76667 0.0333333 2.88992e-08
2.83333 0.0333333 3.63962e-08
2.9 0.0333333 4.19466e-08
2.96667 0.0333333 4.49077e-08
3.03333 0.0333333 4.4941e-08
3.1 0.0333333 4.21816e-08
3.16667 0.0333333 3.72553e-08
3.23333 0.0333333 3.11041e-08
3.3 0.0333333 2.46992e-08
3.36667 0.0333333 1.87931e-08
3.43333 0.0333333 1.38096e-08
3.5 0.0333333 9.87371e-09
3.56667 0.0333333 6.91381e-09
3.63333 0.0333333 4.7661e-09
3.7 0.0333333 3.24754e-09
3.76667 0.0333333 2.19369e-09
3.83333 0.0333333 1.47215e-09
3.9 0.0333333 9.82988e-10
3.96667 0.0333333 6.53752e-10
4.03333 0.0333333 4.33353e-10
4.1 0.0333333 2.86411e-10
4.16667 0.0333333 1.88748e-10
4.23333 0.0333333 1.23994e-10
4.3 0.0333333 8.11411e-11
4.36667 0.0333333 5.28257e-11
4.43333 0.0333333 3.41411e-11
4.5 0.0333333 2.18281e-11
4.56667 0.0333333 1.37273e-11
4.63333 0.0333333 8.41246e-12
4.7 0.0333333 4.94428e-12
4.76667 0.0333333 2.7083e-12
4.83333 0.0333333 1.30748e-12
4.9 0.0333333 4.92604e-13
4.96667 0.0333333 1.18518e-13
0.0333333 0.1 2.41601e-06
0.1 0.1 3.45899e-06
0.166667 0.1 4.96989e-06
0.233333 0.1 5.92611e-06
0.3 0.1 5.32256e-06
0.366667 0.1 2.79285e-06
0.433333 0.1 1.06726e-06
0.5 0.1 5.00837e-06
0.566667 0.1 7.8497e-06
0.633333 0.1 9.05473e-06
0.7 0.1 8.77747e-06
0.766667 0.1 7.52485e-06
0.833333 0.1 5.83819e-06
0.9 0.1 4.13769e-06
0.966667 0.1 2.68025e-06
1.03333 0.1 1.57425e-06
1.1 0.1 8.21528e-07
1.16667 0.1 3.66571e-07
1.23333 0.1 1.34215e-07
1.3 0.1 5.09023e-08
1.36667 0.1 5.40114e-08
1.43333 0.1 9.50462e-08
1.5 0.1 1.40296e-07
1.56667 0.1 1.70203e-07
1.63333 0.1 1.77446e-07
1.7 0.1 1.6369e-07
1.76667 0.1 1.35592e-07
1.83333 0.1 1.01086e-07
1.9 0.1 6.68419e-08
1.96667 0.1 3.71769e-08
2.03333 0.1 1.41041e-08
2.1 0.1 2.0523e-09
2.16667 0.1 1.19432e-08
2.23333 0.1 1.66307e-08
2.3 0.1 1.72339e-08
2.36667 0.1 1.47506e-08
2.43333 0.1 9.99824e-09
2.5 0.1 3.62431e-09
2.56667 0.1 3.84753e-09
2.63333 0.1 1.19551e-08
2.7 0.1 2.02313e-08
2.76667 0.1 2.81459e-08
2.83333 0.1 3.50737e-08
2.9 0.1 4.0322e-08
2.96667 0.1 4.3247e-08
3.03333 0.1 4.34494e-08
3.1 0.1 4.09655e-08
3.16667 0.1 3.63271e-08
3.23333 0.1 3.04203e-08
3.3 0.1 2.42038e-08
3.36667 0.1 1.844e-08
3.43333 0.1 1.35649e-08
3.5 0.1 9.7106e-09
3.56667 0.1 6.8094e-09
3.63333 0.1 4.70162e-09
3.7 0.1 3.20884e-09
3.76667 0.1 2.17098e-09
3.83333 0.1 1.45907e-09
3.9 0.1 9.75579e-10
3.96667 0.1 6.4964e-10
4.03333 0.1 4.31139e-10
4.1 0.1 2.85285e-10
4.16667 0.1 1.88245e-10
4.23333 0.1 1.23846e-10
4.3 0.1 8.11975e-11
4.36667 0.1 5.29998e-11
4.43333 0.1 3.43834e-11
4.5 0.1 2.21102e-11
4.56667 0.1 1.40329e-11
4.63333 0.1 8.73183e-12
4.7 0.1 5.27188e-12
4.76667 0.1 3.0408e-12
4.83333 0.1 1.64283e-12
4.9 0.1 8.29524e-13
4.96667 0.1 4.56131e-13
0.0333333 0.166667 5.5879e-06
0.1 0.166667 5.62775e-06
0.166667 0.166667 5.66602e-06
0.233333 0.166667 5.4255e-06
0.3 0.166667 4.66989e-06
0.366667 0.166667 3.3573e-06
0.433333 0.166667 1.25829e-06
0.5 0.166667 1.66852e-06
0.566667 0.166667 4.58804e-06
0.633333 0.166667 6.54715e-06
0.7 0.166667 7.21033e-06
0.766667 0.166667 6.76677e-06
0.833333 0.166667 5.63939e-06
0.9 0.166667 4.26182e-06
0.966667 0.166667 2.95625e-06
1.03333 0.166667 1.89728e-06
1.1 0.166667 1.13233e-06
1.16667 0.166667 6.33562e-07
1.23333 0.166667 3.43426e-07
1.3 0.166667 2.00644e-07
1.36667 0.166667 1.51088e-07
1.43333 0.166667 1.51248e-07
1.5 0.166667 1.68992e-07
1.56667 0.166667 1.83465e-07
1.63333 0.166667 1.84277e-07
1.7 0.166667 1.69605e-07
1.76667 0.166667 1.43219e-07
1.83333 0.166667 1.11158e-07
1.9 0.166667 7.90776e-08
1.96667 0.166667 5.08668e-08
2.03333 0.166667 2.84417e-08
2.1 0.166667 1.21972e-08
2.16667 0.166667 1.62078e-09
2.23333 0.166667 4.20128e-09
2.3 0.166667 6.25882e-09
2.36667 0.166667 5.44875e-09
2.43333 0.166667 2.51328e-09
2.5 0.166667 1.95895e-09
2.56667 0.166667 7.49905e-09
2.63333 0.166667 1.37098e-08
2.7 0.166667 2.02135e-08
2.76667 0.166667 2.66008e-08
2.83333 0.166667 3.23881e-08
2.9 0.166667 3.70016e-08
2.96667 0.166667 3.9832e-08
3.03333 0.166667 4.03874e-08
3.1 0.166667 3.85059e-08
3.16667 0.166667 3.45015e-08
3.23333 0.166667 2.91191e-08
3.3 0.166667 2.3286e-08
3.36667 0.166667 1.77971e-08
3.43333 0.166667 1.31247e-08
3.5 0.166667 9.42006e-09
3.56667 0.166667 6.62486e-09
3.63333 0.166667 4.58823e-09
3.7 0.166667 3.14098e-09
3.76667 0.166667 2.13121e-09
3.83333 0.166667 1.43617e-09
3.9 0.166667 9.62605e-10
3.96667 0.166667 6.42439e-10
4.03333 0.166667 4.27266e-10
4.1 0.166667 2.83321e-10
4.16667 0.166667 1.87374e-10
4.23333 0.166667 1.23603e-10
4.3 0.166667 8.13149e-11
4.36667 0.166667 5.33254e-11
4.43333 0.166667 3.48301e-11
4.5 0.166667 2.26277e-11
4.56667 0.166667 1.45921e-11
4.63333 0.166667 9.31581e-12
4.7 0.166667 5.87063e-12
4.76667 0.166667 3.64833e-12
4.83333 0.166667 2.2555e-12
4.9 0.166667 1.44503e-12
4.96667 0.166667 1.07288e-12
0.0333333 0.233333 9.15254e-06
0.1 0.233333 7.97054e-06
0.166667 0.233333 6.06357e-06
0.233333 0.233333 3.93047e-06
0.3 0.233333 2.60151e-06
0.366667 0.233333 3.85163e-06
0.433333 0.233333 5.5389e-06
0.5 0.233333 4.20012e-06
0.566667 0.233333 8.34376e-07
0.633333 0.233333 2.52189e-06
0.7 0.233333 4.76792e-06
0.766667 0.233333 5.63473e-06
0.833333 0.233333 5.37854e-06
0.9 0.233333 4.47436e-06
0.966667 0.233333 3.37186e-06
1.03333 0.233333 2.36496e-06
1.1 0.233333 1.5746e-06
1.16667 0.233333 1.01114e-06
1.23333 0.233333 6.3903e-07
1.3 0.233333 4.12055e-07
1.36667 0.233333 2.87136e-07
1.43333 0.233333 2.28195e-07
1.5 0.233333 2.06327e-07
1.56667 0.233333 1.99417e-07
1.63333 0.233333 1.92422e-07
1.7 0.233333 1.77778e-07
1.76667 0.233333 1.54578e-07
1.83333 0.233333 1.2609e-07
1.9 0.233333 9.67629e-08
1.96667 0.233333 7.01462e-08
2.03333 0.233333 4.82e-08
2.1 0.233333 3.15055e-08
2.16667 0.233333 1.97692e-08
2.23333 0.233333 1.22769e-08
2.3 0.233333 8.19784e-09
2.36667 0.233333 6.75167e-09
2.43333 0.233333 7.27828e-09
2.5 0.233333 9.24891e-09
2.56667 0.233333 1.2247e-08
2.63333 0.233333 1.59372e-08
2.7 0.233333 2.00315e-08
2.76667 0.233333 2.42583e-08
2.83333 0.233333 2.83271e-08
2.9 0.233333 3.18805e-08
2.96667 0.233333 3.44553e-08
3.03333 0.233333 3.5527e-08
3.1 0.233333 3.4666e-08
3.16667 0.233333 3.17757e-08
3.23333 0.233333 2.72845e-08
3.3 0.233333 2.20501e-08
3.36667 0.233333 1.69561e-08
3.43333 0.233333 1.25622e-08
3.5 0.233333 9.05614e-09
3.56667 0.233333 6.39712e-09
3.63333 0.233333 4.44961e-09
3.7 0.233333 3.05848e-09
3.76667 0.233333 2.08299e-09
3.83333 0.233333 1.40842e-09
3.9 0.233333 9.4689e-10
3.96667 0.233333 6.33718e-10
4.03333 0.233333 4.22581e-10
4.1 0.233333 2.80956e-10
4.16667 0.233333 1.8634e-10
4.23333 0.233333 1.23335e-10
4.3 0.233333 8.1488e-11
4.36667 0.233333 5.37543e-11
4.43333 0.233333 3.54081e-11
4.5 0.233333 2.32932e-11
4.56667 0.233333 1.53093e-11
4.63333 0.233333 1.00639e-11
4.7 0.233333 6.63716e-12
4.76667 0.233333 4.42587e-12
4.83333 0.233333 3.0395e-12
4.9 0.233333 2.23258e-12
4.96667 0.233333 1.86199e-12
0.0333333 0.3 1.16248e-05
0.1 0.3 9.4203e-06
0.166667 0.3 5.73535e-06
0.233333 0.3 1.28075e-06
0.3 0.3 2.19351e-06
0.366667 0.3 3.25519e-06
0.433333 0.3 1.18007e-05
0.5 0.3 1.21957e-05
0.566667 0.3 7.99925e-06
0.633333 0.3 2.82078e-06
0.7 0.3 1.52854e-06
0.766667 0.3 4.17479e-06
0.833333 0.3 5.09995e-06
0.9 0.3 4.79094e-06
0.966667 0.3 3.9029e-06
1.03333 0.3 2.93373e-06
1.1 0.3 2.10287e-06
1.16667 0.3 1.4607e-06
1.23333 0.3 9.92421e-07
1.3 0.3 6.65757e-07
1.36667 0.3 4.49029e-07
1.43333 0.3 3.15989e-07
1.5 0.3 2.44244e-07
1.56667 0.3 2.12106e-07
1.63333 0.3 1.98435e-07
1.7 0.3 1.86722e-07
1.76667 0.3 1.6898e-07
1.83333 0.3 1.45054e-07
1.9 0.3 1.18533e-07
1.96667 0.3 9.31048e-08
2.03333 0.3 7.10755e-08
2.1 0.3 5.33686e-08
2.16667 0.3 3.99756e-08
2.23333 0.3 3.03979e-08
2.3 0.3 2.3957e-08
2.36667 0.3 1.9974e-08
2.43333 0.3 1.78527e-08
2.5 0.3 1.71049e-08
2.56667 0.3 1.73437e-08
2.63333 0.3 1.82662e-08
2.7 0.3 1.96373e-08
2.76667 0.3 2.1282e-08
2.83333 0.3 2.30871e-08
2.9 0.3 2.49879e-08
2.96667 0.3 2.68756e-08
3.03333 0.3 2.84534e-08
3.1 0.3 2.91261e-08
3.16667 0.3 2.80865e-08
3.23333 0.3 2.50103e-08
3.3 0.3 2.06068e-08
3.36667 0.3 1.6016e-08
3.43333 0.3 1.19591e-08
3.5 0.3 8.67859e-09
3.56667 0.3 6.16595e-09
3.63333 0.3 4.31079e-09
3.7 0.3 2.97648e-09
3.76667 0.3 2.03524e-09
3.83333 0.3 1.38099e-09
3.9 0.3 9.31368e-10
3.96667 0.3 6.25109e-10
4.03333 0.3 4.17962e-10
4.1 0.3 2.78635e-10
4.16667 0.3 1.85342e-10
4.23333 0.3 1.23099e-10
4.3 0.3 8.16928e-11
4.36667 0.3 5.42154e-11
4.43333 0.3 3.6019e-11
4.5 0.3 2.39924e-11
4.56667 0.3 1.6061e-11
4.63333 0.3 1.08469e-11
4.7 0.3 7.43897e-12
4.76667 0.3 5.23895e-12
4.83333 0.3 3.85921e-12
4.9 0.3 3.05594e-12
4.96667 0.3 2.68696e-12
0.0333333 0.366667 1.17328e-05
0.1 0.366667 9.13596e-06
0.166667 0.366667 4.91185e-06
0.233333 0.366667 9.44497e-09
0.3 0.366667 3.57284e-06
0.366667 0.366667 5.4434e-06
0.433333 0.366667 1.81586e-05
0.5 0.366667 1.9338e-05
0.566667 0.366667 1.46346e-05
0.633333 0.366667 8.16352e-06
0.7 0.366667 1.85592e-06
0.766667 0.366667 2.62686e-06
0.833333 0.366667 4.86484e-06
0.9 0.366667 5.1906e-06
0.966667 0.366667 4.47553e-06
1.03333 0.366667 3.51734e-06
1.1 0.366667 2.63779e-06
1.16667 0.366667 1.91772e-06
1.23333 0.366667 1.35633e-06
1.3 0.366667 9.3038e-07
1.36667 0.366667 6.16768e-07
1.43333 0.366667 4.00076e-07
1.5 0.366667 2.70317e-07
1.56667 0.366667 2.11852e-07
1.63333 0.366667 1.96745e-07
1.7 0.366667 1.94034e-07
1.76667 0.366667 1.84999e-07
1.83333 0.366667 1.66258e-07
1.9 0.366667 1.41966e-07
1.96667 0.366667 1.16833e-07
2.03333 0.366667 9.39011e-08
2.1 0.366667 7.45766e-08
2.16667 0.366667 5.91546e-08
2.23333 0.366667 4.732e-08
2.3 0.366667 3.85019e-08
2.36667 0.366667 3.20803e-08
2.43333 0.366667 2.74878e-08
2.5 0.366667 2.42455e-08
2.56667 0.366667 2.19652e-08
2.63333 0.366667 2.03381e-08
2.7 0.366667 1.9126e-08
2.76667 0.366667 1.81657e-08
2.83333 0.366667 1.74009e-08
2.9 0.366667 1.69591e-08
2.96667 0.366667 1.72236e-08
3.03333 0.366667 1.8701e-08
3.1 0.366667 2.14028e-08
3.16667 0.366667 2.34144e-08
3.23333 0.366667 2.24333e-08
3.3 0.366667 1.90866e-08
3.36667 0.366667 1.51002e-08
3.43333 0.366667 1.14081e-08
3.5 0.366667 8.34764e-09
3.56667 0.366667 5.96846e-09
3.63333 0.366667 4.19397e-09
3.7 0.366667 2.90807e-09
3.76667 0.366667 1.99559e-09
3.83333 0.366667 1.35826e-09
3.9 0.366667 9.18515e-10
3.96667 0.366667 6.17985e-10
4.03333 0.366667 4.14147e-10
4.1 0.366667 2.76728e-10
4.16667 0.366667 1.84534e-10
4.23333 0.366667 1.22926e-10
4.3 0.366667 8.18888e-11
4.36667 0.366667 5.46262e-11
4.43333 0.366667 3.65559e-11
4.5 0.366667 2.46038e-11
4.56667 0.366667 1.67168e-11
4.63333 0.366667 1.15293e-11
4.7 0.366667 8.13736e-12
4.76667 0.366667 5.94697e-12
4.83333 0.366667 4.5729e-12
4.9 0.366667 3.77277e-12
4.96667 0.366667 3.40517e-12
0.0333333 0.433333 9.32832e-06
0.1 0.433333 7.06073e-06
0.166667 0.433333 3.7651e-06
0.233333 0.433333 1.08396e-06
0.3 0.433333 2.01231e-06
0.366667 0.433333 1.0797e-05
0.433333 0.433333 2.00015e-05
0.5 0.433333 2.13096e-05
0.566667 0.433333 1.73359e-05
0.633333 0.433333 1.09548e-05
0.7 0.433333 3.87235e-06
0.766667 0.433333 1.65958e-06
0.833333 0.433333 4.78787e-06
0.9 0.433333 5.56773e-06
0.966667 0.433333 4.95469e-06
1.03333 0.433333 3.98811e-06
1.1 0.433333 3.06925e-06
1.16667 0.433333 2.29323e-06
1.23333 0.433333 1.66364e-06
1.3 0.433333 1.15986e-06
1.36667 0.433333 7.62217e-07
1.43333 0.433333 4.62305e-07
1.5 0.433333 2.67828e-07
1.56667 0.433333 1.84696e-07
1.63333 0.433333 1.80318e-07
1.7 0.433333 1.97299e-07
1.76667 0.433333 2.0055e-07
1.83333 0.433333 1.86833e-07
1.9 0.433333 1.63614e-07
1.96667 0.433333 1.37606e-07
2.03333 0.433333 1.12945e-07
2.1 0.433333 9.15802e-08
2.16667 0.433333 7.40536e-08
2.23333 0.433333 6.01503e-08
2.3 0.433333 4.9332e-08
2.36667 0.433333 4.098e-08
2.43333 0.433333 3.45138e-08
2.5 0.433333 2.94339e-08
2.56667 0.433333 2.53268e-08
2.63333 0.433333 2.18526e-08
2.7 0.433333 1.87338e-08
2.76667 0.433333 1.57529e-08
2.83333 0.433333 1.27786e-08
2.9 0.433333 9.84907e-09
2.96667 0.433333 7.41595e-09
3.03333 0.433333 6.85646e-09
3.1 0.433333 1.10114e-08
3.16667 0.433333 1.80336e-08
3.23333 0.433333 1.99107e-08
3.3 0.433333 1.77846e-08
3.36667 0.433333 1.43987e-08
3.43333 0.433333 1.10131e-08
3.5 0.433333 8.11971e-09
3.56667 0.433333 5.83559e-09
3.63333 0.433333 4.11644e-09
3.7 0.433333 2.863e-09
3.76667 0.433333 1.96957e-09
3.83333 0.433333 1.34338e-09
3.9 0.433333 9.10107e-10
3.96667 0.433333 6.13327e-10
4.03333 0.433333 4.11656e-10
4.1 0.433333 2.75487e-10
4.16667 0.433333 1.84015e-10
4.23333 0.433333 1.22825e-10
4.3 0.433333 8.20302e-11
4.36667 0.433333 5.49094e-11
4.43333 0.433333 3.69225e-11
4.5 0.433333 2.50199e-11
4.56667 0.433333 1.71624e-11
4.63333 0.433333 1.19926e-11
4.7 0.433333 8.61143e-12
4.76667 0.433333 6.4275e-12
4.83333 0.433333 5.05724e-12
4.9 0.433333 4.25922e-12
4.96667 0.433333 3.89255e-12
0.0333333 0.5 5.54462e-06
0.1 0.5 3.98705e-06
0.166667 0.5 2.08554e-06
0.233333 0.5 1.43717e-06
0.3 0.5 3.89375e-06
0.366667 0.5 9.85984e-06
0.433333 0.5 1.56019e-05
0.5 0.5 1.71853e-05
0.566667 0.5 1.47179e-05
0.633333 0.5 9.61877e-06
0.7 0.5 3.31316e-06
0.766667 0.5 1.91317e-06
0.833333 0.5 4.99677e-06
0.9 0.5 5.7951e-06
0.966667 0.5 5.18205e-06
1.03333 0.5 4.20862e-06
1.1 0.5 3.28202e-06
1.16667 0.5 2.49191e-06
1.23333 0.5 1.83821e-06
1.3 0.5 1.29789e-06
1.36667 0.5 8.49644e-07
1.43333 0.5 4.8504e-07
1.5 0.5 2.22255e-07
1.56667 0.5 1.15543e-07
1.63333 0.5 1.45515e-07
1.7 0.5 1.96446e-07
1.76667 0.5 2.13772e-07
1.83333 0.5 2.03678e-07
1.9 0.5 1.79746e-07
1.96667 0.5 1.51592e-07
2.03333 0.5 1.24595e-07
2.1 0.5 1.01129e-07
2.16667 0.5 8.18283e-08
2.23333 0.5 6.64504e-08
2.3 0.5 5.43981e-08
2.36667 0.5 4.4993e-08
2.43333 0.5 3.76039e-08
2.5 0.5 3.16906e-08
2.56667 0.5 2.68055e-08
2.63333 0.5 2.25786e-08
2.7 0.5 1.87001e-08
2.76667 0.5 1.49115e-08
2.83333 0.5 1.10165e-08
2.9 0.5 6.93248e-09
2.96667 0.5 2.86656e-09
3.03333 0.5 3.18709e-11
3.1 0.5 3.87717e-09
3.16667 0.5 1.47017e-08
3.23333 0.5 1.87131e-08
3.3 0.5 1.72464e-08
3.36667 0.5 1.41302e-08
3.43333 0.5 1.08681e-08
3.5 0.5 8.03806e-09
3.56667 0.5 5.78866e-09
3.63333 0.5 4.08928e-09
3.7 0.5 2.84729e-09
3.76667 0.5 1.96052e-09
3.83333 0.5 1.33821e-09
3.9 0.5 9.07187e-10
3.96667 0.5 6.11711e-10
4.03333 0.5 4.10793e-10
4.1 0.5 2.75057e-10
4.16667 0.5 1.83837e-10
4.23333 0.5 1.22792e-10
4.3 0.5 8.20818e-11
4.36667 0.5 5.50104e-11
4.43333 0.5 3.70526e-11
4.5 0.5 2.51673e-11
4.56667 0.5 1.73201e-11
4.63333 0.5 1.21566e-11
4.7 0.5 8.77914e-12
4.76667 0.5 6.59747e-12
4.83333 0.5 5.22855e-12
4.9 0.5 4.43127e-12
4.96667 0.5 4.06493e-12
0.0333333 0.566667 1.95115e-06
0.1 0.566667 1.06624e-06
0.166667 0.566667 1.78849e-07
0.233333 0.566667 3.48256e-07
0.3 0.566667 2.3401e-06
0.366667 0.566667 5.79935e-06
0.433333 0.566667 8.9742e-06
0.5 0.566667 1.00698e-05
0.566667 0.566667 8.63003e-06
0.633333 0.566667 5.16312e-06
0.7 0.566667 6.31091e-07
0.766667 0.566667 3.17664e-06
0.833333 0.566667 5.36014e-06
0.9 0.566667 5.7563e-06
0.966667 0.566667 5.0501e-06
1.03333 0.566667 4.0903e-06
1.1 0.566667 3.2002e-06
1.16667 0.566667 2.44658e-06
1.23333 0.566667 1.82197e-06
1.3 0.566667 1.29903e-06
1.36667 0.566667 8.51158e-07
1.43333 0.566667 4.63569e-07
1.5 0.566667 1.43669e-07
1.56667 0.566667 5.24127e-09
1.63333 0.566667 1.07638e-07
1.7 0.566667 2.00192e-07
1.76667 0.566667 2.26559e-07
1.83333 0.566667 2.15325e-07
1.9 0.566667 1.87688e-07
1.96667 0.566667 1.56001e-07
2.03333 0.566667 1.26332e-07
2.1 0.566667 1.01078e-07
2.16667 0.566667 8.07037e-08
2.23333 0.566667 6.47774e-08
2.3 0.566667 5.25431e-08
2.36667 0.566667 4.3206e-08
2.43333 0.566667 3.60554e-08
2.5 0.566667 3.04995e-08
2.56667 0.566667 2.60607e-08
2.63333 0.566667 2.23553e-08
2.7 0.566667 1.90752e-08
2.76667 0.566667 1.59823e-08
2.83333 0.566667 1.29305e-08
2.9 0.566667 9.94759e-09
2.96667 0.566667 7.47794e-09
3.03333 0.566667 6.89247e-09
3.1 0.566667 1.10274e-08
3.16667 0.566667 1.80374e-08
3.23333 0.566667 1.99103e-08
3.3 0.566667 1.77835e-08
3.36667 0.566667 1.43979e-08
3.43333 0.566667 1.10125e-08
3.5 0.566667 8.11937e-09
3.56667 0.566667 5.8354e-09
3.63333 0.566667 4.11634e-09
3.7 0.566667 2.86295e-09
3.76667 0.566667 1.96954e-09
3.83333 0.566667 1.34336e-09
3.9 0.566667 9.10098e-10
3.96667 0.566667 6.13323e-10
4.03333 0.566667 4.11654e-10
4.1 0.566667 2.75486e-10
4.16667 0.566667 1.84015e-10
4.23333 0.566667 1.22825e-10
4.3 0.566667 8.20301e-11
4.36667 0.566667 5.49093e-11
4.43333 0.566667 3.69225e-11
4.5 0.566667 2.50198e-11
4.56667 0.566667 1.71624e-11
4.63333 0.566667 1.19926e-11
4.7 0.566667 8.61143e-12
4.76667 0.566667 6.4275e-12
4.83333 0.566667 5.05724e-12
4.9 0.566667 4.25921e-12
4.96667 0.566667 3.89255e-12
0.0333333 0.633333 4.32221e-07
0.1 0.633333 8.84155e-07
0.166667 0.633333 1.28472e-06
0.233333 0.633333 1.08074e-06
0.3 0.633333 1.78977e-08
0.366667 0.633333 1.59022e-06
0.433333 0.633333 2.93252e-06
0.5 0.633333 3.21902e-06
0.566667 0.633333 2.15099e-06
0.633333 0.633333 3.39105e-08
0.7 0.633333 2.66006e-06
0.766667 0.633333 4.67807e-06
0.833333 0.633333 5.58609e-06
0.9 0.633333 5.3864e-06
0.966667 0.633333 4.5645e-06
1.03333 0.633333 3.64327e-06
1.1 0.633333 2.826e-06
1.16667 0.633333 2.15209e-06
1.23333 0.633333 1.60584e-06
1.3 0.633333 1.15619e-06
1.36667 0.633333 7.7359e-07
1.43333 0.633333 4.40049e-07
1.5 0.633333 1.56917e-07
1.56667 0.633333 3.82566e-08
1.63333 0.633333 1.50657e-07
1.7 0.633333 2.33006e-07
1.76667 0.633333 2.45291e-07
1.83333 0.633333 2.2271e-07
1.9 0.633333 1.87012e-07
1.96667 0.633333 1.50186e-07
2.03333 0.633333 1.17628e-07
2.1 0.633333 9.10925e-08
2.16667 0.633333 7.05234e-08
2.23333 0.633333 5.51086e-08
2.3 0.633333 4.38311e-08
2.36667 0.633333 3.57274e-08
2.43333 0.633333 2.99839e-08
2.5 0.633333 2.59516e-08
2.56667 0.633333 2.31271e-08
2.63333 0.633333 2.11242e-08
2.7 0.633333 1.96522e-08
2.76667 0.633333 1.85123e-08
2.83333 0.633333 1.76238e-08
2.9 0.633333 1.7097e-08
2.96667 0.633333 1.73033e-08
3.03333 0.633333 1.87407e-08
3.1 0.633333 2.14171e-08
3.16667 0.633333 2.3416e-08
3.23333 0.633333 2.24309e-08
3.3 0.633333 1.9084e-08
3.36667 0.633333 1.50983e-08
3.43333 0.633333 1.14069e-08
3.5 0.633333 8.34698e-09
3.56667 0.633333 5.96809e-09
3.63333 0.633333 4.19377e-09
3.7 0.633333 2.90796e-09
3.76667 0.633333 1.99553e-09
3.83333 0.633333 1.35823e-09
3.9 0.633333 9.18499e-10
3.96667 0.633333 6.17976e-10
4.03333 0.633333 4.14143e-10
4.1 0.633333 2.76725e-10
4.16667 0.633333 1.84533e-10
4.23333 0.633333 1.22926e-10
4.3 0.633333 8.18884e-11
4.36667 0.633333 5.4626e-11
4.43333 0.633333 3.65557e-11
4.5 0.633333 2.46037e-11
4.56667 0.633333 1.67167e-11
4.63333 0.633333 1.15292e-11
4.7 0.633333 8.13734e-12
4.76667 0.633333 5.94697e-12
4.83333 0.633333 4.5729e-12
4.9 0.633333 3.77276e-12
4.96667 0.633333 3.40517e-12
0.0333333 0.7 1.43846e-06
0.1 0.7 1.70435e-06
0.166667 0.7 2.00663e-06
0.233333 0.7 2.10506e-06
0.3 0.7 1.92064e-06
0.366667 0.7 1.60902e-06
0.433333 0.7 1.48645e-06
0.5 0.7 1.82698e-06
0.566667 0.7 2.68856e-06
0.633333 0.7 3.86989e-06
0.7 0.7 4.96316e-06
0.766667 0.7 5.53567e-06
0.833333 0.7 5.42027e-06
0.9 0.7 4.75616e-06
0.966667 0.7 3.8522e-06
1.03333 0.7 2.9756e-06
1.1 0.7 2.24393e-06
1.16667 0.7 1.67345e-06
1.23333 0.7 1.23978e-06
1.3 0.7 9.08188e-07
1.36667 0.7 6.48154e-07
1.43333 0.7 4.421e-07
1.5 0.7 2.93991e-07
1.56667 0.7 2.44666e-07
1.63333 0.7 2.80633e-07
1.7 0.7 2.96825e-07
1.76667 0.7 2.72073e-07
1.83333 0.7 2.27809e-07
1.9 0.7 1.79656e-07
1.96667 0.7 1.36042e-07
2.03333 0.7 1.00331e-07
2.1 0.7 7.29522e-08
2.16667 0.7 5.29682e-08
2.23333 0.7 3.89925e-08
2.3 0.7 2.96465e-08
2.36667 0.7 2.37491e-08
2.43333 0.7 2.03627e-08
2.5 0.7 1.87741e-08
2.56667 0.7 1.845e-08
2.63333 0.7 1.89934e-08
2.7 0.7 2.0108e-08
2.76667 0.7 2.1579e-08
2.83333 0.7 2.32667e-08
2.9 0.7 2.50887e-08
2.96667 0.7 2.69249e-08
3.03333 0.7 2.84708e-08
3.1 0.7 2.91268e-08
3.16667 0.7 2.80809e-08
3.23333 0.7 2.50042e-08
3.3 0.7 2.06022e-08
3.36667 0.7 1.6013e-08
3.43333 0.7 1.19573e-08
3.5 0.7 8.67759e-09
3.56667 0.7 6.1654e-09
3.63333 0.7 4.31049e-09
3.7 0.7 2.97632e-09
3.76667 0.7 2.03516e-09
3.83333 0.7 1.38095e-09
3.9 0.7 9.31344e-10
3.96667 0.7 6.25096e-10
4.03333 0.7 4.17956e-10
4.1 0.7 2.78632e-10
4.16667 0.7 1.8534e-10
4.23333 0.7 1.23098e-10
4.3 0.7 8.16923e-11
4.36667 0.7 5.42151e-11
4.43333 0.7 3.60189e-11
4.5 0.7 2.39923e-11
4.56667 0.7 1.6061e-11
4.63333 0.7 1.08469e-11
4.7 0.7 7.43896e-12
4.76667 0.7 5.23895e-12
4.83333 0.7 3.8592e-12
4.9 0.7 3.05593e-12
4.96667 0.7 2.68696e-12
0.0333333 0.766667 1.44781e-06
0.1 0.766667 1.68947e-06
0.166667 0.766667 2.09241e-06
0.233333 0.766667 2.56745e-06
0.3 0.766667 3.07186e-06
0.366667 0.766667 3.61842e-06
0.433333 0.766667 4.24021e-06
0.5 0.766667 4.92673e-06
0.566667 0.766667 5.5818e-06
0.633333 0.766667 6.04534e-06
0.7 0.766667 6.14894e-06
0.766667 0.766667 5.8004e-06
0.833333 0.766667 5.0505e-06
0.9 0.766667 4.07918e-06
0.966667 0.766667 3.09397e-06
1.03333 0.766667 2.24246e-06
1.1 0.766667 1.58589e-06
1.16667 0.766667 1.12037e-06
1.23333 0.766667 8.1199e-07
1.3 0.766667 6.19627e-07
1.36667 0.766667 5.06118e-07
1.43333 0.766667 4.43067e-07
1.5 0.766667 4.13386e-07
1.56667 0.766667 4.07035e-07
1.63333 0.766667 3.99359e-07
1.7 0.766667 3.6313e-07
1.76667 0.766667 3.0101e-07
1.83333 0.766667 2.31956e-07
1.9 0.766667 1.6897e-07
1.96667 0.766667 1.17424e-07
2.03333 0.766667 7.82708e-08
2.1 0.766667 5.02551e-08
2.16667 0.766667 3.13126e-08
2.23333 0.766667 1.93343e-08
2.3 0.766667 1.25006e-08
2.36667 0.766667 9.37409e-09
2.43333 0.766667 8.87652e-09
2.5 0.766667 1.02205e-08
2.56667 0.766667 1.28325e-08
2.63333 0.766667 1.62828e-08
2.7 0.766667 2.02273e-08
2.76667 0.766667 2.43602e-08
2.83333 0.766667 2.83708e-08
2.9 0.766667 3.18894e-08
2.96667 0.766667 3.44453e-08
3.03333 0.766667 3.55092e-08
3.1 0.766667 3.46476e-08
3.16667 0.766667 3.17605e-08
3.23333 0.766667 2.72737e-08
3.3 0.766667 2.20431e-08
3.36667 0.766667 1.69519e-08
3.43333 0.766667 1.25598e-08
3.5 0.766667 9.05481e-09
3.56667 0.766667 6.3964e-09
3.63333 0.766667 4.44923e-09
3.7 0.766667 3.05828e-09
3.76667 0.766667 2.08288e-09
3.83333 0.766667 1.40836e-09
3.9 0.766667 9.46859e-10
3.96667 0.766667 6.33702e-10
4.03333 0.766667 4.22572e-10
4.1 0.766667 2.80951e-10
4.16667 0.766667 1.86338e-10
4.23333 0.766667 1.23333e-10
4.3 0.766667 8.14873e-11
4.36667 0.766667 5.37539e-11
4.43333 0.766667 3.54079e-11
4.5 0.766667 2.32931e-11
4.56667 0.766667 1.53093e-11
4.63333 0.766667 1.00639e-11
4.7 0.766667 6.63714e-12
4.76667 0.766667 4.42586e-12
4.83333 0.766667 3.03949e-12
4.9 0.766667 2.23257e-12
4.96667 0.766667 1.86199e-12
0.0333333 0.833333 9.76701e-07
0.1 0.833333 1.26302e-06
0.166667 0.833333 1.82168e-06
0.233333 0.833333 2.62389e-06
0.3 0.833333 3.6159e-06
0.366667 0.833333 4.70455e-06
0.433333 0.833333 5.75486e-06
0.5 0.833333 6.60659e-06
0.566667 0.833333 7.10417e-06
0.633333 0.833333 7.13798e-06
0.7 0.833333 6.68083e-06
0.766667 0.833333 5.80854e-06
0.833333 0.833333 4.68346e-06
0.9 0.833333 3.50291e-06
0.966667 0.833333 2.43662e-06
1.03333 0.833333 1.58639e-06
1.1 0.833333 9.82862e-07
1.16667 0.833333 6.06649e-07
1.23333 0.833333 4.13888e-07
1.3 0.833333 3.53563e-07
1.36667 0.833333 3.75589e-07
1.43333 0.833333 4.33778e-07
1.5 0.833333 4.88509e-07
1.56667 0.833333 5.10442e-07
1.63333 0.833333 4.84973e-07
1.7 0.833333 4.16731e-07
1.76667 0.833333 3.26152e-07
1.83333 0.833333 2.35571e-07
1.9 0.833333 1.58391e-07
1.96667 0.833333 9.88856e-08
2.03333 0.833333 5.62337e-08
2.1 0.833333 2.75975e-08
2.16667 0.833333 9.75689e-09
2.23333 0.833333 1.5778e-10
2.3 0.833333 4.43059e-09
2.36667 0.833333 4.76563e-09
2.43333 0.833333 2.38646e-09
2.5 0.833333 1.84145e-09
2.56667 0.833333 7.29512e-09
2.63333 0.833333 1.34944e-08
2.7 0.833333 2.00185e-08
2.76667 0.833333 2.64369e-08
2.83333 0.833333 3.22562e-08
2.9 0.833333 3.68992e-08
2.96667 0.833333 3.9755e-08
3.03333 0.833333 4.03318e-08
3.1 0.833333 3.84676e-08
3.16667 0.833333 3.44764e-08
3.23333 0.833333 2.91035e-08
3.3 0.833333 2.32767e-08
3.36667 0.833333 1.77918e-08
3.43333 0.833333 1.31218e-08
3.5 0.833333 9.41845e-09
3.56667 0.833333 6.624e-09
3.63333 0.833333 4.58776e-09
3.7 0.833333 3.14074e-09
3.76667 0.833333 2.13108e-09
3.83333 0.833333 1.4361e-09
3.9 0.833333 9.62568e-10
3.96667 0.833333 6.4242e-10
4.03333 0.833333 4.27256e-10
4.1 0.833333 2.83316e-10
4.16667 0.833333 1.87371e-10
4.23333 0.833333 1.23602e-10
4.3 0.833333 8.13141e-11
4.36667 0.833333 5.3325e-11
4.43333 0.833333 3.48299e-11
4.5 0.833333 2.26275e-11
4.56667 0.833333 1.4592e-11
4.63333 0.833333 9.31578e-12
4.7 0.833333 5.87061e-12
4.76667 0.833333 3.64832e-12
4.83333 0.833333 2.2555e-12
4.9 0.833333 1.44502e-12
4.96667 0.833333 1.07288e-12
0.0333333 0.9 4.45908e-07
0.1 0.9 7.84746e-07
0.166667 0.9 1.47437e-06
0.233333 0.9 2.50596e-06
0.3 0.9 3.80629e-06
0.366667 0.9 5.21497e-06
0.433333 0.9 6.50502e-06
0.5 0.9 7.44195e-06
0.566667 0.9 7.84913e-06
0.633333 0.9 7.65313e-06
0.7 0.9 6.90195e-06
0.766667 0.9 5.75017e-06
0.833333 0.9 4.41098e-06
0.9 0.9 3.09604e-06
0.966667 0.9 1.96563e-06
1.03333 0.9 1.10549e-06
1.1 0.9 5.33246e-07
1.16667 0.9 2.20458e-07
1.23333 0.9 1.14961e-07
1.3 0.9 1.55385e-07
1.36667 0.9 2.77932e-07
1.43333 0.9 4.20459e-07
1.5 0.9 5.29515e-07
1.56667 0.9 5.71252e-07
1.63333 0.9 5.39664e-07
1.7 0.9 4.5395e-07
1.76667 0.9 3.4475e-07
1.83333 0.9 2.3863e-07
1.9 0.9 1.50432e-07
1.96667 0.9 8.43969e-08
2.03333 0.9 3.87537e-08
2.1 0.9 9.51658e-09
2.16667 0.9 7.47331e-09
2.23333 0.9 1.57294e-08
2.3 0.9 1.79338e-08
2.36667 0.9 1.60194e-08
2.43333 0.9 1.13342e-08
2.5 0.9 4.81198e-09
2.56667 0.9 2.87731e-09
2.63333 0.9 1.12027e-08
2.7 0.9 1.96689e-08
2.76667 0.9 2.77375e-08
2.83333 0.9 3.47848e-08
2.9 0.9 4.01229e-08
2.96667 0.9 4.31136e-08
3.03333 0.9 4.33627e-08
3.1 0.9 4.0911e-08
3.16667 0.9 3.6294e-08
3.23333 0.9 3.04008e-08
3.3 0.9 2.41926e-08
3.36667 0.9 1.84338e-08
3.43333 0.9 1.35615e-08
3.5 0.9 9.70878e-09
3.56667 0.9 6.80843e-09
3.63333 0.9 4.7011e-09
3.7 0.9 3.20857e-09
3.76667 0.9 2.17084e-09
3.83333 0.9 1.459e-09
3.9 0.9 9.75539e-10
3.96667 0.9 6.49619e-10
4.03333 0.9 4.31128e-10
4.1 0.9 2.8528e-10
4.16667 0.9 1.88241e-10
4.23333 0.9 1.23845e-10
4.3 0.9 8.11966e-11
4.36667 0.9 5.29993e-11
4.43333 0.9 3.43832e-11
4.5 0.9 2.211e-11
4.56667 0.9 1.40328e-11
4.63333 0.9 8.7318e-12
4.7 0.9 5.27187e-12
4.76667 0.9 3.04079e-12
4.83333 0.9 1.64282e-12
4.9 0.9 8.29522e-13
4.96667 0.9 4.5613e-13
0.0333333 0.966667 1.19743e-07
0.1 0.966667 4.89743e-07
0.166667 0.966667 1.25059e-06
0.233333 0.966667 2.39859e-06
0.3 0.966667 3.8482e-06
0.366667 0.966667 5.40709e-06
0.433333 0.966667 6.80806e-06
0.5 0.966667 7.78547e-06
0.566667 0.966667 8.15463e-06
0.633333 0.966667 7.85972e-06
0.7 0.966667 6.98151e-06
0.766667 0.966667 5.70645e-06
0.833333 0.966667 4.2687e-06
0.9 0.966667 2.88773e-06
0.966667 0.966667 1.72237e-06
1.03333 0.966667 8.53861e-07
1.1 0.966667 2.95638e-07
1.16667 0.966667 1.54559e-08
1.23333 0.966667 4.35134e-08
1.3 0.966667 5.07751e-08
1.36667 0.966667 2.25992e-07
1.43333 0.966667 4.11222e-07
1.5 0.966667 5.47151e-07
1.56667 0.966667 5.99432e-07
1.63333 0.966667 5.66393e-07
1.7 0.966667 4.73134e-07
1.76667 0.966667 3.54823e-07
1.83333 0.966667 2.40558e-07
1.9 0.966667 1.46321e-07
1.96667 0.966667 7.65736e-08
2.03333 0.966667 2.91688e-08
2.1 0.966667 4.65543e-10
2.16667 0.966667 1.70117e-08
2.23333 0.966667 2.43551e-08
2.3 0.966667 2.54106e-08
2.36667 0.966667 2.22451e-08
2.43333 0.966667 1.62796e-08
2.5 0.966667 8.48905e-09
2.56667 0.966667 4.28195e-10
2.63333 0.966667 9.9094e-09
2.7 0.966667 1.94148e-08
2.76667 0.966667 2.83463e-08
2.83333 0.966667 3.60159e-08
2.9 0.966667 4.1692e-08
2.96667 0.966667 4.47422e-08
3.03333 0.966667 4.48367e-08
3.1 0.966667 4.21179e-08
3.16667 0.966667 3.72177e-08
3.23333 0.966667 3.10824e-08
3.3 0.966667 2.4687e-08
3.36667 0.966667 1.87864e-08
3.43333 0.966667 1.3806e-08
3.5 0.966667 9.87177e-09
3.56667 0.966667 6.91278e-09
3.63333 0.966667 4.76555e-09
3.7 0.966667 3.24725e-09
3.76667 0.966667 2.19354e-09
3.83333 0.966667 1.47207e-09
3.9 0.966667 9.82946e-10
3.96667 0.966667 6.5373e-10
4.03333 0.966667 4.33341e-10
4.1 0.966667 2.86405e-10
4.16667 0.966667 1.88745e-10
4.23333 0.966667 1.23992e-10
4.3 0.966667 8.11402e-11
4.36667 0.966667 5.28252e-11
4.43333 0.966667 3.41409e-11
4.5 0.966667 2.18279e-11
4.56667 0.966667 1.37273e-11
4.63333 0.966667 8.41243e-12
4.7 0.966667 4.94426e-12
4.76667 0.966667 2.7083e-12
4.83333 0.966667 1.30747e-12
4.9 0.966667 4.92603e-13
4.96667 0.966667 1.18518e-13
