0 0
1 0
2 0
3 1
4 1
5 1
6 1
7 1
8 1
9 1
10 1
11 1
12 1
13 1
14 1
15 1
16 1
17 1
18 1
19 1
20 1
21 1
22 1
23 1
24 1
25 1
26 1
27 1
28 1
29 1
30 1
31 1
32 1
33 1
34 1
35 1
36 1
37 1
38 1
39 1
40 1
41 1
42 1
43 1
44 1
45 1
46 1
47 1
48 1
49 1
50 1
51 1
52 1
53 1
54 1
55 1
56 1
57 1
58 1
59 1
60 1
61 1
62 1
63 1
64 1
65 1
66 1
67 1
68 1
69 1
70 1
71 1
72 1
73 1
74 0
75 0
76 0
77 0
78 0
79 0
80 0
81 0
82 0
83 0
84 0
85 1
86 1
87 1
88 1
89 1
90 1
91 1
92 1
93 1
94 1
95 0
96 0
97 0
98 0
99 0
100 0
101 0
102 0
103 0
104 0
105 0
106 0
107 1
108 1
109 1
110 1
111 1
112 1
113 1
114 1
115 1
116 1
117 1
118 1
119 1
120 1
121 1
122 1
123 1
124 1
125 1
126 1
127 1
128 1
129 1
130 1
131 1
132 1
133 1
134 1
135 1
136 1
137 1
138 1
139 1
140 1
141 1
142 0
143 0
144 0
145 0
146 0
147 0
148 0
149 0
150 0
151 0
152 1
153 1
154 1
155 1
156 1
157 1
158 1
159 1
160 1
161 1
162 1
163 1
164 1
165 1
166 1
167 1
168 1
169 1
170 1
171 1
172 1
173 1
174 1
175 1
176 1
177 1
178 1
179 1
180 1
181 1
182 1
183 1
184 1
185 1
186 1
187 1
188 1
189 1
190 1
191 1
192 1
193 1
194 1
195 1
196 1
197 1
198 1
199 1
200 1
201 1
202 1
203 1
204 1
205 1
206 1
207 1
208 1
209 1
210 1
211 1
212 1
213 1
214 1
215 1
216 1
217 1
218 1
219 1
220 1
221 1
222 1
223 1
224 1
225 0
226 0
227 0
228 0
229 0
230 0
231 0
232 0
233 0
234 0
235 0
236 0
237 0
238 0
239 0
240 0
241 0
242 0
243 0
244 0
245 0
246 0
247 0
248 0
249 0
250 0
251 0
252 0
253 0
254 0
255 1
256 1
257 1
258 0
259 0
260 0
261 0
262 0
263 0
264 0
265 1
266 1
267 1
268 1
269 1
270 1
271 1
272 1
273 1
274 1
275 1
276 1
277 1
278 1
279 1
280 1
281 1
282 1
283 1
284 1
285 1
286 1
287 1
288 1
289 1
290 1
291 1
292 1
293 1
294 1
295 1
296 1
297 1
298 1
299 1
300 1
301 1
302 1
303 1
304 1
305 1
306 1
307 1
308 1
309 1
310 1
311 1
312 1
313 1
314 1
315 1
316 1
317 1
318 1
319 1
320 1
321 1
322 1
323 0
324 0
325 0
326 0
327 0
328 0
329 0
330 0
331 0
332 0
333 0
334 0
335 0
336 1
337 1
338 1
339 1
340 1
341 1
342 1
343 1
344 1
345 0
346 0
347 0
348 0
349 0
350 0
351 0
352 0
353 0
354 0
355 0
356 0
357 1
358 1
359 1
360 1
361 1
362 1
363 1
364 1
365 1
366 1
367 1
368 1
369 1
370 1
371 1
372 1
373 1
374 1
375 1
376 1
377 1
378 1
379 1
380 1
381 1
382 1
383 1
384 1
385 1
386 1
387 1
388 1
389 1
390 0
391 0
392 0
393 0
394 0
395 0
396 0
397 0
398 0
399 0
400 0
401 0
402 0
403 0
404 1
405 1
406 1
407 1
408 1
409 1
410 1
411 1
412 1
413 1
414 1
415 1
416 1
417 1
418 1
419 1
420 1
421 1
422 1
423 1
424 1
425 1
426 1
427 1
428 1
429 1
430 1
431 1
432 1
433 1
434 1
435 1
436 1
437 1
438 1
439 1
440 1
441 1
442 1
443 1
444 1
445 1
446 1
447 1
448 1
449 1
450 1
451 1
452 1
453 1
454 1
455 1
456 1
457 1
458 1
459 1
460 1
461 1
462 1
463 1
464 1
465 1
466 1
467 1
468 1
469 1
470 1
471 1
472 1
473 1
474 0
475 0
476 0
477 0
478 0
479 0
480 0
481 0
482 0
483 0
484 0
485 0
486 0
487 0
488 0
489 0
490 0
491 0
492 0
493 0
494 0
495 0
496 0
497 0
498 0
499 0
500 0
501 0
502 0
503 0
504 0
505 0
506 0
507 0
508 0
509 0
510 1
511 1
512 1
513 1
514 1
515 0
516 0
517 0
518 1
519 1
520 1
521 1
522 1
523 1
524 1
525 1
526 1
527 1
528 1
529 1
530 1
531 1
532 1
533 1
534 1
535 1
536 1
537 1
538 1
539 1
540 1
541 1
542 1
543 1
544 1
545 1
546 1
547 1
548 1
549 1
550 1
551 1
552 1
553 1
554 1
555 1
556 1
557 1
558 1
559 1
560 1
561 1
562 1
563 1
564 1
565 1
566 1
567 1
568 1
569 1
570 1
571 1
572 1
573 0
574 0
575 0
576 0
577 0
578 0
579 0
580 0
581 0
582 0
583 0
584 0
585 0
586 1
587 1
588 1
589 1
590 1
591 1
592 1
593 1
594 0
595 0
596 0
597 0
598 0
599 0
600 0
601 0
602 0
603 0
604 0
605 0
606 0
607 0
608 1
609 1
610 1
611 1
612 1
613 1
614 1
615 1
616 1
617 1
618 1
619 1
620 1
621 1
622 1
623 1
624 1
625 1
626 1
627 1
628 1
629 1
630 1
631 1
632 1
633 1
634 1
635 1
636 1
637 1
638 0
639 0
640 0
641 0
642 0
643 0
644 0
645 0
646 0
647 0
648 0
649 0
650 0
651 0
652 0
653 0
654 0
655 0
656 1
657 1
658 1
659 1
660 1
661 1
662 1
663 1
664 1
665 1
666 1
667 1
668 1
669 1
670 1
671 1
672 1
673 1
674 1
675 1
676 1
677 1
678 1
679 1
680 1
681 1
682 1
683 1
684 1
685 1
686 1
687 1
688 1
689 1
690 1
691 1
692 1
693 1
694 1
695 1
696 1
697 1
698 1
699 1
700 1
701 1
702 1
703 1
704 1
705 1
706 1
707 1
708 1
709 1
710 1
711 1
712 1
713 1
714 1
715 1
716 1
717 1
718 1
719 1
720 1
721 1
722 1
723 0
724 0
725 0
726 0
727 0
728 0
729 0
730 0
731 0
732 0
733 0
734 0
735 0
736 0
737 0
738 0
739 0
740 0
741 0
742 0
743 0
744 0
745 0
746 0
747 0
748 0
749 0
750 1
751 0
752 0
753 0
754 0
755 0
756 1
757 1
758 1
759 1
760 1
761 1
762 1
763 1
764 1
765 1
766 1
767 1
768 1
769 0
770 1
771 1
772 1
773 1
774 1
775 1
776 1
777 1
778 1
779 1
780 1
781 1
782 1
783 1
784 1
785 1
786 1
787 1
788 1
789 1
790 1
791 1
792 1
793 1
794 1
795 1
796 1
797 1
798 1
799 1
800 1
801 1
802 1
803 1
804 1
805 1
806 1
807 1
808 1
809 1
810 1
811 1
812 1
813 1
814 1
815 1
816 1
817 1
818 1
819 1
820 1
821 1
822 0
823 0
824 0
825 0
826 0
827 0
828 0
829 0
830 0
831 0
832 0
833 0
834 0
835 0
836 0
837 0
838 0
839 1
840 1
841 0
842 0
843 0
844 0
845 0
846 0
847 0
848 0
849 0
850 0
851 0
852 0
853 0
854 0
855 0
856 0
857 0
858 0
859 1
860 1
861 1
862 1
863 1
864 1
865 1
866 1
867 1
868 1
869 1
870 1
871 1
872 1
873 1
874 1
875 1
876 1
877 1
878 1
879 1
880 1
881 1
882 1
883 1
884 1
885 1
886 0
887 0
888 0
889 0
890 0
891 0
892 0
893 0
894 0
895 0
896 0
897 0
898 0
899 0
900 0
901 0
902 0
903 0
904 0
905 0
906 0
907 1
908 1
909 1
910 1
911 1
912 1
913 1
914 1
915 1
916 1
917 1
918 1
919 1
920 1
921 1
922 1
923 1
924 1
925 1
926 1
927 1
928 1
929 1
930 1
931 1
932 1
933 1
934 1
935 1
936 1
937 1
938 1
939 1
940 1
941 1
942 1
943 1
944 1
945 1
946 1
947 1
948 1
949 1
950 1
951 1
952 1
953 1
954 1
955 1
956 1
957 1
958 1
959 1
960 1
961 1
962 1
963 1
964 1
965 1
966 1
967 1
968 1
969 1
970 1
971 0
972 0
973 0
974 0
975 0
976 0
977 0
978 0
979 0
980 0
981 0
982 0
983 0
984 0
985 0
986 0
987 0
988 0
989 0
990 0
991 0
992 0
993 0
994 0
995 0
996 0
997 0
998 0
999 0
1000 1
1001 0
1002 0
1003 0
1004 0
1005 1
1006 1
1007 1
1008 1
1009 1
1010 1
1011 1
1012 1
1013 1
1014 1
1015 1
1016 1
1017 1
1018 1
1019 1
1020 1
1021 0
1022 0
1023 1
1024 1
1025 1
1026 1
1027 1
1028 1
1029 1
1030 1
1031 1
1032 1
1033 1
1034 1
1035 1
1036 1
1037 1
1038 1
1039 1
1040 1
1041 1
1042 1
1043 1
1044 1
1045 1
1046 1
1047 1
1048 1
1049 1
1050 1
1051 1
1052 1
1053 1
1054 1
1055 1
1056 1
1057 1
1058 1
1059 1
1060 1
1061 1
1062 1
1063 1
1064 1
1065 1
1066 1
1067 1
1068 1
1069 1
1070 0
1071 0
1072 0
1073 0
1074 0
1075 0
1076 0
1077 0
1078 0
1079 0
1080 0
1081 0
1082 0
1083 0
1084 0
1085 0
1086 0
1087 0
1088 0
1089 0
1090 0
1091 0
1092 0
1093 0
1094 0
1095 0
1096 0
1097 0
1098 0
1099 0
1100 0
1101 0
1102 0
1103 0
1104 0
1105 0
1106 0
1107 0
1108 0
1109 0
1110 1
1111 1
1112 1
1113 1
1114 1
1115 1
1116 1
1117 1
1118 1
1119 1
1120 1
1121 1
1122 1
1123 1
1124 1
1125 1
1126 1
1127 1
1128 1
1129 1
1130 1
1131 1
1132 1
1133 1
1134 0
1135 0
1136 0
1137 0
1138 0
1139 0
1140 0
1141 0
1142 0
1143 0
1144 0
1145 0
1146 0
1147 0
1148 0
1149 0
1150 0
1151 0
1152 0
1153 0
1154 0
1155 0
1156 0
1157 0
1158 0
1159 1
1160 1
1161 1
1162 1
1163 1
1164 1
1165 1
1166 1
1167 1
1168 1
1169 1
1170 1
1171 1
1172 1
1173 1
1174 1
1175 1
1176 1
1177 1
1178 1
1179 1
1180 1
1181 1
1182 1
1183 1
1184 1
1185 1
1186 1
1187 1
1188 1
1189 1
1190 1
1191 1
1192 1
1193 1
1194 1
1195 1
1196 1
1197 1
1198 1
1199 1
1200 1
1201 1
1202 1
1203 1
1204 1
1205 1
1206 1
1207 1
1208 1
1209 1
1210 1
1211 1
1212 1
1213 1
1214 1
1215 1
1216 1
1217 1
1218 1
1219 1
1220 0
1221 0
1222 0
1223 0
1224 0
1225 0
1226 0
1227 0
1228 0
1229 0
1230 0
1231 0
1232 0
1233 0
1234 0
1235 0
1236 0
1237 0
1238 0
1239 0
1240 0
1241 0
1242 0
1243 0
1244 0
1245 0
1246 0
1247 0
1248 0
1249 0
1250 1
1251 0
1252 0
1253 0
1254 1
1255 1
1256 1
1257 1
1258 1
1259 1
1260 1
1261 1
1262 1
1263 1
1264 1
1265 1
1266 1
1267 1
1268 1
1269 1
1270 1
1271 1
1272 1
1273 0
1274 0
1275 1
1276 1
1277 1
1278 1
1279 1
1280 1
1281 1
1282 1
1283 1
1284 1
1285 1
1286 1
1287 1
1288 1
1289 1
1290 1
1291 1
1292 1
1293 1
1294 1
1295 1
1296 1
1297 1
1298 1
1299 1
1300 1
1301 1
1302 1
1303 1
1304 1
1305 1
1306 1
1307 1
1308 1
1309 1
1310 1
1311 1
1312 1
1313 1
1314 1
1315 1
1316 1
1317 1
1318 0
1319 0
1320 0
1321 0
1322 0
1323 0
1324 0
1325 0
1326 0
1327 0
1328 0
1329 0
1330 0
1331 0
1332 0
1333 0
1334 0
1335 0
1336 0
1337 0
1338 0
1339 0
1340 0
1341 0
1342 0
1343 0
1344 0
1345 0
1346 0
1347 0
1348 0
1349 0
1350 0
1351 0
1352 0
1353 0
1354 0
1355 0
1356 0
1357 0
1358 0
1359 0
1360 0
1361 1
1362 1
1363 1
1364 1
1365 1
1366 1
1367 1
1368 1
1369 1
1370 1
1371 1
1372 1
1373 1
1374 1
1375 1
1376 1
1377 1
1378 1
1379 1
1380 1
1381 0
1382 0
1383 0
1384 0
1385 0
1386 0
1387 0
1388 0
1389 0
1390 0
1391 0
1392 0
1393 0
1394 0
1395 1
1396 1
1397 1
1398 1
1399 1
1400 1
1401 1
1402 1
1403 0
1404 0
1405 0
1406 0
1407 0
1408 0
1409 0
1410 0
1411 1
1412 1
1413 1
1414 1
1415 1
1416 1
1417 1
1418 1
1419 1
1420 1
1421 1
1422 1
1423 1
1424 1
1425 1
1426 1
1427 1
1428 1
1429 1
1430 1
1431 1
1432 1
1433 1
1434 1
1435 1
1436 1
1437 1
1438 1
1439 1
1440 1
1441 1
1442 1
1443 1
1444 1
1445 1
1446 1
1447 1
1448 1
1449 1
1450 1
1451 1
1452 1
1453 1
1454 1
1455 1
1456 1
1457 1
1458 1
1459 1
1460 1
1461 1
1462 1
1463 1
1464 1
1465 1
1466 1
1467 1
1468 0
1469 0
1470 0
1471 0
1472 0
1473 0
1474 0
1475 0
1476 0
1477 0
1478 0
1479 0
1480 0
1481 0
1482 0
1483 0
1484 0
1485 0
1486 0
1487 0
1488 0
1489 0
1490 0
1491 0
1492 0
1493 0
1494 0
1495 0
1496 0
1497 0
1498 0
1499 0
1500 1
1501 0
1502 0
1503 1
1504 1
1505 1
1506 1
1507 1
1508 1
1509 1
1510 1
1511 1
1512 1
1513 1
1514 1
1515 1
1516 1
1517 1
1518 1
1519 1
1520 1
1521 1
1522 1
1523 1
1524 1
1525 1
1526 0
1527 0
1528 1
1529 1
1530 1
1531 1
1532 1
1533 1
1534 1
1535 1
1536 1
1537 1
1538 1
1539 1
1540 1
1541 1
1542 1
1543 1
1544 1
1545 1
1546 1
1547 1
1548 1
1549 1
1550 1
1551 1
1552 1
1553 1
1554 1
1555 1
1556 1
1557 1
1558 1
1559 1
1560 1
1561 1
1562 1
1563 1
1564 1
1565 0
1566 0
1567 0
1568 0
1569 0
1570 0
1571 0
1572 0
1573 0
1574 0
1575 0
1576 0
1577 0
1578 0
1579 0
1580 0
1581 0
1582 0
1583 0
1584 0
1585 0
1586 0
1587 0
1588 0
1589 0
1590 0
1591 0
1592 0
1593 0
1594 0
1595 0
1596 0
1597 0
1598 0
1599 0
1600 0
1601 0
1602 0
1603 0
1604 0
1605 0
1606 0
1607 0
1608 0
1609 0
1610 0
1611 0
1612 0
1613 0
1614 1
1615 1
1616 1
1617 1
1618 1
1619 1
1620 1
1621 1
1622 1
1623 1
1624 1
1625 1
1626 1
1627 1
1628 0
1629 0
1630 0
1631 0
1632 0
1633 0
1634 0
1635 0
1636 0
1637 0
1638 0
1639 0
1640 0
1641 0
1642 1
1643 1
1644 1
1645 1
1646 1
1647 1
1648 1
1649 1
1650 1
1651 1
1652 1
1653 1
1654 1
1655 1
1656 0
1657 0
1658 0
1659 0
1660 0
1661 0
1662 0
1663 1
1664 1
1665 1
1666 1
1667 1
1668 1
1669 1
1670 1
1671 1
1672 1
1673 1
1674 1
1675 1
1676 1
1677 1
1678 1
1679 1
1680 1
1681 1
1682 1
1683 1
1684 1
1685 1
1686 1
1687 1
1688 1
1689 1
1690 1
1691 1
1692 1
1693 1
1694 1
1695 1
1696 1
1697 1
1698 1
1699 1
1700 1
1701 1
1702 1
1703 1
1704 1
1705 1
1706 1
1707 1
1708 1
1709 1
1710 1
1711 1
1712 1
1713 1
1714 1
1715 1
1716 0
1717 0
1718 0
1719 0
1720 0
1721 0
1722 0
1723 0
1724 0
1725 0
1726 0
1727 0
1728 0
1729 0
1730 0
1731 0
1732 0
1733 0
1734 0
1735 0
1736 0
1737 0
1738 0
1739 0
1740 0
1741 0
1742 0
1743 0
1744 0
1745 0
1746 0
1747 0
1748 0
1749 0
1750 1
1751 0
1752 0
1753 1
1754 1
1755 1
1756 1
1757 1
1758 1
1759 1
1760 1
1761 1
1762 1
1763 1
1764 1
1765 1
1766 1
1767 1
1768 1
1769 1
1770 1
1771 1
1772 1
1773 1
1774 1
1775 1
1776 1
1777 1
1778 0
1779 0
1780 1
1781 1
1782 1
1783 1
1784 1
1785 1
1786 1
1787 1
1788 1
1789 1
1790 1
1791 1
1792 1
1793 1
1794 1
1795 1
1796 1
1797 1
1798 1
1799 1
1800 1
1801 1
1802 1
1803 1
1804 1
1805 1
1806 1
1807 1
1808 1
1809 1
1810 1
1811 1
1812 0
1813 0
1814 0
1815 0
1816 0
1817 0
1818 0
1819 0
1820 0
1821 0
1822 0
1823 0
1824 0
1825 0
1826 0
1827 0
1828 0
1829 0
1830 0
1831 0
1832 0
1833 0
1834 0
1835 0
1836 0
1837 0
1838 0
1839 0
1840 0
1841 0
1842 0
1843 0
1844 0
1845 0
1846 0
1847 0
1848 0
1849 0
1850 0
1851 0
1852 0
1853 0
1854 0
1855 0
1856 0
1857 0
1858 0
1859 0
1860 0
1861 0
1862 0
1863 0
1864 0
1865 0
1866 0
1867 0
1868 0
1869 0
1870 0
1871 0
1872 0
1873 0
1874 0
1875 0
1876 0
1877 0
1878 0
1879 0
1880 0
1881 0
1882 0
1883 0
1884 0
1885 0
1886 0
1887 0
1888 0
1889 0
1890 1
1891 1
1892 1
1893 1
1894 1
1895 1
1896 1
1897 1
1898 1
1899 1
1900 1
1901 1
1902 1
1903 1
1904 1
1905 1
1906 1
1907 1
1908 0
1909 0
1910 0
1911 0
1912 0
1913 0
1914 0
1915 0
1916 1
1917 1
1918 1
1919 1
1920 1
1921 1
1922 1
1923 1
1924 1
1925 1
1926 1
1927 1
1928 1
1929 1
1930 1
1931 1
1932 1
1933 1
1934 1
1935 1
1936 1
1937 1
1938 1
1939 1
1940 1
1941 1
1942 1
1943 1
1944 1
1945 1
1946 1
1947 1
1948 1
1949 1
1950 1
1951 1
1952 1
1953 1
1954 1
1955 1
1956 1
1957 1
1958 1
1959 1
1960 1
1961 1
1962 1
1963 0
1964 0
1965 0
1966 0
1967 0
1968 0
1969 0
1970 0
1971 0
1972 0
1973 0
1974 0
1975 0
1976 0
1977 0
1978 0
1979 0
1980 0
1981 0
1982 0
1983 0
1984 0
1985 0
1986 0
1987 0
1988 0
1989 0
1990 0
1991 0
1992 0
1993 0
1994 0
1995 0
1996 0
1997 0
1998 0
1999 0
2000 1
2001 0
2002 1
2003 1
2004 1
2005 1
2006 1
2007 1
2008 1
2009 1
2010 1
2011 1
2012 1
2013 1
2014 1
2015 1
2016 1
2017 1
2018 1
2019 1
2020 1
2021 1
2022 1
2023 1
2024 1
2025 1
2026 1
2027 1
2028 1
2029 1
2030 1
2031 0
2032 1
2033 1
2034 1
2035 1
2036 1
2037 1
2038 1
2039 1
2040 1
2041 1
2042 1
2043 1
2044 1
2045 1
2046 1
2047 1
2048 1
2049 1
2050 1
2051 1
2052 1
2053 1
2054 1
2055 1
2056 1
2057 1
2058 1
2059 1
2060 0
2061 0
2062 0
2063 0
2064 0
2065 0
2066 0
2067 0
2068 0
2069 0
2070 0
2071 0
2072 0
2073 0
2074 0
2075 0
2076 0
2077 0
2078 0
2079 0
2080 0
2081 0
2082 0
2083 0
2084 0
2085 0
2086 0
2087 0
2088 0
2089 0
2090 0
2091 0
2092 0
2093 0
2094 0
2095 0
2096 0
2097 0
2098 0
2099 0
2100 0
2101 0
2102 0
2103 0
2104 0
2105 0
2106 0
2107 0
2108 0
2109 0
2110 0
2111 0
2112 0
2113 0
2114 0
2115 0
2116 0
2117 0
2118 0
2119 0
2120 0
2121 0
2122 0
2123 0
2124 0
2125 0
2126 0
2127 0
2128 0
2129 0
2130 0
2131 0
2132 0
2133 0
2134 0
2135 0
2136 0
2137 0
2138 0
2139 1
2140 1
2141 1
2142 1
2143 1
2144 1
2145 1
2146 1
2147 1
2148 1
2149 1
2150 1
2151 1
2152 1
2153 1
2154 1
2155 1
2156 1
2157 1
2158 1
2159 1
2160 1
2161 0
2162 0
2163 0
2164 0
2165 0
2166 0
2167 0
2168 0
2169 1
2170 1
2171 1
2172 1
2173 1
2174 1
2175 1
2176 1
2177 1
2178 1
2179 1
2180 1
2181 1
2182 1
2183 1
2184 1
2185 1
2186 1
2187 1
2188 1
2189 1
2190 1
2191 1
2192 1
2193 1
2194 1
2195 1
2196 1
2197 1
2198 1
2199 1
2200 1
2201 1
2202 1
2203 1
2204 1
2205 1
2206 1
2207 1
2208 1
2209 0
2210 0
2211 0
2212 0
2213 0
2214 0
2215 0
2216 0
2217 0
2218 0
2219 0
2220 0
2221 0
2222 0
2223 0
2224 0
2225 0
2226 0
2227 0
2228 0
2229 0
2230 0
2231 0
2232 0
2233 0
2234 0
2235 0
2236 0
2237 0
2238 0
2239 0
2240 0
2241 0
2242 0
2243 0
2244 0
2245 0
2246 0
2247 0
2248 0
2249 0
2250 0
2251 0
2252 1
2253 1
2254 1
2255 1
2256 1
2257 1
2258 1
2259 1
2260 1
2261 1
2262 1
2263 1
2264 1
2265 1
2266 1
2267 1
2268 1
2269 1
2270 1
2271 1
2272 1
2273 1
2274 1
2275 1
2276 1
2277 1
2278 1
2279 1
2280 1
2281 1
2282 1
2283 0
2284 1
2285 1
2286 1
2287 1
2288 1
2289 1
2290 1
2291 1
2292 1
2293 1
2294 1
2295 1
2296 1
2297 1
2298 1
2299 1
2300 1
2301 1
2302 1
2303 1
2304 1
2305 1
2306 1
2307 0
2308 0
2309 0
2310 0
2311 0
2312 0
2313 0
2314 0
2315 0
2316 0
2317 0
2318 0
2319 0
2320 0
2321 0
2322 0
2323 0
2324 0
2325 0
2326 0
2327 0
2328 0
2329 0
2330 0
2331 0
2332 0
2333 0
2334 0
2335 0
2336 0
2337 0
2338 0
2339 0
2340 0
2341 0
2342 0
2343 0
2344 0
2345 0
2346 0
2347 0
2348 0
2349 0
2350 0
2351 0
2352 0
2353 0
2354 0
2355 0
2356 0
2357 0
2358 0
2359 0
2360 0
2361 0
2362 0
2363 0
2364 0
2365 0
2366 0
2367 0
2368 0
2369 0
2370 0
2371 0
2372 0
2373 0
2374 0
2375 0
2376 0
2377 0
2378 0
2379 0
2380 0
2381 0
2382 0
2383 0
2384 0
2385 0
2386 0
2387 1
2388 1
2389 1
2390 1
2391 1
2392 1
2393 1
2394 1
2395 1
2396 1
2397 1
2398 1
2399 1
2400 1
2401 1
2402 1
2403 1
2404 1
2405 1
2406 1
2407 1
2408 1
2409 1
2410 1
2411 1
2412 1
2413 0
2414 0
2415 0
2416 0
2417 0
2418 0
2419 0
2420 0
2421 0
2422 0
2423 0
2424 1
2425 1
2426 1
2427 1
2428 1
2429 1
2430 1
2431 1
2432 1
2433 1
2434 1
2435 1
2436 1
2437 1
2438 1
2439 1
2440 1
2441 1
2442 1
2443 1
2444 1
2445 1
2446 1
2447 1
2448 1
2449 1
2450 1
2451 1
2452 1
2453 1
2454 0
2455 0
2456 0
2457 0
2458 0
2459 0
2460 0
2461 0
2462 0
2463 0
2464 0
2465 0
2466 0
2467 0
2468 0
2469 0
2470 0
2471 0
2472 0
2473 0
2474 0
2475 0
2476 0
2477 0
2478 0
2479 0
2480 0
2481 0
2482 0
2483 0
2484 0
2485 0
2486 0
2487 0
2488 0
2489 0
2490 0
2491 0
2492 0
2493 0
2494 0
2495 0
2496 0
2497 0
2498 0
2499 0
2500 0
2501 1
2502 1
2503 1
2504 1
2505 1
2506 1
2507 1
2508 1
2509 1
2510 1
2511 1
2512 1
2513 1
2514 1
2515 1
2516 1
2517 1
2518 1
2519 1
2520 1
2521 1
2522 1
2523 1
2524 1
2525 1
2526 1
2527 1
2528 1
2529 1
2530 1
2531 1
2532 1
2533 1
2534 1
2535 1
2536 0
2537 1
2538 1
2539 1
2540 1
2541 1
2542 1
2543 1
2544 1
2545 1
2546 1
2547 1
2548 1
2549 1
2550 1
2551 1
2552 1
2553 1
2554 1
2555 0
2556 0
2557 0
2558 0
2559 0
2560 0
2561 0
2562 0
2563 0
2564 0
2565 0
2566 0
2567 0
2568 0
2569 0
2570 0
2571 0
2572 0
2573 0
2574 0
2575 0
2576 0
2577 0
2578 0
2579 0
2580 0
2581 0
2582 0
2583 0
2584 0
2585 0
2586 0
2587 0
2588 0
2589 0
2590 0
2591 0
2592 0
2593 0
2594 0
2595 0
2596 0
2597 0
2598 0
2599 0
2600 0
2601 0
2602 0
2603 0
2604 0
2605 0
2606 0
2607 0
2608 0
2609 0
2610 0
2611 0
2612 0
2613 0
2614 0
2615 0
2616 0
2617 0
2618 0
2619 0
2620 0
2621 0
2622 0
2623 0
2624 0
2625 0
2626 0
2627 0
2628 0
2629 0
2630 0
2631 0
2632 0
2633 0
2634 1
2635 1
2636 1
2637 1
2638 1
2639 1
2640 1
2641 1
2642 1
2643 1
2644 1
2645 1
2646 1
2647 1
2648 1
2649 1
2650 1
2651 1
2652 1
2653 1
2654 1
2655 1
2656 1
2657 1
2658 1
2659 1
2660 1
2661 1
2662 1
2663 1
2664 1
2665 1
2666 0
2667 0
2668 0
2669 0
2670 0
2671 0
2672 0
2673 0
2674 0
2675 0
2676 0
2677 0
2678 0
2679 0
2680 0
2681 1
2682 1
2683 1
2684 1
2685 1
2686 1
2687 1
2688 1
2689 1
2690 1
2691 1
2692 1
2693 1
2694 1
2695 1
2696 1
2697 0
2698 0
2699 0
2700 0
2701 0
2702 0
2703 0
2704 0
2705 0
2706 0
2707 0
2708 0
2709 0
2710 0
2711 0
2712 0
2713 0
2714 0
2715 0
2716 0
2717 0
2718 0
2719 0
2720 0
2721 0
2722 0
2723 0
2724 0
2725 0
2726 0
2727 0
2728 0
2729 0
2730 0
2731 0
2732 0
2733 0
2734 0
2735 0
2736 0
2737 0
2738 0
2739 0
2740 0
2741 0
2742 0
2743 0
2744 0
2745 0
2746 0
2747 0
2748 0
2749 0
2750 1
2751 1
2752 1
2753 1
2754 1
2755 1
2756 1
2757 1
2758 1
2759 1
2760 1
2761 1
2762 1
2763 1
2764 1
2765 1
2766 1
2767 1
2768 1
2769 1
2770 1
2771 1
2772 1
2773 1
2774 1
2775 1
2776 1
2777 1
2778 1
2779 1
2780 1
2781 1
2782 1
2783 1
2784 1
2785 1
2786 1
2787 0
2788 0
2789 0
2790 1
2791 1
2792 1
2793 1
2794 1
2795 1
2796 1
2797 1
2798 1
2799 1
2800 1
2801 1
2802 0
2803 0
2804 0
2805 0
2806 0
2807 0
2808 0
2809 0
2810 0
2811 0
2812 0
2813 0
2814 0
2815 0
2816 0
2817 0
2818 0
2819 0
2820 0
2821 0
2822 0
2823 0
2824 0
2825 0
2826 0
2827 0
2828 0
2829 0
2830 0
2831 0
2832 0
2833 0
2834 0
2835 0
2836 0
2837 0
2838 0
2839 0
2840 0
2841 0
2842 0
2843 0
2844 0
2845 0
2846 0
2847 0
2848 0
2849 0
2850 0
2851 0
2852 0
2853 0
2854 0
2855 0
2856 0
2857 0
2858 0
2859 0
2860 0
2861 0
2862 0
2863 0
2864 0
2865 0
2866 0
2867 0
2868 0
2869 0
2870 0
2871 0
2872 0
2873 0
2874 0
2875 0
2876 0
2877 0
2878 0
2879 1
2880 1
2881 1
2882 1
2883 1
2884 1
2885 1
2886 1
2887 1
2888 1
2889 1
2890 1
2891 1
2892 1
2893 1
2894 1
2895 1
2896 1
2897 1
2898 1
2899 1
2900 1
2901 1
2902 1
2903 1
2904 1
2905 1
2906 1
2907 1
2908 1
2909 1
2910 1
2911 1
2912 1
2913 1
2914 1
2915 1
2916 1
2917 1
2918 1
2919 0
2920 0
2921 0
2922 0
2923 0
2924 0
2925 0
2926 0
2927 0
2928 0
2929 0
2930 0
2931 0
2932 0
2933 0
2934 0
2935 0
2936 0
2937 0
2938 0
2939 0
2940 0
2941 0
2942 0
2943 0
2944 0
2945 0
2946 0
2947 0
2948 0
2949 0
2950 0
2951 0
2952 0
2953 0
2954 0
2955 0
2956 0
2957 0
2958 0
2959 0
2960 0
2961 0
2962 0
2963 0
2964 0
2965 0
2966 0
2967 0
2968 0
2969 0
2970 0
2971 0
2972 0
2973 0
2974 0
2975 0
2976 0
2977 0
2978 0
2979 0
2980 0
2981 0
2982 0
2983 0
2984 0
2985 0
2986 0
2987 0
2988 0
2989 0
2990 0
2991 0
2992 0
2993 0
2994 0
2995 0
2996 0
2997 0
2998 0
2999 0
3000 1
3001 1
3002 1
3003 1
3004 1
3005 1
3006 1
3007 1
3008 1
3009 1
3010 1
3011 1
3012 1
3013 1
3014 1
3015 1
3016 1
3017 1
3018 1
3019 1
3020 1
3021 1
3022 1
3023 1
3024 1
3025 1
3026 1
3027 1
3028 1
3029 1
3030 1
3031 1
3032 1
3033 1
3034 1
3035 1
3036 1
3037 1
3038 1
3039 0
3040 0
3041 0
3042 0
3043 0
3044 0
3045 0
3046 0
3047 0
3048 0
3049 0
3050 0
3051 0
3052 0
3053 0
3054 0
3055 0
3056 0
3057 0
3058 0
3059 0
3060 0
3061 0
3062 0
3063 0
3064 0
3065 0
3066 0
3067 0
3068 0
3069 0
3070 0
3071 0
3072 0
3073 0
3074 0
3075 0
3076 0
3077 0
3078 0
3079 0
3080 0
3081 0
3082 0
3083 0
3084 0
3085 0
3086 0
3087 0
3088 0
3089 0
3090 0
3091 0
3092 0
3093 0
3094 0
3095 0
3096 0
3097 0
3098 0
3099 0
3100 0
3101 0
3102 0
3103 0
3104 0
3105 0
3106 0
3107 0
3108 0
3109 0
3110 0
3111 0
3112 0
3113 0
3114 0
3115 0
3116 0
3117 0
3118 0
3119 0
3120 0
3121 0
3122 1
3123 1
3124 1
3125 1
3126 1
3127 1
3128 1
3129 1
3130 1
3131 1
3132 1
3133 1
3134 1
3135 1
3136 1
3137 1
3138 1
3139 1
3140 1
3141 1
3142 1
3143 1
3144 1
3145 1
3146 1
3147 1
3148 1
3149 1
3150 1
3151 1
3152 1
3153 1
3154 1
3155 1
3156 1
3157 1
3158 1
3159 1
3160 1
3161 1
3162 1
3163 1
3164 1
3165 1
3166 1
3167 1
3168 1
3169 1
3170 1
3171 1
3172 0
3173 0
3174 0
3175 0
3176 0
3177 0
3178 0
3179 0
3180 0
3181 0
3182 0
3183 0
3184 0
3185 0
3186 0
3187 0
3188 0
3189 0
3190 0
3191 0
3192 0
3193 0
3194 0
3195 0
3196 0
3197 0
3198 0
3199 0
3200 0
3201 0
3202 0
3203 0
3204 0
3205 0
3206 0
3207 0
3208 0
3209 0
3210 0
3211 0
3212 0
3213 0
3214 0
3215 0
3216 0
3217 0
3218 0
3219 0
3220 0
3221 0
3222 0
3223 0
3224 0
3225 0
3226 0
3227 0
3228 0
3229 0
3230 0
3231 0
3232 0
3233 0
3234 0
3235 0
3236 0
3237 0
3238 0
3239 0
3240 0
3241 0
3242 0
3243 0
3244 0
3245 0
3246 0
3247 0
3248 0
3249 0
3250 1
3251 1
3252 1
3253 1
3254 1
3255 1
3256 1
3257 1
3258 1
3259 1
3260 1
3261 1
3262 1
3263 0
3264 1
3265 1
3266 1
3267 1
3268 1
3269 1
3270 1
3271 1
3272 1
3273 1
3274 1
3275 1
3276 1
3277 1
3278 1
3279 1
3280 1
3281 1
3282 1
3283 1
3284 1
3285 1
3286 1
3287 1
3288 1
3289 1
3290 0
3291 0
3292 0
3293 0
3294 0
3295 0
3296 0
3297 0
3298 0
3299 0
3300 0
3301 0
3302 0
3303 0
3304 0
3305 0
3306 0
3307 0
3308 0
3309 0
3310 0
3311 0
3312 0
3313 0
3314 0
3315 0
3316 0
3317 0
3318 0
3319 0
3320 0
3321 0
3322 0
3323 0
3324 0
3325 0
3326 0
3327 0
3328 0
3329 0
3330 0
3331 0
3332 0
3333 0
3334 0
3335 0
3336 0
3337 0
3338 0
3339 0
3340 0
3341 0
3342 0
3343 0
3344 0
3345 0
3346 0
3347 0
3348 0
3349 0
3350 0
3351 0
3352 0
3353 0
3354 0
3355 0
3356 0
3357 0
3358 0
3359 0
3360 0
3361 0
3362 0
3363 0
3364 0
3365 1
3366 1
3367 1
3368 1
3369 1
3370 1
3371 1
3372 1
3373 1
3374 1
3375 1
3376 1
3377 1
3378 1
3379 1
3380 1
3381 1
3382 1
3383 1
3384 1
3385 1
3386 1
3387 1
3388 1
3389 1
3390 1
3391 1
3392 1
3393 1
3394 1
3395 1
3396 1
3397 1
3398 1
3399 1
3400 1
3401 1
3402 1
3403 1
3404 1
3405 1
3406 1
3407 1
3408 1
3409 1
3410 1
3411 1
3412 1
3413 1
3414 1
3415 1
3416 1
3417 1
3418 1
3419 1
3420 1
3421 1
3422 1
3423 1
3424 1
3425 1
3426 0
3427 0
3428 0
3429 0
3430 0
3431 0
3432 0
3433 0
3434 0
3435 0
3436 0
3437 0
3438 0
3439 0
3440 0
3441 0
3442 0
3443 0
3444 0
3445 0
3446 0
3447 0
3448 0
3449 0
3450 0
3451 0
3452 0
3453 0
3454 0
3455 0
3456 0
3457 0
3458 0
3459 0
3460 0
3461 0
3462 0
3463 0
3464 0
3465 0
3466 0
3467 0
3468 0
3469 0
3470 0
3471 0
3472 0
3473 0
3474 0
3475 0
3476 0
3477 0
3478 0
3479 0
3480 0
3481 0
3482 0
3483 0
3484 0
3485 0
3486 0
3487 0
3488 0
3489 0
3490 0
3491 0
3492 0
3493 0
3494 0
3495 0
3496 0
3497 0
3498 0
3499 0
3500 1
3501 1
3502 1
3503 1
3504 1
3505 1
3506 1
3507 1
3508 1
3509 1
3510 1
3511 1
3512 0
3513 1
3514 1
3515 1
3516 1
3517 1
3518 1
3519 0
3520 1
3521 1
3522 1
3523 1
3524 1
3525 1
3526 1
3527 1
3528 1
3529 1
3530 1
3531 1
3532 1
3533 1
3534 1
3535 1
3536 1
3537 1
3538 1
3539 1
3540 1
3541 0
3542 0
3543 0
3544 0
3545 0
3546 0
3547 0
3548 0
3549 0
3550 0
3551 0
3552 0
3553 0
3554 0
3555 0
3556 0
3557 0
3558 0
3559 0
3560 0
3561 0
3562 0
3563 0
3564 0
3565 0
3566 0
3567 0
3568 0
3569 0
3570 0
3571 0
3572 0
3573 0
3574 0
3575 0
3576 0
3577 0
3578 0
3579 0
3580 0
3581 0
3582 0
3583 0
3584 0
3585 0
3586 0
3587 1
3588 1
3589 1
3590 1
3591 1
3592 0
3593 0
3594 0
3595 0
3596 0
3597 0
3598 0
3599 0
3600 0
3601 0
3602 0
3603 0
3604 0
3605 0
3606 0
3607 0
3608 0
3609 0
3610 0
3611 1
3612 1
3613 1
3614 1
3615 1
3616 1
3617 1
3618 1
3619 1
3620 1
3621 1
3622 1
3623 1
3624 1
3625 1
3626 1
3627 1
3628 1
3629 1
3630 1
3631 1
3632 1
3633 1
3634 1
3635 1
3636 1
3637 1
3638 1
3639 1
3640 1
3641 1
3642 1
3643 1
3644 1
3645 1
3646 1
3647 1
3648 1
3649 1
3650 1
3651 1
3652 1
3653 1
3654 1
3655 1
3656 1
3657 1
3658 1
3659 1
3660 1
3661 1
3662 1
3663 1
3664 1
3665 1
3666 1
3667 1
3668 1
3669 1
3670 1
3671 1
3672 1
3673 1
3674 1
3675 1
3676 1
3677 1
3678 1
3679 1
3680 0
3681 0
3682 0
3683 0
3684 0
3685 0
3686 0
3687 0
3688 0
3689 0
3690 0
3691 0
3692 0
3693 0
3694 0
3695 0
3696 0
3697 0
3698 0
3699 0
3700 0
3701 0
3702 0
3703 0
3704 0
3705 0
3706 0
3707 0
3708 0
3709 0
3710 0
3711 0
3712 0
3713 0
3714 0
3715 0
3716 0
3717 0
3718 0
3719 0
3720 0
3721 0
3722 0
3723 0
3724 0
3725 0
3726 0
3727 0
3728 0
3729 0
3730 0
3731 0
3732 0
3733 0
3734 0
3735 0
3736 0
3737 0
3738 0
3739 0
3740 0
3741 0
3742 0
3743 0
3744 0
3745 0
3746 0
3747 0
3748 0
3749 0
3750 1
3751 1
3752 1
3753 1
3754 1
3755 1
3756 1
3757 1
3758 1
3759 1
3760 1
3761 1
3762 1
3763 1
3764 1
3765 1
3766 1
3767 1
3768 1
3769 1
3770 1
3771 1
3772 1
3773 1
3774 1
3775 1
3776 1
3777 1
3778 1
3779 1
3780 1
3781 1
3782 1
3783 1
3784 1
3785 1
3786 1
3787 1
3788 1
3789 1
3790 1
3791 0
3792 0
3793 0
3794 0
3795 0
3796 0
3797 0
3798 0
3799 0
3800 0
3801 0
3802 0
3803 0
3804 0
3805 0
3806 0
3807 0
3808 0
3809 0
3810 0
3811 0
3812 0
3813 0
3814 0
3815 0
3816 0
3817 0
3818 0
3819 0
3820 0
3821 0
3822 0
3823 0
3824 0
3825 0
3826 0
3827 0
3828 0
3829 0
3830 0
3831 0
3832 0
3833 0
3834 0
3835 1
3836 1
3837 1
3838 1
3839 1
3840 1
3841 1
3842 1
3843 1
3844 0
3845 0
3846 0
3847 0
3848 0
3849 0
3850 0
3851 0
3852 0
3853 0
3854 0
3855 0
3856 0
3857 0
3858 0
3859 1
3860 1
3861 1
3862 1
3863 1
3864 1
3865 1
3866 1
3867 1
3868 1
3869 1
3870 1
3871 1
3872 1
3873 1
3874 1
3875 1
3876 1
3877 1
3878 1
3879 1
3880 1
3881 1
3882 1
3883 1
3884 1
3885 1
3886 1
3887 1
3888 1
3889 1
3890 1
3891 1
3892 1
3893 1
3894 1
3895 1
3896 1
3897 1
3898 1
3899 1
3900 1
3901 1
3902 1
3903 1
3904 1
3905 1
3906 1
3907 1
3908 1
3909 1
3910 1
3911 1
3912 1
3913 1
3914 1
3915 1
3916 1
3917 1
3918 1
3919 1
3920 1
3921 1
3922 1
3923 1
3924 1
3925 1
3926 1
3927 1
3928 1
3929 1
3930 1
3931 1
3932 1
3933 1
3934 0
3935 0
3936 0
3937 0
3938 0
3939 0
3940 0
3941 0
3942 0
3943 0
3944 0
3945 0
3946 0
3947 0
3948 0
3949 0
3950 0
3951 0
3952 0
3953 0
3954 0
3955 0
3956 0
3957 0
3958 0
3959 0
3960 0
3961 0
3962 0
3963 0
3964 0
3965 0
3966 0
3967 0
3968 0
3969 0
3970 0
3971 0
3972 0
3973 0
3974 0
3975 0
3976 0
3977 0
3978 0
3979 0
3980 0
3981 0
3982 0
3983 0
3984 0
3985 0
3986 0
3987 0
3988 0
3989 0
3990 0
3991 0
3992 0
3993 0
3994 0
3995 0
3996 0
3997 0
3998 0
3999 0
4000 1
4001 1
4002 1
4003 1
4004 1
4005 1
4006 1
4007 1
4008 1
4009 1
4010 1
4011 1
4012 1
4013 1
4014 1
4015 1
4016 1
4017 1
4018 1
4019 1
4020 1
4021 1
4022 1
4023 1
4024 1
4025 1
4026 1
4027 1
4028 1
4029 1
4030 1
4031 1
4032 1
4033 1
4034 1
4035 1
4036 1
4037 1
4038 1
4039 1
4040 1
4041 0
4042 0
4043 0
4044 0
4045 0
4046 0
4047 0
4048 0
4049 0
4050 0
4051 0
4052 0
4053 0
4054 0
4055 0
4056 0
4057 1
4058 1
4059 1
4060 1
4061 1
4062 1
4063 0
4064 0
4065 0
4066 0
4067 0
4068 0
4069 0
4070 0
4071 0
4072 0
4073 0
4074 0
4075 0
4076 0
4077 0
4078 0
4079 0
4080 0
4081 0
4082 0
4083 0
4084 1
4085 1
4086 1
4087 1
4088 1
4089 1
4090 1
4091 1
4092 1
4093 1
4094 1
4095 1
4096 0
4097 0
4098 0
4099 0
4100 0
4101 0
4102 0
4103 0
4104 0
4105 0
4106 0
4107 0
4108 1
4109 1
4110 1
4111 1
4112 1
4113 1
4114 1
4115 1
4116 1
4117 1
4118 1
4119 1
4120 1
4121 1
4122 1
4123 1
4124 1
4125 1
4126 1
4127 1
4128 1
4129 1
4130 1
4131 1
4132 1
4133 1
4134 1
4135 1
4136 1
4137 1
4138 1
4139 1
4140 1
4141 1
4142 1
4143 1
4144 1
4145 1
4146 0
4147 0
4148 0
4149 1
4150 1
4151 1
4152 1
4153 1
4154 1
4155 1
4156 1
4157 1
4158 1
4159 1
4160 1
4161 1
4162 1
4163 1
4164 1
4165 1
4166 1
4167 1
4168 1
4169 1
4170 1
4171 1
4172 1
4173 1
4174 1
4175 1
4176 1
4177 1
4178 1
4179 1
4180 1
4181 1
4182 1
4183 1
4184 1
4185 1
4186 1
4187 0
4188 0
4189 0
4190 0
4191 0
4192 0
4193 0
4194 0
4195 0
4196 0
4197 0
4198 0
4199 0
4200 0
4201 0
4202 0
4203 0
4204 0
4205 0
4206 0
4207 0
4208 0
4209 0
4210 0
4211 0
4212 0
4213 0
4214 0
4215 0
4216 0
4217 0
4218 0
4219 0
4220 0
4221 0
4222 0
4223 0
4224 0
4225 0
4226 0
4227 0
4228 0
4229 0
4230 0
4231 0
4232 0
4233 0
4234 0
4235 0
4236 0
4237 0
4238 0
4239 0
4240 0
4241 0
4242 0
4243 0
4244 0
4245 0
4246 0
4247 0
4248 0
4249 0
4250 1
4251 1
4252 1
4253 1
4254 1
4255 1
4256 1
4257 1
4258 1
4259 1
4260 1
4261 1
4262 1
4263 1
4264 1
4265 1
4266 1
4267 1
4268 1
4269 1
4270 1
4271 1
4272 1
4273 1
4274 1
4275 1
4276 1
4277 1
4278 1
4279 1
4280 1
4281 1
4282 1
4283 1
4284 1
4285 1
4286 1
4287 1
4288 1
4289 1
4290 1
4291 1
4292 0
4293 0
4294 0
4295 0
4296 0
4297 0
4298 0
4299 0
4300 0
4301 0
4302 0
4303 1
4304 1
4305 1
4306 1
4307 1
4308 1
4309 1
4310 1
4311 1
4312 1
4313 1
4314 1
4315 1
4316 1
4317 1
4318 0
4319 0
4320 0
4321 0
4322 0
4323 0
4324 0
4325 0
4326 0
4327 0
4328 0
4329 0
4330 0
4331 0
4332 0
4333 1
4334 1
4335 1
4336 1
4337 1
4338 1
4339 1
4340 1
4341 1
4342 1
4343 1
4344 1
4345 1
4346 1
4347 0
4348 0
4349 0
4350 0
4351 0
4352 0
4353 0
4354 0
4355 0
4356 0
4357 1
4358 1
4359 1
4360 1
4361 1
4362 1
4363 1
4364 1
4365 1
4366 1
4367 1
4368 1
4369 1
4370 1
4371 1
4372 1
4373 1
4374 1
4375 1
4376 1
4377 1
4378 1
4379 1
4380 1
4381 1
4382 1
4383 1
4384 1
4385 1
4386 1
4387 1
4388 1
4389 1
4390 1
4391 1
4392 1
4393 0
4394 0
4395 0
4396 0
4397 0
4398 0
4399 0
4400 0
4401 0
4402 0
4403 1
4404 1
4405 1
4406 1
4407 1
4408 1
4409 1
4410 1
4411 1
4412 1
4413 1
4414 1
4415 1
4416 1
4417 1
4418 1
4419 1
4420 1
4421 1
4422 1
4423 1
4424 1
4425 1
4426 1
4427 1
4428 1
4429 1
4430 1
4431 1
4432 1
4433 1
4434 1
4435 1
4436 1
4437 1
4438 1
4439 1
4440 1
4441 0
4442 0
4443 0
4444 0
4445 0
4446 0
4447 0
4448 0
4449 0
4450 0
4451 0
4452 0
4453 0
4454 0
4455 0
4456 0
4457 0
4458 0
4459 0
4460 0
4461 0
4462 0
4463 0
4464 0
4465 0
4466 0
4467 0
4468 0
4469 0
4470 0
4471 0
4472 0
4473 0
4474 0
4475 0
4476 0
4477 0
4478 0
4479 0
4480 0
4481 0
4482 0
4483 0
4484 0
4485 0
4486 0
4487 0
4488 0
4489 0
4490 0
4491 0
4492 0
4493 0
4494 0
4495 0
4496 0
4497 0
4498 0
4499 0
4500 1
4501 1
4502 1
4503 1
4504 1
4505 1
4506 1
4507 1
4508 1
4509 1
4510 1
4511 1
4512 1
4513 1
4514 1
4515 1
4516 1
4517 1
4518 1
4519 1
4520 1
4521 1
4522 1
4523 1
4524 1
4525 1
4526 1
4527 1
4528 1
4529 1
4530 1
4531 1
4532 1
4533 1
4534 1
4535 1
4536 1
4537 1
4538 1
4539 1
4540 1
4541 1
4542 0
4543 0
4544 0
4545 0
4546 0
4547 0
4548 0
4549 0
4550 1
4551 1
4552 1
4553 1
4554 1
4555 1
4556 1
4557 1
4558 1
4559 1
4560 1
4561 1
4562 1
4563 1
4564 1
4565 1
4566 1
4567 1
4568 1
4569 1
4570 1
4571 0
4572 0
4573 0
4574 0
4575 0
4576 0
4577 0
4578 0
4579 0
4580 0
4581 0
4582 1
4583 1
4584 1
4585 1
4586 1
4587 1
4588 1
4589 1
4590 1
4591 1
4592 1
4593 1
4594 1
4595 1
4596 1
4597 0
4598 0
4599 0
4600 0
4601 0
4602 0
4603 0
4604 0
4605 0
4606 0
4607 1
4608 1
4609 1
4610 1
4611 1
4612 1
4613 1
4614 1
4615 1
4616 1
4617 1
4618 1
4619 1
4620 1
4621 1
4622 1
4623 1
4624 1
4625 1
4626 1
4627 1
4628 1
4629 1
4630 1
4631 1
4632 1
4633 1
4634 1
4635 1
4636 1
4637 1
4638 1
4639 1
4640 1
4641 1
4642 0
4643 0
4644 0
4645 0
4646 0
4647 0
4648 1
4649 1
4650 1
4651 1
4652 0
4653 0
4654 0
4655 1
4656 1
4657 1
4658 1
4659 1
4660 1
4661 1
4662 1
4663 1
4664 1
4665 1
4666 1
4667 1
4668 1
4669 1
4670 1
4671 1
4672 1
4673 1
4674 1
4675 1
4676 1
4677 1
4678 1
4679 1
4680 1
4681 1
4682 1
4683 1
4684 1
4685 1
4686 1
4687 1
4688 1
4689 1
4690 1
4691 1
4692 1
4693 1
4694 0
4695 0
4696 0
4697 0
4698 0
4699 0
4700 0
4701 0
4702 0
4703 0
4704 0
4705 0
4706 0
4707 0
4708 0
4709 0
4710 0
4711 0
4712 0
4713 0
4714 0
4715 0
4716 0
4717 0
4718 0
4719 0
4720 0
4721 0
4722 0
4723 0
4724 0
4725 0
4726 0
4727 0
4728 0
4729 0
4730 0
4731 0
4732 0
4733 0
4734 0
4735 0
4736 0
4737 0
4738 0
4739 0
4740 0
4741 0
4742 0
4743 0
4744 0
4745 0
4746 0
4747 0
4748 0
4749 0
4750 1
4751 1
4752 1
4753 1
4754 1
4755 1
4756 1
4757 1
4758 1
4759 1
4760 1
4761 1
4762 1
4763 1
4764 1
4765 1
4766 1
4767 1
4768 1
4769 1
4770 1
4771 1
4772 1
4773 1
4774 1
4775 1
4776 1
4777 1
4778 1
4779 1
4780 1
4781 1
4782 1
4783 1
4784 1
4785 1
4786 1
4787 1
4788 1
4789 1
4790 1
4791 1
4792 0
4793 0
4794 0
4795 0
4796 0
4797 0
4798 0
4799 1
4800 1
4801 1
4802 1
4803 1
4804 1
4805 1
4806 1
4807 1
4808 1
4809 1
4810 1
4811 1
4812 1
4813 1
4814 1
4815 1
4816 1
4817 1
4818 1
4819 1
4820 1
4821 1
4822 1
4823 0
4824 0
4825 0
4826 0
4827 0
4828 0
4829 0
4830 0
4831 0
4832 1
4833 1
4834 1
4835 1
4836 1
4837 1
4838 1
4839 1
4840 1
4841 1
4842 1
4843 1
4844 1
4845 1
4846 1
4847 1
4848 0
4849 0
4850 0
4851 0
4852 0
4853 0
4854 0
4855 0
4856 0
4857 1
4858 1
4859 1
4860 1
4861 1
4862 1
4863 1
4864 1
4865 1
4866 1
4867 1
4868 1
4869 1
4870 1
4871 1
4872 1
4873 1
4874 1
4875 1
4876 1
4877 1
4878 1
4879 1
4880 1
4881 1
4882 1
4883 1
4884 1
4885 1
4886 1
4887 1
4888 1
4889 1
4890 1
4891 0
4892 0
4893 0
4894 0
4895 0
4896 1
4897 1
4898 1
4899 1
4900 1
4901 1
4902 1
4903 1
4904 1
4905 0
4906 1
4907 1
4908 1
4909 1
4910 1
4911 1
4912 1
4913 1
4914 1
4915 1
4916 1
4917 1
4918 1
4919 1
4920 1
4921 1
4922 1
4923 1
4924 1
4925 1
4926 1
4927 1
4928 1
4929 1
4930 1
4931 1
4932 1
4933 1
4934 1
4935 1
4936 1
4937 1
4938 1
4939 1
4940 1
4941 1
4942 1
4943 1
4944 1
4945 1
4946 1
4947 0
4948 0
4949 0
4950 0
4951 0
4952 0
4953 0
4954 0
4955 0
4956 0
4957 0
4958 0
4959 0
4960 0
4961 0
4962 0
4963 0
4964 0
4965 0
4966 0
4967 0
4968 0
4969 0
4970 0
4971 0
4972 0
4973 0
4974 0
4975 0
4976 0
4977 0
4978 0
4979 0
4980 0
4981 0
4982 0
4983 0
4984 0
4985 0
4986 0
4987 0
4988 0
4989 0
4990 0
4991 0
4992 0
4993 0
4994 0
4995 0
4996 0
4997 0
4998 0
4999 0
5000 1
5001 1
5002 1
5003 1
5004 1
5005 1
5006 1
5007 1
5008 1
5009 1
5010 1
5011 1
5012 1
5013 1
5014 1
5015 1
5016 1
5017 1
5018 1
5019 1
5020 1
5021 1
5022 1
5023 1
5024 1
5025 1
5026 1
5027 1
5028 1
5029 1
5030 1
5031 1
5032 1
5033 1
5034 1
5035 1
5036 1
5037 1
5038 1
5039 1
5040 1
5041 1
5042 1
5043 0
5044 0
5045 0
5046 0
5047 0
5048 1
5049 1
5050 1
5051 1
5052 1
5053 1
5054 1
5055 1
5056 1
5057 1
5058 1
5059 1
5060 1
5061 1
5062 1
5063 1
5064 1
5065 1
5066 1
5067 1
5068 1
5069 1
5070 1
5071 1
5072 1
5073 1
5074 0
5075 0
5076 0
5077 0
5078 0
5079 0
5080 0
5081 0
5082 1
5083 1
5084 1
5085 1
5086 1
5087 1
5088 1
5089 1
5090 1
5091 1
5092 1
5093 1
5094 1
5095 1
5096 1
5097 1
5098 0
5099 0
5100 0
5101 0
5102 0
5103 0
5104 0
5105 0
5106 1
5107 1
5108 1
5109 1
5110 1
5111 1
5112 1
5113 1
5114 1
5115 1
5116 1
5117 1
5118 1
5119 1
5120 1
5121 1
5122 1
5123 1
5124 1
5125 1
5126 1
5127 1
5128 1
5129 1
5130 1
5131 1
5132 1
5133 1
5134 1
5135 1
5136 1
5137 1
5138 1
5139 1
5140 1
5141 0
5142 0
5143 0
5144 1
5145 1
5146 1
5147 1
5148 1
5149 1
5150 1
5151 1
5152 1
5153 1
5154 1
5155 1
5156 0
5157 1
5158 1
5159 1
5160 1
5161 1
5162 1
5163 1
5164 1
5165 1
5166 1
5167 1
5168 1
5169 1
5170 1
5171 1
5172 1
5173 1
5174 1
5175 1
5176 1
5177 1
5178 1
5179 1
5180 1
5181 1
5182 1
5183 1
5184 1
5185 1
5186 1
5187 1
5188 1
5189 1
5190 1
5191 1
5192 1
5193 1
5194 1
5195 1
5196 1
5197 1
5198 1
5199 0
5200 0
5201 0
5202 0
5203 0
5204 0
5205 0
5206 0
5207 0
5208 0
5209 0
5210 0
5211 0
5212 0
5213 0
5214 0
5215 0
5216 0
5217 0
5218 0
5219 0
5220 0
5221 0
5222 0
5223 0
5224 0
5225 0
5226 0
5227 0
5228 0
5229 0
5230 0
5231 0
5232 0
5233 0
5234 0
5235 0
5236 0
5237 0
5238 0
5239 0
5240 0
5241 0
5242 0
5243 0
5244 0
5245 0
5246 0
5247 0
5248 0
5249 0
5250 1
5251 1
5252 1
5253 1
5254 1
5255 1
5256 1
5257 1
5258 1
5259 1
5260 1
5261 1
5262 1
5263 1
5264 1
5265 1
5266 1
5267 1
5268 1
5269 1
5270 1
5271 1
5272 1
5273 1
5274 1
5275 1
5276 1
5277 1
5278 1
5279 1
5280 1
5281 1
5282 1
5283 1
5284 1
5285 1
5286 1
5287 1
5288 1
5289 1
5290 1
5291 1
5292 1
5293 1
5294 0
5295 0
5296 0
5297 1
5298 1
5299 1
5300 1
5301 1
5302 1
5303 1
5304 1
5305 1
5306 1
5307 1
5308 1
5309 1
5310 1
5311 1
5312 1
5313 1
5314 1
5315 1
5316 1
5317 1
5318 1
5319 1
5320 1
5321 1
5322 1
5323 1
5324 1
5325 0
5326 0
5327 0
5328 0
5329 0
5330 0
5331 0
5332 1
5333 1
5334 1
5335 1
5336 1
5337 1
5338 1
5339 1
5340 1
5341 1
5342 1
5343 1
5344 1
5345 1
5346 1
5347 1
5348 1
5349 0
5350 0
5351 0
5352 0
5353 0
5354 0
5355 0
5356 1
5357 1
5358 1
5359 1
5360 1
5361 1
5362 1
5363 1
5364 1
5365 1
5366 1
5367 1
5368 1
5369 1
5370 1
5371 1
5372 1
5373 1
5374 1
5375 1
5376 1
5377 1
5378 1
5379 1
5380 1
5381 1
5382 1
5383 1
5384 1
5385 1
5386 1
5387 1
5388 1
5389 1
5390 1
5391 0
5392 0
5393 0
5394 1
5395 1
5396 1
5397 1
5398 1
5399 1
5400 1
5401 1
5402 1
5403 1
5404 1
5405 1
5406 1
5407 0
5408 1
5409 1
5410 1
5411 1
5412 1
5413 1
5414 1
5415 1
5416 1
5417 1
5418 1
5419 1
5420 1
5421 1
5422 1
5423 1
5424 1
5425 1
5426 1
5427 1
5428 1
5429 1
5430 1
5431 1
5432 1
5433 1
5434 1
5435 1
5436 1
5437 1
5438 1
5439 1
5440 1
5441 1
5442 1
5443 1
5444 1
5445 1
5446 1
5447 1
5448 1
5449 1
5450 1
5451 0
5452 0
5453 0
5454 0
5455 0
5456 0
5457 0
5458 0
5459 0
5460 0
5461 0
5462 0
5463 0
5464 0
5465 0
5466 0
5467 0
5468 0
5469 0
5470 0
5471 0
5472 0
5473 0
5474 0
5475 0
5476 0
5477 0
5478 0
5479 0
5480 0
5481 0
5482 0
5483 0
5484 0
5485 0
5486 0
5487 0
5488 0
5489 0
5490 0
5491 0
5492 0
5493 0
5494 0
5495 0
5496 0
5497 0
5498 0
5499 0
5500 1
5501 1
5502 1
5503 1
5504 1
5505 1
5506 1
5507 1
5508 1
5509 1
5510 1
5511 1
5512 1
5513 1
5514 1
5515 1
5516 1
5517 1
5518 1
5519 1
5520 1
5521 1
5522 1
5523 1
5524 1
5525 1
5526 1
5527 1
5528 1
5529 1
5530 1
5531 1
5532 1
5533 1
5534 1
5535 1
5536 1
5537 1
5538 1
5539 1
5540 1
5541 1
5542 1
5543 1
5544 1
5545 1
5546 1
5547 1
5548 1
5549 1
5550 1
5551 1
5552 1
5553 1
5554 1
5555 1
5556 1
5557 1
5558 1
5559 1
5560 1
5561 1
5562 1
5563 1
5564 1
5565 1
5566 1
5567 1
5568 1
5569 1
5570 1
5571 1
5572 1
5573 1
5574 1
5575 1
5576 0
5577 0
5578 0
5579 0
5580 0
5581 0
5582 1
5583 1
5584 1
5585 1
5586 1
5587 1
5588 1
5589 1
5590 1
5591 1
5592 1
5593 1
5594 1
5595 1
5596 1
5597 1
5598 1
5599 0
5600 0
5601 0
5602 0
5603 0
5604 0
5605 0
5606 1
5607 1
5608 1
5609 1
5610 1
5611 1
5612 1
5613 1
5614 1
5615 1
5616 1
5617 1
5618 1
5619 1
5620 1
5621 1
5622 1
5623 1
5624 1
5625 1
5626 1
5627 1
5628 1
5629 1
5630 1
5631 1
5632 1
5633 1
5634 1
5635 1
5636 1
5637 1
5638 1
5639 1
5640 0
5641 0
5642 0
5643 1
5644 1
5645 1
5646 1
5647 1
5648 1
5649 1
5650 1
5651 1
5652 1
5653 1
5654 1
5655 1
5656 1
5657 1
5658 0
5659 1
5660 1
5661 1
5662 1
5663 1
5664 1
5665 1
5666 1
5667 1
5668 1
5669 1
5670 1
5671 1
5672 1
5673 1
5674 1
5675 1
5676 1
5677 1
5678 1
5679 1
5680 1
5681 1
5682 1
5683 1
5684 1
5685 1
5686 1
5687 1
5688 1
5689 1
5690 1
5691 1
5692 1
5693 1
5694 1
5695 1
5696 1
5697 1
5698 1
5699 1
5700 1
5701 1
5702 1
5703 0
5704 0
5705 0
5706 0
5707 0
5708 0
5709 0
5710 0
5711 0
5712 0
5713 0
5714 0
5715 0
5716 0
5717 0
5718 0
5719 0
5720 0
5721 0
5722 0
5723 0
5724 0
5725 0
5726 0
5727 0
5728 0
5729 0
5730 0
5731 0
5732 0
5733 0
5734 0
5735 0
5736 0
5737 0
5738 0
5739 0
5740 0
5741 0
5742 0
5743 0
5744 0
5745 0
5746 0
5747 0
5748 0
5749 0
5750 1
5751 1
5752 0
5753 1
5754 1
5755 1
5756 1
5757 1
5758 1
5759 1
5760 1
5761 1
5762 1
5763 1
5764 1
5765 1
5766 1
5767 1
5768 1
5769 1
5770 1
5771 1
5772 1
5773 1
5774 1
5775 1
5776 1
5777 1
5778 1
5779 1
5780 1
5781 1
5782 1
5783 1
5784 1
5785 1
5786 1
5787 1
5788 1
5789 1
5790 1
5791 1
5792 1
5793 1
5794 1
5795 1
5796 1
5797 1
5798 1
5799 1
5800 1
5801 1
5802 1
5803 1
5804 1
5805 1
5806 1
5807 1
5808 1
5809 1
5810 1
5811 1
5812 1
5813 1
5814 1
5815 1
5816 1
5817 1
5818 1
5819 1
5820 1
5821 1
5822 1
5823 1
5824 1
5825 1
5826 1
5827 0
5828 0
5829 0
5830 0
5831 0
5832 0
5833 1
5834 1
5835 1
5836 1
5837 1
5838 1
5839 1
5840 1
5841 1
5842 1
5843 1
5844 1
5845 1
5846 1
5847 1
5848 1
5849 1
5850 0
5851 0
5852 0
5853 0
5854 0
5855 0
5856 1
5857 1
5858 1
5859 1
5860 1
5861 1
5862 1
5863 1
5864 1
5865 1
5866 1
5867 1
5868 1
5869 1
5870 1
5871 1
5872 1
5873 1
5874 1
5875 1
5876 1
5877 1
5878 1
5879 1
5880 1
5881 1
5882 1
5883 1
5884 1
5885 1
5886 1
5887 1
5888 1
5889 1
5890 0
5891 0
5892 0
5893 1
5894 1
5895 1
5896 1
5897 1
5898 1
5899 1
5900 1
5901 1
5902 1
5903 1
5904 1
5905 1
5906 1
5907 1
5908 0
5909 1
5910 1
5911 1
5912 1
5913 1
5914 1
5915 1
5916 1
5917 1
5918 1
5919 1
5920 1
5921 1
5922 1
5923 1
5924 1
5925 1
5926 1
5927 1
5928 1
5929 1
5930 1
5931 1
5932 1
5933 1
5934 1
5935 1
5936 1
5937 1
5938 1
5939 1
5940 1
5941 1
5942 1
5943 1
5944 1
5945 1
5946 1
5947 1
5948 1
5949 1
5950 1
5951 1
5952 1
5953 1
5954 0
5955 0
5956 0
5957 0
5958 0
5959 0
5960 0
5961 0
5962 0
5963 0
5964 0
5965 0
5966 0
5967 0
5968 0
5969 0
5970 0
5971 0
5972 0
5973 0
5974 0
5975 0
5976 0
5977 0
5978 0
5979 0
5980 0
5981 0
5982 0
5983 0
5984 0
5985 0
5986 0
5987 0
5988 0
5989 0
5990 0
5991 0
5992 0
5993 0
5994 0
5995 0
5996 0
5997 0
5998 0
5999 0
6000 1
6001 1
6002 1
6003 0
6004 1
6005 1
6006 1
6007 1
6008 1
6009 1
6010 1
6011 1
6012 1
6013 1
6014 1
6015 1
6016 1
6017 1
6018 1
6019 1
6020 1
6021 1
6022 1
6023 1
6024 1
6025 1
6026 1
6027 1
6028 1
6029 1
6030 1
6031 1
6032 1
6033 1
6034 1
6035 1
6036 1
6037 1
6038 1
6039 1
6040 1
6041 1
6042 1
6043 1
6044 1
6045 1
6046 1
6047 1
6048 1
6049 1
6050 1
6051 1
6052 1
6053 1
6054 1
6055 1
6056 1
6057 1
6058 1
6059 1
6060 1
6061 1
6062 1
6063 1
6064 1
6065 1
6066 1
6067 1
6068 1
6069 1
6070 1
6071 1
6072 1
6073 1
6074 1
6075 1
6076 1
6077 0
6078 0
6079 1
6080 0
6081 0
6082 0
6083 1
6084 1
6085 1
6086 1
6087 1
6088 1
6089 1
6090 1
6091 1
6092 1
6093 1
6094 1
6095 1
6096 1
6097 1
6098 1
6099 1
6100 0
6101 0
6102 0
6103 0
6104 0
6105 0
6106 1
6107 1
6108 1
6109 1
6110 1
6111 1
6112 1
6113 1
6114 1
6115 1
6116 1
6117 1
6118 1
6119 1
6120 1
6121 1
6122 1
6123 1
6124 1
6125 1
6126 1
6127 1
6128 1
6129 1
6130 1
6131 1
6132 1
6133 1
6134 1
6135 1
6136 1
6137 1
6138 1
6139 1
6140 0
6141 0
6142 0
6143 1
6144 1
6145 1
6146 1
6147 1
6148 1
6149 1
6150 1
6151 1
6152 1
6153 1
6154 1
6155 1
6156 1
6157 1
6158 1
6159 1
6160 1
6161 1
6162 1
6163 1
6164 1
6165 1
6166 1
6167 1
6168 1
6169 1
6170 1
6171 1
6172 1
6173 1
6174 1
6175 1
6176 1
6177 1
6178 1
6179 1
6180 1
6181 1
6182 1
6183 1
6184 1
6185 1
6186 1
6187 1
6188 1
6189 1
6190 1
6191 1
6192 1
6193 1
6194 1
6195 1
6196 1
6197 1
6198 1
6199 1
6200 1
6201 1
6202 1
6203 1
6204 1
6205 0
6206 0
6207 0
6208 0
6209 0
6210 0
6211 0
6212 0
6213 0
6214 0
6215 0
6216 0
6217 0
6218 0
6219 0
6220 0
6221 0
6222 0
6223 0
6224 0
6225 0
6226 0
6227 0
6228 0
6229 0
6230 0
6231 0
6232 0
6233 0
6234 0
6235 0
6236 0
6237 0
6238 0
6239 0
6240 0
6241 0
6242 0
6243 0
6244 0
6245 0
6246 0
6247 0
6248 0
6249 0
6250 1
6251 1
6252 1
6253 1
6254 0
6255 1
6256 1
6257 1
6258 1
6259 1
6260 1
6261 1
6262 1
6263 1
6264 1
6265 1
6266 1
6267 1
6268 1
6269 1
6270 1
6271 1
6272 1
6273 1
6274 1
6275 1
6276 1
6277 1
6278 1
6279 1
6280 1
6281 1
6282 1
6283 1
6284 1
6285 1
6286 1
6287 1
6288 1
6289 1
6290 1
6291 1
6292 1
6293 1
6294 1
6295 1
6296 1
6297 1
6298 1
6299 1
6300 1
6301 1
6302 1
6303 1
6304 1
6305 1
6306 1
6307 1
6308 1
6309 1
6310 1
6311 1
6312 1
6313 1
6314 1
6315 1
6316 1
6317 1
6318 1
6319 1
6320 1
6321 1
6322 1
6323 1
6324 1
6325 1
6326 1
6327 0
6328 1
6329 1
6330 1
6331 1
6332 0
6333 0
6334 1
6335 1
6336 1
6337 1
6338 1
6339 1
6340 1
6341 1
6342 1
6343 1
6344 1
6345 1
6346 1
6347 1
6348 1
6349 1
6350 0
6351 0
6352 0
6353 0
6354 0
6355 0
6356 0
6357 1
6358 1
6359 1
6360 1
6361 1
6362 1
6363 1
6364 1
6365 1
6366 1
6367 1
6368 1
6369 1
6370 1
6371 1
6372 1
6373 1
6374 1
6375 1
6376 1
6377 1
6378 1
6379 1
6380 1
6381 1
6382 1
6383 1
6384 1
6385 1
6386 1
6387 1
6388 1
6389 1
6390 0
6391 0
6392 0
6393 1
6394 1
6395 1
6396 1
6397 1
6398 1
6399 1
6400 1
6401 1
6402 1
6403 1
6404 1
6405 1
6406 1
6407 1
6408 1
6409 1
6410 1
6411 1
6412 1
6413 1
6414 1
6415 1
6416 1
6417 1
6418 1
6419 1
6420 1
6421 1
6422 1
6423 1
6424 1
6425 1
6426 1
6427 1
6428 1
6429 1
6430 1
6431 1
6432 1
6433 1
6434 1
6435 1
6436 1
6437 1
6438 1
6439 1
6440 1
6441 1
6442 1
6443 1
6444 1
6445 1
6446 1
6447 1
6448 1
6449 1
6450 1
6451 1
6452 1
6453 1
6454 1
6455 0
6456 0
6457 0
6458 0
6459 0
6460 0
6461 0
6462 0
6463 0
6464 0
6465 0
6466 0
6467 0
6468 0
6469 0
6470 0
6471 0
6472 0
6473 0
6474 0
6475 0
6476 0
6477 0
6478 0
6479 0
6480 0
6481 0
6482 0
6483 0
6484 0
6485 0
6486 0
6487 0
6488 0
6489 0
6490 0
6491 0
6492 0
6493 0
6494 0
6495 0
6496 0
6497 0
6498 0
6499 0
6500 1
6501 1
6502 1
6503 1
6504 0
6505 1
6506 1
6507 1
6508 1
6509 1
6510 1
6511 1
6512 1
6513 1
6514 1
6515 1
6516 1
6517 1
6518 1
6519 1
6520 1
6521 1
6522 1
6523 1
6524 1
6525 1
6526 1
6527 1
6528 1
6529 1
6530 1
6531 1
6532 1
6533 1
6534 1
6535 1
6536 1
6537 1
6538 1
6539 1
6540 1
6541 1
6542 1
6543 1
6544 1
6545 1
6546 1
6547 1
6548 1
6549 1
6550 1
6551 1
6552 1
6553 1
6554 1
6555 1
6556 1
6557 1
6558 1
6559 1
6560 1
6561 1
6562 1
6563 1
6564 1
6565 1
6566 1
6567 1
6568 1
6569 1
6570 1
6571 1
6572 1
6573 1
6574 1
6575 1
6576 1
6577 0
6578 1
6579 1
6580 1
6581 1
6582 1
6583 0
6584 1
6585 1
6586 1
6587 1
6588 1
6589 1
6590 1
6591 1
6592 1
6593 1
6594 1
6595 1
6596 1
6597 1
6598 1
6599 1
6600 0
6601 0
6602 0
6603 0
6604 0
6605 0
6606 0
6607 1
6608 1
6609 1
6610 1
6611 1
6612 1
6613 1
6614 1
6615 1
6616 1
6617 1
6618 1
6619 1
6620 1
6621 1
6622 1
6623 1
6624 1
6625 1
6626 1
6627 1
6628 1
6629 1
6630 1
6631 1
6632 1
6633 1
6634 1
6635 1
6636 1
6637 1
6638 1
6639 1
6640 0
6641 0
6642 0
6643 1
6644 1
6645 1
6646 1
6647 1
6648 1
6649 1
6650 1
6651 1
6652 1
6653 1
6654 1
6655 1
6656 1
6657 1
6658 0
6659 1
6660 1
6661 1
6662 1
6663 1
6664 1
6665 1
6666 1
6667 1
6668 1
6669 1
6670 1
6671 1
6672 1
6673 1
6674 1
6675 1
6676 1
6677 1
6678 1
6679 1
6680 1
6681 1
6682 1
6683 1
6684 1
6685 1
6686 1
6687 1
6688 1
6689 1
6690 1
6691 1
6692 1
6693 1
6694 1
6695 1
6696 1
6697 1
6698 1
6699 1
6700 1
6701 1
6702 1
6703 1
6704 0
6705 0
6706 0
6707 0
6708 0
6709 0
6710 0
6711 0
6712 0
6713 0
6714 0
6715 0
6716 0
6717 0
6718 0
6719 0
6720 0
6721 0
6722 0
6723 0
6724 0
6725 0
6726 0
6727 0
6728 0
6729 0
6730 0
6731 0
6732 0
6733 0
6734 0
6735 0
6736 0
6737 0
6738 0
6739 0
6740 0
6741 0
6742 0
6743 0
6744 0
6745 0
6746 0
6747 0
6748 0
6749 0
6750 1
6751 1
6752 1
6753 1
6754 1
6755 0
6756 1
6757 1
6758 1
6759 1
6760 1
6761 1
6762 1
6763 1
6764 1
6765 1
6766 1
6767 1
6768 1
6769 1
6770 1
6771 1
6772 1
6773 1
6774 1
6775 1
6776 1
6777 1
6778 1
6779 1
6780 1
6781 1
6782 1
6783 1
6784 1
6785 1
6786 1
6787 1
6788 1
6789 1
6790 1
6791 1
6792 1
6793 1
6794 1
6795 1
6796 1
6797 1
6798 1
6799 1
6800 1
6801 1
6802 1
6803 1
6804 1
6805 1
6806 1
6807 1
6808 1
6809 1
6810 1
6811 1
6812 1
6813 1
6814 1
6815 1
6816 1
6817 1
6818 1
6819 1
6820 1
6821 1
6822 1
6823 1
6824 1
6825 1
6826 1
6827 1
6828 1
6829 1
6830 1
6831 1
6832 1
6833 1
6834 0
6835 1
6836 1
6837 1
6838 1
6839 1
6840 1
6841 1
6842 1
6843 1
6844 1
6845 1
6846 1
6847 1
6848 1
6849 1
6850 1
6851 0
6852 0
6853 0
6854 0
6855 0
6856 0
6857 1
6858 1
6859 1
6860 1
6861 1
6862 1
6863 1
6864 1
6865 1
6866 1
6867 1
6868 1
6869 1
6870 1
6871 1
6872 1
6873 1
6874 1
6875 1
6876 1
6877 1
6878 1
6879 1
6880 1
6881 1
6882 1
6883 1
6884 1
6885 1
6886 1
6887 1
6888 1
6889 1
6890 0
6891 0
6892 0
6893 1
6894 1
6895 1
6896 1
6897 1
6898 1
6899 1
6900 1
6901 1
6902 1
6903 1
6904 1
6905 1
6906 1
6907 1
6908 0
6909 1
6910 1
6911 1
6912 1
6913 1
6914 1
6915 1
6916 1
6917 1
6918 1
6919 1
6920 1
6921 1
6922 1
6923 1
6924 1
6925 1
6926 1
6927 1
6928 1
6929 1
6930 1
6931 1
6932 1
6933 1
6934 1
6935 1
6936 1
6937 1
6938 1
6939 1
6940 1
6941 1
6942 1
6943 1
6944 1
6945 1
6946 1
6947 1
6948 1
6949 1
6950 1
6951 1
6952 1
6953 0
6954 0
6955 0
6956 0
6957 0
6958 0
6959 0
6960 0
6961 0
6962 0
6963 0
6964 0
6965 0
6966 0
6967 0
6968 0
6969 0
6970 0
6971 0
6972 0
6973 0
6974 0
6975 0
6976 0
6977 0
6978 0
6979 0
6980 0
6981 0
6982 0
6983 0
6984 0
6985 0
6986 0
6987 0
6988 0
6989 0
6990 0
6991 0
6992 0
6993 0
6994 0
6995 0
6996 0
6997 0
6998 0
6999 0
7000 1
7001 1
7002 1
7003 1
7004 1
7005 0
7006 1
7007 1
7008 1
7009 1
7010 1
7011 1
7012 1
7013 1
7014 1
7015 1
7016 1
7017 1
7018 1
7019 1
7020 1
7021 1
7022 1
7023 1
7024 1
7025 1
7026 1
7027 1
7028 1
7029 1
7030 1
7031 1
7032 1
7033 1
7034 1
7035 1
7036 1
7037 1
7038 1
7039 1
7040 1
7041 1
7042 1
7043 1
7044 1
7045 1
7046 1
7047 1
7048 1
7049 1
7050 1
7051 1
7052 1
7053 1
7054 1
7055 1
7056 1
7057 1
7058 1
7059 1
7060 1
7061 1
7062 1
7063 1
7064 1
7065 1
7066 1
7067 1
7068 1
7069 1
7070 1
7071 1
7072 1
7073 1
7074 1
7075 1
7076 1
7077 1
7078 1
7079 1
7080 1
7081 1
7082 1
7083 1
7084 0
7085 1
7086 1
7087 1
7088 1
7089 1
7090 1
7091 1
7092 1
7093 1
7094 1
7095 1
7096 1
7097 1
7098 1
7099 1
7100 1
7101 0
7102 0
7103 0
7104 0
7105 0
7106 0
7107 1
7108 1
7109 1
7110 1
7111 1
7112 1
7113 1
7114 1
7115 1
7116 1
7117 1
7118 1
7119 1
7120 1
7121 1
7122 1
7123 1
7124 1
7125 1
7126 1
7127 1
7128 1
7129 1
7130 1
7131 1
7132 1
7133 1
7134 1
7135 1
7136 1
7137 1
7138 1
7139 1
7140 1
7141 0
7142 0
7143 0
7144 1
7145 1
7146 1
7147 1
7148 1
7149 1
7150 1
7151 1
7152 1
7153 1
7154 1
7155 1
7156 1
7157 0
7158 1
7159 1
7160 1
7161 1
7162 1
7163 1
7164 1
7165 1
7166 1
7167 1
7168 1
7169 1
7170 1
7171 1
7172 1
7173 1
7174 1
7175 1
7176 1
7177 1
7178 1
7179 1
7180 1
7181 1
7182 1
7183 1
7184 1
7185 1
7186 1
7187 1
7188 1
7189 1
7190 1
7191 1
7192 1
7193 1
7194 1
7195 1
7196 1
7197 1
7198 1
7199 1
7200 1
7201 0
7202 0
7203 0
7204 0
7205 0
7206 0
7207 0
7208 0
7209 0
7210 0
7211 0
7212 0
7213 0
7214 0
7215 0
7216 0
7217 0
7218 0
7219 0
7220 0
7221 0
7222 0
7223 0
7224 0
7225 0
7226 0
7227 0
7228 0
7229 0
7230 0
7231 0
7232 0
7233 0
7234 0
7235 0
7236 0
7237 0
7238 0
7239 0
7240 0
7241 0
7242 0
7243 0
7244 0
7245 0
7246 0
7247 0
7248 0
7249 0
7250 1
7251 1
7252 1
7253 1
7254 1
7255 1
7256 1
7257 1
7258 1
7259 1
7260 1
7261 1
7262 1
7263 1
7264 1
7265 1
7266 1
7267 1
7268 1
7269 1
7270 1
7271 1
7272 1
7273 1
7274 1
7275 1
7276 1
7277 1
7278 1
7279 1
7280 1
7281 1
7282 1
7283 1
7284 1
7285 1
7286 1
7287 1
7288 1
7289 1
7290 1
7291 1
7292 1
7293 1
7294 1
7295 1
7296 1
7297 1
7298 1
7299 1
7300 1
7301 1
7302 1
7303 1
7304 1
7305 1
7306 1
7307 1
7308 1
7309 1
7310 1
7311 1
7312 1
7313 1
7314 1
7315 1
7316 1
7317 1
7318 1
7319 1
7320 1
7321 1
7322 1
7323 1
7324 1
7325 1
7326 1
7327 1
7328 1
7329 1
7330 1
7331 1
7332 1
7333 1
7334 0
7335 1
7336 1
7337 1
7338 1
7339 1
7340 1
7341 1
7342 1
7343 1
7344 1
7345 1
7346 1
7347 1
7348 1
7349 1
7350 1
7351 0
7352 0
7353 0
7354 0
7355 0
7356 0
7357 0
7358 1
7359 1
7360 1
7361 1
7362 1
7363 1
7364 1
7365 1
7366 1
7367 1
7368 1
7369 1
7370 1
7371 1
7372 1
7373 1
7374 1
7375 1
7376 1
7377 1
7378 1
7379 1
7380 1
7381 1
7382 1
7383 1
7384 1
7385 1
7386 1
7387 1
7388 1
7389 1
7390 1
7391 0
7392 0
7393 0
7394 1
7395 1
7396 1
7397 1
7398 1
7399 1
7400 1
7401 1
7402 1
7403 1
7404 1
7405 1
7406 0
7407 1
7408 1
7409 1
7410 1
7411 1
7412 1
7413 1
7414 1
7415 1
7416 1
7417 1
7418 1
7419 1
7420 1
7421 1
7422 1
7423 1
7424 1
7425 1
7426 1
7427 1
7428 1
7429 1
7430 1
7431 1
7432 1
7433 1
7434 1
7435 1
7436 1
7437 1
7438 1
7439 1
7440 1
7441 1
7442 1
7443 1
7444 1
7445 1
7446 1
7447 1
7448 1
7449 0
7450 0
7451 0
7452 0
7453 0
7454 0
7455 0
7456 0
7457 0
7458 0
7459 0
7460 0
7461 0
7462 0
7463 0
7464 0
7465 0
7466 0
7467 0
7468 0
7469 0
7470 0
7471 0
7472 0
7473 0
7474 0
7475 0
7476 0
7477 0
7478 0
7479 0
7480 0
7481 0
7482 0
7483 0
7484 0
7485 0
7486 0
7487 0
7488 0
7489 0
7490 0
7491 0
7492 0
7493 0
7494 0
7495 0
7496 0
7497 0
7498 0
7499 0
7500 1
7501 1
7502 1
7503 1
7504 1
7505 1
7506 0
7507 1
7508 1
7509 1
7510 1
7511 1
7512 1
7513 1
7514 1
7515 1
7516 1
7517 1
7518 1
7519 1
7520 1
7521 1
7522 1
7523 1
7524 1
7525 1
7526 1
7527 1
7528 1
7529 1
7530 1
7531 1
7532 1
7533 1
7534 1
7535 1
7536 1
7537 1
7538 1
7539 1
7540 1
7541 1
7542 1
7543 1
7544 1
7545 1
7546 1
7547 1
7548 1
7549 1
7550 1
7551 1
7552 1
7553 1
7554 1
7555 1
7556 1
7557 1
7558 1
7559 1
7560 1
7561 1
7562 1
7563 1
7564 1
7565 1
7566 1
7567 1
7568 1
7569 1
7570 1
7571 1
7572 1
7573 1
7574 1
7575 1
7576 1
7577 1
7578 1
7579 1
7580 1
7581 1
7582 1
7583 1
7584 0
7585 0
7586 1
7587 1
7588 1
7589 1
7590 1
7591 1
7592 1
7593 1
7594 1
7595 1
7596 1
7597 1
7598 1
7599 1
7600 1
7601 0
7602 0
7603 0
7604 0
7605 0
7606 0
7607 0
7608 1
7609 1
7610 1
7611 1
7612 1
7613 1
7614 1
7615 1
7616 1
7617 1
7618 1
7619 1
7620 1
7621 1
7622 1
7623 1
7624 1
7625 1
7626 1
7627 1
7628 1
7629 1
7630 1
7631 1
7632 1
7633 1
7634 1
7635 1
7636 1
7637 1
7638 1
7639 1
7640 1
7641 0
7642 0
7643 0
7644 0
7645 1
7646 1
7647 1
7648 1
7649 1
7650 1
7651 1
7652 1
7653 1
7654 1
7655 0
7656 1
7657 1
7658 1
7659 1
7660 1
7661 1
7662 1
7663 1
7664 1
7665 1
7666 1
7667 1
7668 1
7669 1
7670 1
7671 1
7672 1
7673 1
7674 1
7675 1
7676 1
7677 1
7678 1
7679 1
7680 1
7681 1
7682 1
7683 1
7684 1
7685 1
7686 1
7687 1
7688 1
7689 1
7690 1
7691 1
7692 1
7693 1
7694 1
7695 1
7696 1
7697 0
7698 0
7699 0
7700 0
7701 0
7702 0
7703 0
7704 0
7705 0
7706 0
7707 0
7708 0
7709 0
7710 0
7711 0
7712 0
7713 0
7714 0
7715 0
7716 0
7717 0
7718 0
7719 0
7720 0
7721 0
7722 0
7723 0
7724 0
7725 0
7726 0
7727 0
7728 0
7729 0
7730 0
7731 0
7732 0
7733 0
7734 0
7735 0
7736 0
7737 0
7738 0
7739 0
7740 0
7741 0
7742 0
7743 0
7744 0
7745 0
7746 0
7747 0
7748 0
7749 0
7750 1
7751 1
7752 1
7753 1
7754 1
7755 1
7756 0
7757 1
7758 1
7759 1
7760 1
7761 1
7762 1
7763 1
7764 1
7765 1
7766 1
7767 1
7768 1
7769 1
7770 1
7771 1
7772 1
7773 1
7774 1
7775 1
7776 1
7777 1
7778 1
7779 1
7780 1
7781 1
7782 1
7783 1
7784 1
7785 1
7786 1
7787 1
7788 1
7789 1
7790 1
7791 1
7792 1
7793 0
7794 1
7795 1
7796 1
7797 1
7798 1
7799 1
7800 1
7801 1
7802 1
7803 1
7804 1
7805 1
7806 1
7807 1
7808 1
7809 1
7810 1
7811 1
7812 1
7813 1
7814 1
7815 1
7816 1
7817 1
7818 1
7819 1
7820 1
7821 1
7822 1
7823 1
7824 1
7825 1
7826 1
7827 1
7828 1
7829 1
7830 1
7831 1
7832 1
7833 1
7834 1
7835 0
7836 1
7837 1
7838 1
7839 1
7840 1
7841 1
7842 1
7843 1
7844 1
7845 1
7846 1
7847 1
7848 1
7849 1
7850 1
7851 0
7852 0
7853 0
7854 0
7855 0
7856 0
7857 0
7858 1
7859 1
7860 1
7861 1
7862 1
7863 1
7864 1
7865 1
7866 1
7867 1
7868 1
7869 1
7870 1
7871 1
7872 1
7873 1
7874 1
7875 1
7876 1
7877 1
7878 1
7879 1
7880 1
7881 1
7882 1
7883 1
7884 1
7885 1
7886 1
7887 1
7888 1
7889 1
7890 1
7891 1
7892 0
7893 0
7894 0
7895 0
7896 0
7897 0
7898 1
7899 1
7900 1
7901 1
7902 0
7903 0
7904 0
7905 1
7906 1
7907 1
7908 1
7909 1
7910 1
7911 1
7912 1
7913 1
7914 1
7915 1
7916 1
7917 1
7918 1
7919 1
7920 1
7921 1
7922 1
7923 1
7924 1
7925 1
7926 1
7927 1
7928 1
7929 1
7930 1
7931 1
7932 1
7933 1
7934 1
7935 1
7936 1
7937 1
7938 1
7939 1
7940 1
7941 1
7942 1
7943 1
7944 0
7945 0
7946 0
7947 0
7948 0
7949 0
7950 0
7951 0
7952 0
7953 0
7954 0
7955 0
7956 0
7957 0
7958 0
7959 0
7960 0
7961 0
7962 0
7963 0
7964 0
7965 0
7966 0
7967 0
7968 0
7969 0
7970 0
7971 0
7972 0
7973 0
7974 0
7975 0
7976 0
7977 0
7978 0
7979 0
7980 0
7981 0
7982 0
7983 0
7984 0
7985 0
7986 0
7987 0
7988 0
7989 0
7990 0
7991 0
7992 0
7993 0
7994 0
7995 0
7996 0
7997 0
7998 0
7999 0
8000 1
8001 1
8002 1
8003 1
8004 1
8005 1
8006 1
8007 0
8008 1
8009 1
8010 1
8011 1
8012 1
8013 1
8014 1
8015 1
8016 1
8017 1
8018 1
8019 1
8020 1
8021 1
8022 1
8023 1
8024 1
8025 1
8026 1
8027 1
8028 1
8029 1
8030 1
8031 1
8032 1
8033 1
8034 1
8035 1
8036 1
8037 1
8038 1
8039 1
8040 1
8041 1
8042 0
8043 0
8044 1
8045 1
8046 1
8047 1
8048 1
8049 1
8050 1
8051 1
8052 1
8053 1
8054 1
8055 1
8056 1
8057 1
8058 1
8059 1
8060 1
8061 1
8062 1
8063 1
8064 1
8065 1
8066 1
8067 1
8068 1
8069 1
8070 1
8071 1
8072 1
8073 1
8074 0
8075 1
8076 1
8077 1
8078 1
8079 1
8080 1
8081 1
8082 1
8083 1
8084 1
8085 0
8086 1
8087 1
8088 1
8089 1
8090 1
8091 1
8092 1
8093 1
8094 1
8095 1
8096 1
8097 1
8098 1
8099 1
8100 1
8101 0
8102 0
8103 0
8104 0
8105 0
8106 0
8107 0
8108 0
8109 1
8110 1
8111 1
8112 1
8113 1
8114 1
8115 1
8116 1
8117 1
8118 1
8119 1
8120 1
8121 1
8122 1
8123 1
8124 1
8125 1
8126 1
8127 1
8128 1
8129 1
8130 1
8131 1
8132 1
8133 1
8134 1
8135 1
8136 1
8137 1
8138 1
8139 1
8140 1
8141 1
8142 1
8143 0
8144 0
8145 0
8146 0
8147 0
8148 0
8149 0
8150 0
8151 0
8152 0
8153 1
8154 1
8155 1
8156 1
8157 1
8158 1
8159 1
8160 1
8161 1
8162 1
8163 1
8164 1
8165 1
8166 1
8167 1
8168 1
8169 1
8170 1
8171 1
8172 1
8173 1
8174 1
8175 1
8176 1
8177 1
8178 1
8179 1
8180 1
8181 1
8182 1
8183 1
8184 1
8185 1
8186 1
8187 1
8188 1
8189 1
8190 1
8191 0
8192 0
8193 0
8194 0
8195 0
8196 0
8197 0
8198 0
8199 0
8200 0
8201 0
8202 0
8203 0
8204 0
8205 0
8206 0
8207 0
8208 0
8209 0
8210 0
8211 0
8212 0
8213 0
8214 0
8215 0
8216 0
8217 0
8218 0
8219 0
8220 0
8221 0
8222 0
8223 0
8224 0
8225 0
8226 0
8227 0
8228 0
8229 0
8230 0
8231 0
8232 0
8233 0
8234 0
8235 0
8236 0
8237 0
8238 0
8239 0
8240 0
8241 0
8242 0
8243 0
8244 0
8245 0
8246 0
8247 0
8248 0
8249 0
8250 1
8251 1
8252 1
8253 1
8254 1
8255 1
8256 1
8257 0
8258 1
8259 1
8260 1
8261 1
8262 1
8263 1
8264 1
8265 1
8266 1
8267 1
8268 1
8269 1
8270 1
8271 1
8272 1
8273 1
8274 1
8275 1
8276 1
8277 1
8278 1
8279 1
8280 1
8281 1
8282 1
8283 1
8284 1
8285 1
8286 1
8287 1
8288 1
8289 1
8290 0
8291 0
8292 0
8293 0
8294 1
8295 1
8296 1
8297 1
8298 1
8299 1
8300 1
8301 1
8302 1
8303 1
8304 1
8305 1
8306 1
8307 1
8308 1
8309 1
8310 1
8311 1
8312 1
8313 1
8314 1
8315 1
8316 1
8317 1
8318 1
8319 1
8320 1
8321 1
8322 0
8323 1
8324 1
8325 1
8326 1
8327 1
8328 1
8329 1
8330 1
8331 1
8332 1
8333 1
8334 1
8335 0
8336 1
8337 1
8338 1
8339 1
8340 1
8341 1
8342 1
8343 1
8344 1
8345 1
8346 1
8347 1
8348 1
8349 1
8350 1
8351 0
8352 0
8353 0
8354 0
8355 0
8356 0
8357 0
8358 0
8359 0
8360 1
8361 1
8362 1
8363 1
8364 1
8365 1
8366 1
8367 1
8368 1
8369 1
8370 1
8371 1
8372 1
8373 1
8374 1
8375 1
8376 1
8377 1
8378 1
8379 1
8380 1
8381 1
8382 1
8383 1
8384 1
8385 1
8386 1
8387 1
8388 1
8389 1
8390 1
8391 1
8392 1
8393 1
8394 1
8395 1
8396 0
8397 0
8398 0
8399 0
8400 1
8401 1
8402 1
8403 1
8404 1
8405 1
8406 1
8407 1
8408 1
8409 1
8410 1
8411 1
8412 1
8413 1
8414 1
8415 1
8416 1
8417 1
8418 1
8419 1
8420 1
8421 1
8422 1
8423 1
8424 1
8425 1
8426 1
8427 1
8428 1
8429 1
8430 1
8431 1
8432 1
8433 1
8434 1
8435 1
8436 1
8437 0
8438 0
8439 0
8440 0
8441 0
8442 0
8443 0
8444 0
8445 0
8446 0
8447 0
8448 0
8449 0
8450 0
8451 0
8452 0
8453 0
8454 0
8455 0
8456 0
8457 0
8458 0
8459 0
8460 0
8461 0
8462 0
8463 0
8464 0
8465 0
8466 0
8467 0
8468 0
8469 0
8470 0
8471 0
8472 0
8473 0
8474 0
8475 0
8476 0
8477 0
8478 0
8479 0
8480 0
8481 0
8482 0
8483 0
8484 0
8485 0
8486 0
8487 0
8488 0
8489 0
8490 0
8491 0
8492 0
8493 0
8494 0
8495 0
8496 0
8497 0
8498 0
8499 0
8500 1
8501 1
8502 1
8503 1
8504 1
8505 1
8506 1
8507 0
8508 0
8509 1
8510 1
8511 1
8512 1
8513 1
8514 1
8515 1
8516 1
8517 1
8518 1
8519 1
8520 1
8521 1
8522 1
8523 1
8524 1
8525 1
8526 1
8527 1
8528 1
8529 1
8530 1
8531 1
8532 1
8533 1
8534 1
8535 1
8536 1
8537 1
8538 0
8539 0
8540 0
8541 0
8542 0
8543 1
8544 1
8545 1
8546 1
8547 1
8548 1
8549 1
8550 1
8551 1
8552 1
8553 1
8554 1
8555 1
8556 1
8557 1
8558 1
8559 1
8560 1
8561 1
8562 1
8563 1
8564 1
8565 1
8566 1
8567 1
8568 1
8569 1
8570 1
8571 0
8572 1
8573 1
8574 1
8575 1
8576 1
8577 1
8578 1
8579 1
8580 1
8581 1
8582 1
8583 1
8584 0
8585 0
8586 1
8587 1
8588 1
8589 1
8590 1
8591 1
8592 1
8593 1
8594 1
8595 1
8596 1
8597 1
8598 1
8599 1
8600 1
8601 0
8602 0
8603 0
8604 0
8605 0
8606 0
8607 0
8608 0
8609 0
8610 0
8611 1
8612 1
8613 1
8614 1
8615 1
8616 1
8617 1
8618 1
8619 1
8620 1
8621 1
8622 1
8623 1
8624 1
8625 1
8626 1
8627 1
8628 1
8629 1
8630 1
8631 1
8632 1
8633 1
8634 1
8635 1
8636 1
8637 1
8638 1
8639 1
8640 1
8641 1
8642 1
8643 1
8644 1
8645 1
8646 1
8647 1
8648 1
8649 1
8650 1
8651 1
8652 1
8653 1
8654 1
8655 1
8656 1
8657 1
8658 1
8659 1
8660 1
8661 1
8662 1
8663 1
8664 1
8665 1
8666 1
8667 1
8668 1
8669 1
8670 1
8671 1
8672 1
8673 1
8674 1
8675 1
8676 1
8677 1
8678 1
8679 1
8680 1
8681 1
8682 1
8683 1
8684 0
8685 0
8686 0
8687 0
8688 0
8689 0
8690 0
8691 0
8692 0
8693 0
8694 0
8695 0
8696 0
8697 0
8698 0
8699 0
8700 0
8701 0
8702 0
8703 0
8704 0
8705 0
8706 0
8707 0
8708 0
8709 0
8710 0
8711 0
8712 0
8713 0
8714 0
8715 0
8716 0
8717 0
8718 0
8719 0
8720 0
8721 0
8722 0
8723 0
8724 0
8725 0
8726 0
8727 0
8728 0
8729 0
8730 0
8731 0
8732 0
8733 0
8734 0
8735 0
8736 0
8737 0
8738 0
8739 0
8740 0
8741 0
8742 0
8743 0
8744 0
8745 0
8746 0
8747 0
8748 0
8749 0
8750 1
8751 1
8752 1
8753 1
8754 1
8755 1
8756 1
8757 1
8758 0
8759 1
8760 1
8761 1
8762 1
8763 1
8764 1
8765 1
8766 1
8767 1
8768 1
8769 1
8770 1
8771 1
8772 1
8773 1
8774 1
8775 1
8776 1
8777 1
8778 1
8779 1
8780 1
8781 1
8782 1
8783 0
8784 0
8785 0
8786 0
8787 0
8788 0
8789 0
8790 0
8791 0
8792 1
8793 1
8794 1
8795 1
8796 1
8797 1
8798 1
8799 1
8800 1
8801 1
8802 1
8803 1
8804 1
8805 1
8806 1
8807 1
8808 1
8809 1
8810 1
8811 1
8812 1
8813 1
8814 1
8815 1
8816 1
8817 1
8818 1
8819 1
8820 0
8821 1
8822 1
8823 1
8824 1
8825 1
8826 1
8827 1
8828 1
8829 1
8830 1
8831 1
8832 1
8833 1
8834 0
8835 0
8836 1
8837 1
8838 1
8839 1
8840 1
8841 1
8842 1
8843 1
8844 1
8845 1
8846 1
8847 1
8848 1
8849 1
8850 0
8851 0
8852 0
8853 0
8854 0
8855 0
8856 0
8857 0
8858 0
8859 0
8860 0
8861 0
8862 0
8863 1
8864 1
8865 1
8866 1
8867 1
8868 1
8869 1
8870 1
8871 1
8872 1
8873 1
8874 1
8875 1
8876 1
8877 1
8878 1
8879 1
8880 1
8881 1
8882 1
8883 1
8884 1
8885 1
8886 1
8887 1
8888 1
8889 1
8890 1
8891 1
8892 1
8893 1
8894 1
8895 1
8896 1
8897 1
8898 1
8899 1
8900 1
8901 1
8902 1
8903 1
8904 1
8905 1
8906 1
8907 1
8908 1
8909 1
8910 1
8911 1
8912 1
8913 1
8914 1
8915 1
8916 1
8917 1
8918 1
8919 1
8920 1
8921 1
8922 1
8923 1
8924 1
8925 1
8926 1
8927 1
8928 1
8929 1
8930 0
8931 0
8932 0
8933 0
8934 0
8935 0
8936 0
8937 0
8938 0
8939 0
8940 0
8941 0
8942 0
8943 0
8944 0
8945 0
8946 0
8947 0
8948 0
8949 0
8950 0
8951 0
8952 0
8953 0
8954 0
8955 0
8956 0
8957 0
8958 0
8959 0
8960 0
8961 0
8962 0
8963 0
8964 0
8965 0
8966 0
8967 0
8968 0
8969 0
8970 0
8971 0
8972 0
8973 0
8974 0
8975 0
8976 0
8977 0
8978 0
8979 0
8980 0
8981 0
8982 0
8983 0
8984 0
8985 0
8986 0
8987 0
8988 0
8989 0
8990 0
8991 0
8992 0
8993 0
8994 0
8995 0
8996 0
8997 0
8998 0
8999 0
9000 1
9001 1
9002 1
9003 1
9004 1
9005 1
9006 1
9007 1
9008 0
9009 0
9010 1
9011 1
9012 1
9013 1
9014 1
9015 1
9016 1
9017 1
9018 1
9019 1
9020 1
9021 1
9022 1
9023 1
9024 1
9025 1
9026 1
9027 1
9028 1
9029 1
9030 0
9031 0
9032 0
9033 0
9034 0
9035 0
9036 0
9037 0
9038 0
9039 1
9040 1
9041 1
9042 1
9043 1
9044 1
9045 1
9046 1
9047 1
9048 1
9049 1
9050 1
9051 1
9052 1
9053 1
9054 1
9055 1
9056 1
9057 1
9058 1
9059 1
9060 1
9061 1
9062 1
9063 1
9064 1
9065 1
9066 1
9067 1
9068 1
9069 0
9070 0
9071 1
9072 1
9073 1
9074 1
9075 1
9076 1
9077 1
9078 1
9079 1
9080 1
9081 1
9082 1
9083 1
9084 0
9085 0
9086 1
9087 1
9088 1
9089 1
9090 1
9091 1
9092 1
9093 1
9094 1
9095 1
9096 1
9097 1
9098 1
9099 1
9100 0
9101 0
9102 0
9103 0
9104 0
9105 0
9106 0
9107 0
9108 0
9109 0
9110 0
9111 0
9112 0
9113 0
9114 0
9115 0
9116 1
9117 1
9118 1
9119 1
9120 1
9121 1
9122 1
9123 1
9124 1
9125 1
9126 1
9127 1
9128 1
9129 1
9130 1
9131 1
9132 1
9133 1
9134 1
9135 1
9136 1
9137 1
9138 1
9139 1
9140 1
9141 1
9142 1
9143 1
9144 1
9145 1
9146 1
9147 1
9148 1
9149 1
9150 1
9151 1
9152 1
9153 1
9154 1
9155 1
9156 1
9157 1
9158 1
9159 1
9160 1
9161 1
9162 1
9163 1
9164 1
9165 1
9166 1
9167 1
9168 1
9169 1
9170 1
9171 1
9172 1
9173 1
9174 1
9175 1
9176 0
9177 0
9178 0
9179 0
9180 0
9181 0
9182 0
9183 0
9184 0
9185 0
9186 0
9187 0
9188 0
9189 0
9190 0
9191 0
9192 0
9193 0
9194 0
9195 0
9196 0
9197 0
9198 0
9199 0
9200 0
9201 0
9202 0
9203 0
9204 0
9205 0
9206 0
9207 0
9208 0
9209 0
9210 0
9211 0
9212 0
9213 0
9214 0
9215 0
9216 0
9217 0
9218 0
9219 0
9220 0
9221 0
9222 0
9223 0
9224 0
9225 0
9226 0
9227 0
9228 0
9229 0
9230 0
9231 0
9232 0
9233 0
9234 0
9235 0
9236 0
9237 0
9238 0
9239 0
9240 0
9241 0
9242 0
9243 0
9244 0
9245 0
9246 0
9247 0
9248 0
9249 0
9250 1
9251 1
9252 1
9253 1
9254 1
9255 1
9256 1
9257 1
9258 1
9259 0
9260 0
9261 1
9262 1
9263 1
9264 1
9265 1
9266 1
9267 1
9268 1
9269 1
9270 1
9271 1
9272 1
9273 1
9274 1
9275 1
9276 0
9277 0
9278 1
9279 1
9280 1
9281 1
9282 1
9283 1
9284 1
9285 1
9286 1
9287 1
9288 1
9289 1
9290 1
9291 1
9292 1
9293 1
9294 1
9295 1
9296 1
9297 1
9298 1
9299 1
9300 1
9301 1
9302 1
9303 1
9304 1
9305 1
9306 1
9307 1
9308 1
9309 1
9310 1
9311 1
9312 1
9313 1
9314 1
9315 1
9316 1
9317 1
9318 0
9319 0
9320 1
9321 1
9322 1
9323 1
9324 1
9325 1
9326 1
9327 1
9328 1
9329 1
9330 1
9331 1
9332 1
9333 0
9334 0
9335 0
9336 1
9337 1
9338 1
9339 1
9340 1
9341 1
9342 1
9343 1
9344 1
9345 1
9346 1
9347 1
9348 1
9349 0
9350 0
9351 0
9352 0
9353 0
9354 0
9355 0
9356 0
9357 0
9358 0
9359 0
9360 0
9361 0
9362 0
9363 0
9364 0
9365 0
9366 0
9367 0
9368 0
9369 0
9370 0
9371 0
9372 1
9373 1
9374 1
9375 1
9376 1
9377 1
9378 1
9379 1
9380 1
9381 1
9382 1
9383 1
9384 1
9385 1
9386 1
9387 1
9388 1
9389 1
9390 1
9391 1
9392 1
9393 1
9394 1
9395 1
9396 1
9397 1
9398 1
9399 1
9400 1
9401 1
9402 1
9403 1
9404 1
9405 1
9406 1
9407 1
9408 1
9409 1
9410 1
9411 1
9412 1
9413 1
9414 1
9415 1
9416 1
9417 1
9418 1
9419 1
9420 1
9421 1
9422 0
9423 0
9424 0
9425 0
9426 0
9427 0
9428 0
9429 0
9430 0
9431 0
9432 0
9433 0
9434 0
9435 0
9436 0
9437 0
9438 0
9439 0
9440 0
9441 0
9442 0
9443 0
9444 0
9445 0
9446 0
9447 0
9448 0
9449 0
9450 0
9451 0
9452 0
9453 0
9454 0
9455 0
9456 0
9457 0
9458 0
9459 0
9460 0
9461 0
9462 0
9463 0
9464 0
9465 0
9466 0
9467 0
9468 0
9469 0
9470 0
9471 0
9472 0
9473 0
9474 0
9475 0
9476 0
9477 0
9478 0
9479 0
9480 0
9481 0
9482 0
9483 0
9484 0
9485 0
9486 0
9487 0
9488 0
9489 0
9490 0
9491 0
9492 0
9493 0
9494 0
9495 0
9496 0
9497 0
9498 0
9499 0
9500 1
9501 1
9502 1
9503 1
9504 1
9505 1
9506 1
9507 1
9508 1
9509 0
9510 0
9511 0
9512 0
9513 1
9514 1
9515 1
9516 1
9517 1
9518 1
9519 1
9520 1
9521 0
9522 0
9523 0
9524 0
9525 1
9526 1
9527 1
9528 1
9529 1
9530 1
9531 1
9532 1
9533 1
9534 1
9535 1
9536 1
9537 1
9538 1
9539 1
9540 1
9541 1
9542 1
9543 1
9544 1
9545 1
9546 1
9547 1
9548 1
9549 1
9550 1
9551 1
9552 1
9553 1
9554 1
9555 1
9556 1
9557 1
9558 1
9559 1
9560 1
9561 1
9562 1
9563 1
9564 1
9565 1
9566 0
9567 0
9568 0
9569 0
9570 1
9571 1
9572 1
9573 1
9574 1
9575 1
9576 1
9577 1
9578 1
9579 1
9580 1
9581 1
9582 1
9583 0
9584 0
9585 0
9586 1
9587 1
9588 1
9589 1
9590 1
9591 1
9592 1
9593 1
9594 1
9595 1
9596 1
9597 0
9598 0
9599 0
9600 0
9601 0
9602 0
9603 0
9604 0
9605 0
9606 0
9607 0
9608 0
9609 0
9610 0
9611 0
9612 0
9613 0
9614 0
9615 0
9616 0
9617 0
9618 0
9619 0
9620 0
9621 0
9622 0
9623 0
9624 0
9625 0
9626 0
9627 0
9628 0
9629 1
9630 1
9631 1
9632 1
9633 1
9634 1
9635 1
9636 1
9637 1
9638 1
9639 1
9640 1
9641 1
9642 1
9643 1
9644 1
9645 1
9646 1
9647 1
9648 1
9649 1
9650 1
9651 1
9652 1
9653 1
9654 1
9655 1
9656 1
9657 1
9658 1
9659 1
9660 1
9661 1
9662 1
9663 1
9664 1
9665 1
9666 1
9667 1
9668 1
9669 0
9670 0
9671 0
9672 0
9673 0
9674 0
9675 0
9676 0
9677 0
9678 0
9679 0
9680 0
9681 0
9682 0
9683 0
9684 0
9685 0
9686 0
9687 0
9688 0
9689 0
9690 0
9691 0
9692 0
9693 0
9694 0
9695 0
9696 0
9697 0
9698 0
9699 0
9700 0
9701 0
9702 0
9703 0
9704 0
9705 0
9706 0
9707 0
9708 0
9709 0
9710 0
9711 0
9712 0
9713 0
9714 0
9715 0
9716 0
9717 0
9718 0
9719 0
9720 0
9721 0
9722 0
9723 0
9724 0
9725 0
9726 0
9727 0
9728 0
9729 0
9730 0
9731 0
9732 0
9733 0
9734 0
9735 0
9736 0
9737 0
9738 0
9739 0
9740 0
9741 0
9742 0
9743 0
9744 0
9745 0
9746 0
9747 0
9748 0
9749 0
9750 1
9751 1
9752 1
9753 1
9754 1
9755 1
9756 1
9757 1
9758 1
9759 1
9760 0
9761 0
9762 0
9763 0
9764 0
9765 0
9766 0
9767 0
9768 0
9769 0
9770 0
9771 0
9772 1
9773 1
9774 1
9775 1
9776 1
9777 1
9778 1
9779 1
9780 1
9781 1
9782 1
9783 1
9784 1
9785 1
9786 1
9787 1
9788 1
9789 1
9790 1
9791 1
9792 1
9793 1
9794 1
9795 1
9796 1
9797 1
9798 1
9799 1
9800 1
9801 1
9802 1
9803 1
9804 1
9805 1
9806 1
9807 1
9808 1
9809 1
9810 1
9811 1
9812 1
9813 1
9814 1
9815 0
9816 0
9817 0
9818 0
9819 0
9820 1
9821 1
9822 1
9823 1
9824 1
9825 1
9826 1
9827 1
9828 1
9829 1
9830 1
9831 1
9832 0
9833 0
9834 0
9835 0
9836 1
9837 1
9838 1
9839 1
9840 1
9841 1
9842 1
9843 1
9844 1
9845 0
9846 0
9847 0
9848 0
9849 0
9850 0
9851 0
9852 0
9853 0
9854 0
9855 0
9856 0
9857 0
9858 0
9859 0
9860 0
9861 0
9862 0
9863 0
9864 0
9865 0
9866 0
9867 0
9868 0
9869 0
9870 0
9871 0
9872 0
9873 0
9874 0
9875 0
9876 0
9877 0
9878 0
9879 0
9880 0
9881 0
9882 0
9883 0
9884 1
9885 1
9886 1
9887 1
9888 1
9889 1
9890 1
9891 1
9892 1
9893 1
9894 1
9895 1
9896 1
9897 1
9898 1
9899 1
9900 1
9901 1
9902 1
9903 1
9904 1
9905 1
9906 1
9907 1
9908 1
9909 1
9910 1
9911 1
9912 1
9913 1
9914 1
9915 1
9916 0
9917 0
9918 0
9919 0
9920 0
9921 0
9922 0
9923 0
9924 0
9925 0
9926 0
9927 0
9928 0
9929 0
9930 0
9931 0
9932 1
9933 1
9934 1
9935 1
9936 1
9937 1
9938 1
9939 1
9940 1
9941 1
9942 1
9943 1
9944 1
9945 1
9946 1
9947 0
9948 0
9949 0
9950 0
9951 0
9952 0
9953 0
9954 0
9955 0
9956 0
9957 0
9958 0
9959 0
9960 0
9961 0
9962 0
9963 0
9964 0
9965 0
9966 0
9967 0
9968 0
9969 0
9970 0
9971 0
9972 0
9973 0
9974 0
9975 0
9976 0
9977 0
9978 0
9979 0
9980 0
9981 0
9982 0
9983 0
9984 0
9985 0
9986 0
9987 0
9988 0
9989 0
9990 0
9991 0
9992 0
9993 0
9994 0
9995 0
9996 0
9997 0
9998 0
9999 0
10000 1
10001 1
10002 1
10003 1
10004 1
10005 1
10006 1
10007 1
10008 1
10009 1
10010 1
10011 1
10012 1
10013 1
10014 0
10015 1
10016 1
10017 1
10018 1
10019 1
10020 1
10021 1
10022 1
10023 1
10024 1
10025 1
10026 1
10027 1
10028 1
10029 1
10030 1
10031 1
10032 1
10033 1
10034 1
10035 1
10036 1
10037 1
10038 1
10039 1
10040 1
10041 1
10042 1
10043 1
10044 1
10045 1
10046 1
10047 1
10048 1
10049 1
10050 1
10051 1
10052 1
10053 1
10054 1
10055 1
10056 1
10057 1
10058 1
10059 1
10060 1
10061 1
10062 0
10063 0
10064 0
10065 0
10066 0
10067 0
10068 0
10069 1
10070 1
10071 1
10072 1
10073 1
10074 1
10075 1
10076 1
10077 1
10078 1
10079 1
10080 1
10081 0
10082 0
10083 0
10084 0
10085 0
10086 0
10087 0
10088 0
10089 0
10090 0
10091 0
10092 0
10093 0
10094 0
10095 0
10096 0
10097 0
10098 0
10099 0
10100 0
10101 0
10102 0
10103 0
10104 0
10105 0
10106 0
10107 0
10108 0
10109 0
10110 0
10111 0
10112 0
10113 0
10114 0
10115 0
10116 0
10117 0
10118 0
10119 0
10120 0
10121 0
10122 0
10123 0
10124 0
10125 0
10126 0
10127 0
10128 0
10129 0
10130 0
10131 0
10132 0
10133 0
10134 0
10135 0
10136 0
10137 1
10138 1
10139 1
10140 1
10141 1
10142 1
10143 1
10144 1
10145 1
10146 1
10147 1
10148 1
10149 1
10150 1
10151 1
10152 1
10153 1
10154 1
10155 1
10156 1
10157 1
10158 1
10159 1
10160 1
10161 1
10162 1
10163 0
10164 0
10165 0
10166 0
10167 0
10168 0
10169 0
10170 0
10171 0
10172 0
10173 0
10174 1
10175 1
10176 1
10177 1
10178 1
10179 1
10180 1
10181 1
10182 1
10183 1
10184 1
10185 1
10186 1
10187 1
10188 1
10189 1
10190 1
10191 1
10192 1
10193 1
10194 1
10195 1
10196 1
10197 1
10198 1
10199 1
10200 1
10201 1
10202 1
10203 1
10204 0
10205 0
10206 0
10207 0
10208 0
10209 0
10210 0
10211 0
10212 0
10213 0
10214 0
10215 0
10216 0
10217 0
10218 0
10219 0
10220 0
10221 0
10222 0
10223 0
10224 0
10225 0
10226 0
10227 0
10228 0
10229 0
10230 0
10231 0
10232 0
10233 0
10234 0
10235 0
10236 0
10237 0
10238 0
10239 0
10240 0
10241 0
10242 0
10243 0
10244 0
10245 0
10246 0
10247 0
10248 0
10249 0
10250 1
10251 1
10252 1
10253 1
10254 1
10255 1
10256 1
10257 1
10258 1
10259 1
10260 1
10261 1
10262 1
10263 1
10264 1
10265 1
10266 1
10267 1
10268 1
10269 1
10270 1
10271 1
10272 1
10273 1
10274 1
10275 1
10276 1
10277 1
10278 1
10279 1
10280 1
10281 1
10282 1
10283 1
10284 1
10285 1
10286 1
10287 1
10288 1
10289 1
10290 1
10291 1
10292 1
10293 1
10294 1
10295 1
10296 1
10297 1
10298 1
10299 1
10300 1
10301 1
10302 1
10303 1
10304 1
10305 1
10306 1
10307 1
10308 1
10309 0
10310 0
10311 0
10312 0
10313 0
10314 0
10315 0
10316 0
10317 0
10318 0
10319 0
10320 1
10321 1
10322 1
10323 1
10324 1
10325 1
10326 1
10327 1
10328 1
10329 1
10330 0
10331 0
10332 0
10333 0
10334 0
10335 0
10336 0
10337 0
10338 0
10339 0
10340 0
10341 0
10342 0
10343 0
10344 0
10345 0
10346 0
10347 0
10348 0
10349 0
10350 0
10351 0
10352 0
10353 0
10354 0
10355 0
10356 0
10357 0
10358 0
10359 0
10360 0
10361 0
10362 0
10363 0
10364 0
10365 0
10366 0
10367 0
10368 0
10369 0
10370 0
10371 0
10372 0
10373 0
10374 0
10375 0
10376 0
10377 0
10378 0
10379 0
10380 0
10381 0
10382 0
10383 0
10384 0
10385 0
10386 0
10387 0
10388 0
10389 1
10390 1
10391 1
10392 1
10393 1
10394 1
10395 1
10396 1
10397 1
10398 1
10399 1
10400 1
10401 1
10402 1
10403 1
10404 1
10405 1
10406 1
10407 1
10408 1
10409 1
10410 1
10411 0
10412 0
10413 0
10414 0
10415 0
10416 0
10417 0
10418 0
10419 1
10420 1
10421 1
10422 1
10423 1
10424 1
10425 1
10426 1
10427 1
10428 1
10429 1
10430 1
10431 1
10432 1
10433 1
10434 1
10435 1
10436 1
10437 1
10438 1
10439 1
10440 1
10441 1
10442 1
10443 1
10444 1
10445 1
10446 1
10447 1
10448 1
10449 1
10450 1
10451 1
10452 1
10453 1
10454 1
10455 1
10456 1
10457 1
10458 1
10459 0
10460 0
10461 0
10462 0
10463 0
10464 0
10465 0
10466 0
10467 0
10468 0
10469 0
10470 0
10471 0
10472 0
10473 0
10474 0
10475 0
10476 0
10477 0
10478 0
10479 0
10480 0
10481 0
10482 0
10483 0
10484 0
10485 0
10486 0
10487 0
10488 0
10489 0
10490 0
10491 0
10492 0
10493 0
10494 0
10495 0
10496 0
10497 0
10498 0
10499 0
10500 1
10501 1
10502 1
10503 1
10504 1
10505 1
10506 1
10507 1
10508 1
10509 1
10510 1
10511 1
10512 1
10513 1
10514 1
10515 1
10516 1
10517 1
10518 1
10519 1
10520 1
10521 1
10522 1
10523 1
10524 1
10525 1
10526 1
10527 1
10528 1
10529 1
10530 1
10531 1
10532 1
10533 1
10534 1
10535 1
10536 1
10537 1
10538 1
10539 1
10540 1
10541 1
10542 1
10543 1
10544 1
10545 1
10546 1
10547 1
10548 1
10549 1
10550 1
10551 1
10552 1
10553 1
10554 1
10555 1
10556 1
10557 0
10558 0
10559 0
10560 0
10561 0
10562 0
10563 0
10564 0
10565 0
10566 0
10567 0
10568 0
10569 0
10570 0
10571 1
10572 1
10573 1
10574 1
10575 1
10576 1
10577 0
10578 0
10579 0
10580 0
10581 0
10582 0
10583 0
10584 0
10585 0
10586 0
10587 0
10588 0
10589 0
10590 0
10591 0
10592 0
10593 0
10594 0
10595 0
10596 0
10597 0
10598 0
10599 0
10600 0
10601 0
10602 0
10603 0
10604 0
10605 0
10606 0
10607 0
10608 0
10609 0
10610 0
10611 0
10612 0
10613 0
10614 0
10615 0
10616 0
10617 0
10618 0
10619 0
10620 0
10621 0
10622 0
10623 0
10624 0
10625 0
10626 0
10627 0
10628 0
10629 0
10630 0
10631 0
10632 0
10633 0
10634 0
10635 0
10636 0
10637 0
10638 0
10639 0
10640 1
10641 1
10642 1
10643 1
10644 1
10645 1
10646 1
10647 1
10648 1
10649 1
10650 1
10651 1
10652 1
10653 1
10654 1
10655 1
10656 1
10657 1
10658 0
10659 0
10660 0
10661 0
10662 0
10663 0
10664 0
10665 0
10666 1
10667 1
10668 1
10669 1
10670 1
10671 1
10672 1
10673 1
10674 1
10675 1
10676 1
10677 1
10678 1
10679 1
10680 1
10681 1
10682 1
10683 1
10684 1
10685 1
10686 1
10687 1
10688 1
10689 1
10690 1
10691 1
10692 1
10693 1
10694 1
10695 1
10696 1
10697 1
10698 1
10699 1
10700 1
10701 1
10702 1
10703 1
10704 1
10705 1
10706 1
10707 1
10708 1
10709 1
10710 1
10711 1
10712 1
10713 0
10714 0
10715 0
10716 0
10717 0
10718 0
10719 0
10720 0
10721 0
10722 0
10723 0
10724 0
10725 0
10726 0
10727 0
10728 0
10729 0
10730 0
10731 0
10732 0
10733 0
10734 0
10735 0
10736 0
10737 0
10738 0
10739 0
10740 0
10741 0
10742 0
10743 0
10744 0
10745 0
10746 0
10747 0
10748 0
10749 0
10750 1
10751 1
10752 1
10753 1
10754 1
10755 1
10756 1
10757 1
10758 1
10759 1
10760 1
10761 1
10762 1
10763 1
10764 1
10765 1
10766 1
10767 1
10768 1
10769 1
10770 1
10771 1
10772 1
10773 1
10774 1
10775 1
10776 1
10777 1
10778 1
10779 1
10780 1
10781 1
10782 1
10783 1
10784 1
10785 1
10786 1
10787 1
10788 1
10789 1
10790 1
10791 1
10792 1
10793 1
10794 1
10795 1
10796 1
10797 1
10798 1
10799 1
10800 1
10801 1
10802 1
10803 1
10804 1
10805 1
10806 0
10807 0
10808 0
10809 0
10810 0
10811 0
10812 0
10813 0
10814 0
10815 0
10816 0
10817 0
10818 0
10819 0
10820 0
10821 0
10822 0
10823 0
10824 0
10825 0
10826 0
10827 0
10828 0
10829 0
10830 0
10831 0
10832 0
10833 0
10834 0
10835 0
10836 0
10837 0
10838 0
10839 0
10840 0
10841 0
10842 0
10843 0
10844 0
10845 0
10846 0
10847 0
10848 0
10849 0
10850 0
10851 0
10852 0
10853 0
10854 0
10855 0
10856 0
10857 0
10858 0
10859 0
10860 0
10861 0
10862 0
10863 0
10864 0
10865 0
10866 1
10867 1
10868 1
10869 1
10870 1
10871 1
10872 1
10873 1
10874 1
10875 1
10876 1
10877 0
10878 0
10879 0
10880 0
10881 0
10882 0
10883 0
10884 0
10885 0
10886 0
10887 0
10888 0
10889 0
10890 0
10891 0
10892 1
10893 1
10894 1
10895 1
10896 1
10897 1
10898 1
10899 1
10900 1
10901 1
10902 1
10903 1
10904 1
10905 1
10906 0
10907 0
10908 0
10909 0
10910 0
10911 0
10912 0
10913 1
10914 1
10915 1
10916 1
10917 1
10918 1
10919 1
10920 1
10921 1
10922 1
10923 1
10924 1
10925 1
10926 1
10927 1
10928 1
10929 1
10930 1
10931 1
10932 1
10933 1
10934 1
10935 1
10936 1
10937 1
10938 1
10939 1
10940 1
10941 1
10942 1
10943 1
10944 1
10945 1
10946 1
10947 1
10948 1
10949 1
10950 1
10951 1
10952 1
10953 1
10954 1
10955 1
10956 1
10957 1
10958 1
10959 1
10960 1
10961 1
10962 1
10963 1
10964 1
10965 1
10966 0
10967 0
10968 0
10969 0
10970 0
10971 0
10972 0
10973 0
10974 0
10975 0
10976 0
10977 0
10978 0
10979 0
10980 0
10981 0
10982 0
10983 0
10984 0
10985 0
10986 0
10987 0
10988 0
10989 0
10990 0
10991 0
10992 0
10993 0
10994 0
10995 0
10996 0
10997 0
10998 0
10999 0
11000 1
11001 1
11002 1
11003 1
11004 1
11005 1
11006 1
11007 1
11008 1
11009 1
11010 1
11011 1
11012 1
11013 1
11014 1
11015 1
11016 1
11017 1
11018 1
11019 1
11020 1
11021 1
11022 1
11023 1
11024 1
11025 1
11026 1
11027 1
11028 1
11029 1
11030 1
11031 1
11032 1
11033 1
11034 1
11035 1
11036 1
11037 1
11038 1
11039 1
11040 1
11041 1
11042 1
11043 1
11044 1
11045 1
11046 1
11047 1
11048 1
11049 1
11050 1
11051 1
11052 1
11053 1
11054 1
11055 1
11056 0
11057 0
11058 0
11059 0
11060 0
11061 0
11062 0
11063 0
11064 0
11065 0
11066 0
11067 0
11068 0
11069 0
11070 0
11071 0
11072 0
11073 0
11074 0
11075 0
11076 0
11077 0
11078 0
11079 0
11080 0
11081 0
11082 0
11083 0
11084 0
11085 0
11086 0
11087 0
11088 0
11089 0
11090 0
11091 0
11092 0
11093 0
11094 0
11095 0
11096 0
11097 0
11098 0
11099 0
11100 0
11101 0
11102 0
11103 0
11104 0
11105 0
11106 0
11107 0
11108 0
11109 0
11110 0
11111 0
11112 0
11113 1
11114 1
11115 1
11116 1
11117 1
11118 1
11119 1
11120 1
11121 1
11122 1
11123 1
11124 1
11125 1
11126 1
11127 1
11128 1
11129 1
11130 1
11131 0
11132 0
11133 0
11134 0
11135 0
11136 0
11137 0
11138 0
11139 0
11140 0
11141 0
11142 0
11143 0
11144 1
11145 1
11146 1
11147 1
11148 1
11149 1
11150 1
11151 1
11152 1
11153 0
11154 0
11155 0
11156 0
11157 0
11158 0
11159 0
11160 0
11161 1
11162 1
11163 1
11164 1
11165 1
11166 1
11167 1
11168 1
11169 1
11170 1
11171 1
11172 1
11173 1
11174 1
11175 1
11176 1
11177 1
11178 1
11179 1
11180 1
11181 1
11182 1
11183 1
11184 1
11185 1
11186 1
11187 1
11188 1
11189 1
11190 1
11191 1
11192 1
11193 1
11194 1
11195 1
11196 1
11197 1
11198 1
11199 1
11200 1
11201 1
11202 1
11203 1
11204 1
11205 1
11206 1
11207 1
11208 1
11209 1
11210 1
11211 1
11212 1
11213 1
11214 1
11215 1
11216 1
11217 1
11218 0
11219 0
11220 0
11221 0
11222 0
11223 0
11224 0
11225 0
11226 0
11227 0
11228 0
11229 0
11230 0
11231 0
11232 0
11233 0
11234 0
11235 0
11236 0
11237 0
11238 0
11239 0
11240 0
11241 0
11242 0
11243 0
11244 0
11245 0
11246 0
11247 0
11248 0
11249 0
11250 1
11251 1
11252 1
11253 1
11254 1
11255 1
11256 1
11257 1
11258 1
11259 1
11260 1
11261 1
11262 1
11263 1
11264 1
11265 1
11266 1
11267 1
11268 1
11269 1
11270 1
11271 1
11272 1
11273 1
11274 1
11275 1
11276 1
11277 1
11278 1
11279 1
11280 1
11281 1
11282 1
11283 1
11284 1
11285 1
11286 1
11287 1
11288 1
11289 1
11290 1
11291 1
11292 1
11293 1
11294 1
11295 1
11296 1
11297 1
11298 1
11299 1
11300 1
11301 1
11302 1
11303 1
11304 1
11305 1
11306 1
11307 0
11308 0
11309 0
11310 0
11311 0
11312 0
11313 0
11314 0
11315 0
11316 0
11317 0
11318 0
11319 0
11320 0
11321 0
11322 0
11323 0
11324 0
11325 0
11326 0
11327 0
11328 0
11329 0
11330 0
11331 0
11332 0
11333 0
11334 0
11335 0
11336 0
11337 0
11338 0
11339 0
11340 1
11341 1
11342 1
11343 1
11344 1
11345 1
11346 1
11347 0
11348 0
11349 0
11350 0
11351 0
11352 0
11353 0
11354 0
11355 0
11356 0
11357 0
11358 0
11359 0
11360 0
11361 1
11362 1
11363 1
11364 1
11365 1
11366 1
11367 1
11368 1
11369 1
11370 1
11371 1
11372 1
11373 1
11374 1
11375 1
11376 1
11377 1
11378 1
11379 1
11380 1
11381 1
11382 1
11383 1
11384 0
11385 0
11386 0
11387 0
11388 0
11389 0
11390 0
11391 0
11392 0
11393 0
11394 0
11395 0
11396 0
11397 0
11398 0
11399 0
11400 0
11401 0
11402 0
11403 0
11404 0
11405 0
11406 0
11407 0
11408 0
11409 1
11410 1
11411 1
11412 1
11413 1
11414 1
11415 1
11416 1
11417 1
11418 1
11419 1
11420 1
11421 1
11422 1
11423 1
11424 1
11425 1
11426 1
11427 1
11428 1
11429 1
11430 1
11431 1
11432 1
11433 1
11434 1
11435 1
11436 1
11437 1
11438 1
11439 1
11440 1
11441 1
11442 1
11443 1
11444 1
11445 1
11446 1
11447 1
11448 1
11449 1
11450 1
11451 1
11452 1
11453 1
11454 1
11455 1
11456 1
11457 1
11458 1
11459 1
11460 1
11461 1
11462 1
11463 1
11464 1
11465 1
11466 1
11467 1
11468 1
11469 1
11470 0
11471 0
11472 0
11473 0
11474 0
11475 0
11476 0
11477 0
11478 0
11479 0
11480 0
11481 0
11482 0
11483 0
11484 0
11485 0
11486 0
11487 0
11488 0
11489 0
11490 0
11491 0
11492 0
11493 0
11494 0
11495 0
11496 0
11497 0
11498 0
11499 0
11500 1
11501 1
11502 1
11503 1
11504 1
11505 1
11506 1
11507 1
11508 1
11509 1
11510 1
11511 1
11512 1
11513 1
11514 1
11515 1
11516 1
11517 1
11518 1
11519 1
11520 1
11521 1
11522 1
11523 1
11524 1
11525 1
11526 1
11527 1
11528 1
11529 1
11530 1
11531 1
11532 1
11533 1
11534 1
11535 1
11536 1
11537 1
11538 1
11539 1
11540 1
11541 1
11542 1
11543 1
11544 1
11545 1
11546 1
11547 1
11548 1
11549 1
11550 1
11551 1
11552 1
11553 1
11554 1
11555 1
11556 1
11557 1
11558 0
11559 0
11560 0
11561 0
11562 0
11563 0
11564 0
11565 0
11566 0
11567 0
11568 0
11569 0
11570 0
11571 0
11572 0
11573 0
11574 0
11575 0
11576 0
11577 0
11578 0
11579 0
11580 0
11581 0
11582 0
11583 0
11584 0
11585 0
11586 0
11587 0
11588 1
11589 1
11590 1
11591 1
11592 1
11593 1
11594 1
11595 1
11596 1
11597 1
11598 1
11599 0
11600 0
11601 0
11602 0
11603 0
11604 0
11605 0
11606 0
11607 0
11608 0
11609 0
11610 0
11611 1
11612 1
11613 1
11614 1
11615 1
11616 1
11617 1
11618 1
11619 1
11620 1
11621 1
11622 1
11623 1
11624 1
11625 1
11626 1
11627 1
11628 1
11629 1
11630 1
11631 1
11632 1
11633 1
11634 1
11635 1
11636 0
11637 0
11638 0
11639 0
11640 0
11641 0
11642 0
11643 0
11644 0
11645 0
11646 0
11647 0
11648 0
11649 0
11650 0
11651 0
11652 0
11653 0
11654 0
11655 0
11656 0
11657 0
11658 1
11659 1
11660 1
11661 1
11662 1
11663 1
11664 1
11665 1
11666 1
11667 1
11668 1
11669 1
11670 1
11671 1
11672 1
11673 1
11674 1
11675 1
11676 1
11677 1
11678 1
11679 1
11680 1
11681 1
11682 1
11683 1
11684 1
11685 1
11686 1
11687 1
11688 1
11689 1
11690 1
11691 1
11692 1
11693 1
11694 1
11695 1
11696 1
11697 1
11698 1
11699 1
11700 1
11701 1
11702 1
11703 1
11704 1
11705 1
11706 1
11707 1
11708 1
11709 1
11710 1
11711 1
11712 1
11713 1
11714 1
11715 1
11716 1
11717 1
11718 1
11719 1
11720 1
11721 0
11722 0
11723 0
11724 0
11725 0
11726 0
11727 0
11728 0
11729 0
11730 0
11731 0
11732 0
11733 0
11734 0
11735 0
11736 0
11737 0
11738 0
11739 0
11740 0
11741 0
11742 0
11743 0
11744 0
11745 0
11746 0
11747 0
11748 0
11749 0
11750 0
11751 1
11752 1
11753 1
11754 1
11755 1
11756 1
11757 1
11758 1
11759 1
11760 1
11761 1
11762 1
11763 1
11764 1
11765 1
11766 1
11767 1
11768 1
11769 1
11770 1
11771 1
11772 1
11773 1
11774 1
11775 1
11776 1
11777 1
11778 1
11779 1
11780 1
11781 1
11782 1
11783 1
11784 1
11785 1
11786 1
11787 1
11788 1
11789 1
11790 1
11791 1
11792 1
11793 1
11794 1
11795 1
11796 1
11797 1
11798 1
11799 1
11800 1
11801 1
11802 1
11803 1
11804 1
11805 1
11806 1
11807 1
11808 0
11809 0
11810 0
11811 0
11812 0
11813 0
11814 0
11815 0
11816 0
11817 0
11818 0
11819 0
11820 0
11821 0
11822 0
11823 0
11824 0
11825 0
11826 0
11827 0
11828 0
11829 0
11830 0
11831 0
11832 0
11833 0
11834 0
11835 0
11836 1
11837 1
11838 1
11839 1
11840 1
11841 1
11842 1
11843 1
11844 1
11845 1
11846 1
11847 1
11848 1
11849 1
11850 0
11851 0
11852 0
11853 0
11854 0
11855 0
11856 0
11857 0
11858 0
11859 0
11860 1
11861 1
11862 1
11863 1
11864 1
11865 1
11866 1
11867 1
11868 1
11869 1
11870 1
11871 1
11872 1
11873 1
11874 1
11875 1
11876 1
11877 1
11878 1
11879 1
11880 1
11881 1
11882 1
11883 1
11884 1
11885 1
11886 1
11887 1
11888 0
11889 0
11890 0
11891 0
11892 0
11893 0
11894 0
11895 0
11896 0
11897 0
11898 0
11899 0
11900 0
11901 0
11902 0
11903 0
11904 0
11905 0
11906 1
11907 1
11908 1
11909 1
11910 1
11911 1
11912 1
11913 1
11914 1
11915 1
11916 1
11917 1
11918 1
11919 1
11920 1
11921 1
11922 1
11923 1
11924 1
11925 1
11926 1
11927 1
11928 1
11929 1
11930 1
11931 1
11932 1
11933 1
11934 1
11935 1
11936 1
11937 1
11938 1
11939 1
11940 1
11941 1
11942 1
11943 1
11944 1
11945 1
11946 1
11947 1
11948 1
11949 1
11950 1
11951 1
11952 1
11953 1
11954 1
11955 1
11956 1
11957 1
11958 1
11959 1
11960 1
11961 1
11962 1
11963 1
11964 1
11965 1
11966 1
11967 1
11968 1
11969 1
11970 1
11971 1
11972 1
11973 0
11974 0
11975 0
11976 0
11977 0
11978 0
11979 0
11980 0
11981 0
11982 0
11983 0
11984 0
11985 0
11986 0
11987 0
11988 0
11989 0
11990 0
11991 0
11992 0
11993 0
11994 0
11995 0
11996 0
11997 0
11998 0
11999 0
12000 0
12001 0
12002 1
12003 1
12004 1
12005 1
12006 1
12007 1
12008 1
12009 1
12010 1
12011 1
12012 1
12013 1
12014 1
12015 1
12016 1
12017 1
12018 1
12019 1
12020 1
12021 1
12022 1
12023 1
12024 1
12025 1
12026 1
12027 1
12028 1
12029 1
12030 1
12031 1
12032 1
12033 1
12034 1
12035 1
12036 1
12037 1
12038 1
12039 1
12040 1
12041 1
12042 1
12043 1
12044 1
12045 1
12046 1
12047 1
12048 1
12049 1
12050 1
12051 1
12052 1
12053 1
12054 1
12055 1
12056 1
12057 1
12058 1
12059 0
12060 0
12061 0
12062 0
12063 0
12064 0
12065 0
12066 0
12067 0
12068 0
12069 0
12070 0
12071 0
12072 0
12073 0
12074 0
12075 0
12076 0
12077 0
12078 0
12079 0
12080 0
12081 0
12082 0
12083 0
12084 0
12085 0
12086 1
12087 1
12088 1
12089 1
12090 1
12091 1
12092 1
12093 1
12094 1
12095 1
12096 1
12097 1
12098 1
12099 1
12100 0
12101 0
12102 0
12103 0
12104 0
12105 0
12106 0
12107 0
12108 0
12109 0
12110 1
12111 1
12112 1
12113 1
12114 1
12115 1
12116 1
12117 1
12118 1
12119 1
12120 1
12121 1
12122 1
12123 1
12124 1
12125 1
12126 1
12127 1
12128 1
12129 1
12130 1
12131 1
12132 1
12133 1
12134 1
12135 1
12136 1
12137 1
12138 1
12139 1
12140 0
12141 0
12142 0
12143 0
12144 0
12145 0
12146 0
12147 0
12148 0
12149 0
12150 0
12151 0
12152 0
12153 0
12154 1
12155 1
12156 1
12157 1
12158 1
12159 1
12160 1
12161 1
12162 1
12163 1
12164 1
12165 1
12166 1
12167 1
12168 1
12169 1
12170 1
12171 1
12172 1
12173 1
12174 1
12175 1
12176 1
12177 1
12178 1
12179 1
12180 1
12181 1
12182 1
12183 1
12184 1
12185 1
12186 1
12187 1
12188 1
12189 1
12190 1
12191 1
12192 1
12193 1
12194 1
12195 1
12196 1
12197 1
12198 1
12199 1
12200 1
12201 1
12202 1
12203 1
12204 1
12205 1
12206 1
12207 1
12208 1
12209 1
12210 1
12211 1
12212 1
12213 1
12214 1
12215 1
12216 1
12217 1
12218 1
12219 1
12220 1
12221 1
12222 1
12223 1
12224 0
12225 0
12226 0
12227 0
12228 0
12229 0
12230 0
12231 0
12232 0
12233 0
12234 0
12235 0
12236 0
12237 0
12238 0
12239 0
12240 0
12241 0
12242 0
12243 0
12244 0
12245 0
12246 0
12247 0
12248 0
12249 0
12250 0
12251 0
12252 0
12253 1
12254 1
12255 1
12256 1
12257 1
12258 1
12259 1
12260 1
12261 1
12262 1
12263 1
12264 1
12265 1
12266 1
12267 1
12268 1
12269 1
12270 1
12271 1
12272 1
12273 1
12274 1
12275 1
12276 1
12277 1
12278 1
12279 1
12280 1
12281 1
12282 1
12283 1
12284 1
12285 1
12286 1
12287 1
12288 1
12289 1
12290 1
12291 1
12292 1
12293 1
12294 1
12295 1
12296 1
12297 1
12298 1
12299 1
12300 1
12301 1
12302 1
12303 1
12304 1
12305 1
12306 1
12307 1
12308 1
12309 1
12310 1
12311 0
12312 0
12313 0
12314 0
12315 0
12316 0
12317 0
12318 0
12319 0
12320 0
12321 0
12322 1
12323 1
12324 1
12325 1
12326 1
12327 0
12328 0
12329 0
12330 0
12331 0
12332 0
12333 0
12334 0
12335 1
12336 1
12337 1
12338 1
12339 1
12340 1
12341 1
12342 1
12343 1
12344 1
12345 1
12346 1
12347 1
12348 1
12349 1
12350 1
12351 0
12352 0
12353 0
12354 0
12355 0
12356 0
12357 0
12358 0
12359 1
12360 1
12361 1
12362 1
12363 1
12364 1
12365 1
12366 1
12367 1
12368 1
12369 1
12370 1
12371 1
12372 1
12373 1
12374 1
12375 1
12376 1
12377 1
12378 1
12379 1
12380 1
12381 1
12382 1
12383 1
12384 1
12385 1
12386 1
12387 1
12388 1
12389 1
12390 1
12391 1
12392 0
12393 0
12394 0
12395 0
12396 0
12397 0
12398 0
12399 0
12400 0
12401 0
12402 0
12403 1
12404 1
12405 1
12406 1
12407 1
12408 1
12409 1
12410 1
12411 1
12412 1
12413 1
12414 1
12415 1
12416 1
12417 1
12418 1
12419 1
12420 1
12421 1
12422 1
12423 1
12424 1
12425 1
12426 1
12427 1
12428 1
12429 1
12430 1
12431 1
12432 1
12433 1
12434 1
12435 1
12436 1
12437 1
12438 1
12439 1
12440 1
12441 1
12442 1
12443 1
12444 1
12445 1
12446 1
12447 1
12448 1
12449 1
12450 1
12451 1
12452 1
12453 1
12454 1
12455 1
12456 1
12457 1
12458 1
12459 1
12460 1
12461 1
12462 1
12463 1
12464 1
12465 1
12466 1
12467 1
12468 1
12469 1
12470 1
12471 1
12472 1
12473 1
12474 1
12475 0
12476 0
12477 0
12478 0
12479 0
12480 0
12481 0
12482 0
12483 0
12484 0
12485 0
12486 0
12487 0
12488 0
12489 0
12490 0
12491 0
12492 0
12493 0
12494 0
12495 0
12496 0
12497 0
12498 0
12499 0
