0.0333333 0.0333333 1.91539e-06
0.1 0.0333333 6.73502e-06
0.166667 0.0333333 1.39942e-05
0.233333 0.0333333 1.97562e-05
0.3 0.0333333 2.02569e-05
0.366667 0.0333333 1.40841e-05
0.433333 0.0333333 3.23311e-06
0.5 0.0333333 8.18366e-06
0.566667 0.0333333 1.65359e-05
0.633333 0.0333333 2.03202e-05
0.7 0.0333333 2.00147e-05
0.766667 0.0333333 1.70363e-05
0.833333 0.0333333 1.28719e-05
0.9 0.0333333 8.66124e-06
0.966667 0.0333333 5.08896e-06
1.03333 0.0333333 2.43408e-06
1.1 0.0333333 6.93701e-07
1.16667 0.0333333 2.83959e-07
1.23333 0.0333333 6.98855e-07
1.3 0.0333333 7.42718e-07
1.36667 0.0333333 5.76588e-07
1.43333 0.0333333 3.25424e-07
1.5 0.0333333 7.79561e-08
1.56667 0.0333333 1.12219e-07
1.63333 0.0333333 2.23417e-07
1.7 0.0333333 2.59038e-07
1.76667 0.0333333 2.37753e-07
1.83333 0.0333333 1.83336e-07
1.9 0.0333333 1.17005e-07
1.96667 0.0333333 5.36328e-08
2.03333 0.0333333 1.33783e-09
2.1 0.0333333 3.70004e-08
2.16667 0.0333333 6.17144e-08
2.23333 0.0333333 7.46464e-08
2.3 0.0333333 7.80351e-08
2.36667 0.0333333 7.39321e-08
2.43333 0.0333333 6.39814e-08
2.5 0.0333333 4.94156e-08
2.56667 0.0333333 3.11662e-08
2.63333 0.0333333 1.00404e-08
2.7 0.0333333 1.30623e-08
2.76667 0.0333333 3.6916e-08
2.83333 0.0333333 5.97823e-08
2.9 0.0333333 7.94082e-08
2.96667 0.0333333 9.33644e-08
3.03333 0.0333333 9.97424e-08
3.1 0.0333333 9.79319e-08
3.16667 0.0333333 8.90052e-08
3.23333 0.0333333 7.53923e-08
3.3 0.0333333 6.00002e-08
3.36667 0.0333333 4.52875e-08
3.43333 0.0333333 3.27495e-08
3.5 0.0333333 2.29149e-08
3.56667 0.0333333 1.56488e-08
3.63333 0.0333333 1.05031e-08
3.7 0.0333333 6.96447e-09
3.76667 0.0333333 4.57959e-09
3.83333 0.0333333 2.99412e-09
3.9 0.0333333 1.94985e-09
3.96667 0.0333333 1.26632e-09
4.03333 0.0333333 8.20772e-10
4.1 0.0333333 5.31139e-10
4.16667 0.0333333 3.43185e-10
4.23333 0.0333333 2.21341e-10
4.3 0.0333333 1.42398e-10
4.36667 0.0333333 9.12639e-11
4.43333 0.0333333 5.81453e-11
4.5 0.0333333 3.66975e-11
4.56667 0.0333333 2.28142e-11
4.63333 0.0333333 1.38411e-11
4.7 0.0333333 8.06549e-12
4.76667 0.0333333 4.38703e-12
4.83333 0.0333333 2.10634e-12
4.9 0.0333333 7.90449e-13
4.96667 0.0333333 1.89661e-13
0.0333333 0.1 7.36132e-06
0.1 0.1 9.48396e-06
0.166667 0.1 1.29277e-05
0.233333 0.1 1.58945e-05
0.3 0.1 1.59884e-05
0.366667 0.1 1.17328e-05
0.433333 0.1 3.65138e-06
0.5 0.1 5.7694e-06
0.566667 0.1 1.34778e-05
0.633333 0.1 1.76741e-05
0.7 0.1 1.82297e-05
0.766667 0.1 1.60963e-05
0.833333 0.1 1.25424e-05
0.9 0.1 8.69449e-06
0.966667 0.1 5.30842e-06
1.03333 0.1 2.73108e-06
1.1 0.1 9.98149e-07
1.16667 0.1 2.15991e-08
1.23333 0.1 5.10518e-07
1.3 0.1 6.4097e-07
1.36667 0.1 5.55429e-07
1.43333 0.1 3.65128e-07
1.5 0.1 1.52385e-07
1.56667 0.1 2.8148e-08
1.63333 0.1 1.48347e-07
1.7 0.1 2.03148e-07
1.76667 0.1 2.03754e-07
1.83333 0.1 1.69035e-07
1.9 0.1 1.17947e-07
1.96667 0.1 6.49682e-08
2.03333 0.1 1.88232e-08
2.1 0.1 1.66532e-08
2.16667 0.1 4.08552e-08
2.23333 0.1 5.48666e-08
2.3 0.1 6.03871e-08
2.36667 0.1 5.91252e-08
2.43333 0.1 5.25311e-08
2.5 0.1 4.17387e-08
2.56667 0.1 2.76226e-08
2.63333 0.1 1.09149e-08
2.7 0.1 7.64516e-09
2.76667 0.1 2.71452e-08
2.83333 0.1 4.63371e-08
2.9 0.1 6.35367e-08
2.96667 0.1 7.67306e-08
3.03333 0.1 8.40246e-08
3.1 0.1 8.43675e-08
3.16667 0.1 7.81482e-08
3.23333 0.1 6.71948e-08
3.3 0.1 5.40821e-08
3.36667 0.1 4.11781e-08
3.43333 0.1 3.00057e-08
3.5 0.1 2.11542e-08
3.56667 0.1 1.45592e-08
3.63333 0.1 9.84824e-09
3.7 0.1 6.57922e-09
3.76667 0.1 4.35626e-09
3.83333 0.1 2.86595e-09
3.9 0.1 1.87679e-09
3.96667 0.1 1.2249e-09
4.03333 0.1 7.97407e-10
4.1 0.1 5.18057e-10
4.16667 0.1 3.35955e-10
4.23333 0.1 2.17443e-10
4.3 0.1 1.40401e-10
4.36667 0.1 9.03532e-11
4.43333 0.1 5.78569e-11
4.5 0.1 3.67665e-11
4.56667 0.1 2.30889e-11
4.63333 0.1 1.42341e-11
4.7 0.1 8.52627e-12
4.76667 0.1 4.88622e-12
4.83333 0.1 2.62672e-12
4.9 0.1 1.32196e-12
4.96667 0.1 7.26796e-13
0.0333333 0.166667 1.72535e-05
0.1 0.166667 1.47775e-05
0.166667 0.166667 1.16578e-05
0.233333 0.166667 8.65351e-06
0.3 0.166667 7.18328e-06
0.366667 0.166667 6.70608e-06
0.433333 0.166667 4.18972e-06
0.5 0.166667 1.86137e-06
0.566667 0.166667 9.24815e-06
0.633333 0.166667 1.45006e-05
0.7 0.166667 1.64918e-05
0.766667 0.166667 1.55662e-05
0.833333 0.166667 1.27488e-05
0.9 0.166667 9.23333e-06
0.966667 0.166667 5.95567e-06
1.03333 0.166667 3.39072e-06
1.1 0.166667 1.61555e-06
1.16667 0.166667 5.01125e-07
1.23333 0.166667 1.28165e-07
1.3 0.166667 4.22006e-07
1.36667 0.166667 4.93123e-07
1.43333 0.166667 4.25933e-07
1.5 0.166667 2.86499e-07
1.56667 0.166667 1.2804e-07
1.63333 0.166667 9.56431e-09
1.7 0.166667 1.03168e-07
1.76667 0.166667 1.47421e-07
1.83333 0.166667 1.50716e-07
1.9 0.166667 1.27819e-07
1.96667 0.166667 9.31603e-08
2.03333 0.166667 5.72369e-08
2.1 0.166667 2.60327e-08
2.16667 0.166667 2.02206e-09
2.23333 0.166667 1.44816e-08
2.3 0.166667 2.42377e-08
2.36667 0.166667 2.83816e-08
2.43333 0.166667 2.80525e-08
2.5 0.166667 2.42389e-08
2.56667 0.166667 1.77472e-08
2.63333 0.166667 9.23019e-09
2.7 0.166667 7.68448e-10
2.76667 0.166667 1.17722e-08
2.83333 0.166667 2.33237e-08
2.9 0.166667 3.4903e-08
2.96667 0.166667 4.56837e-08
3.03333 0.166667 5.43034e-08
3.1 0.166667 5.90353e-08
3.16667 0.166667 5.86341e-08
3.23333 0.166667 5.32774e-08
3.3 0.166667 4.46469e-08
3.36667 0.166667 3.49963e-08
3.43333 0.166667 2.60796e-08
3.5 0.166667 1.87402e-08
3.56667 0.166667 1.31186e-08
3.63333 0.166667 9.0078e-09
3.7 0.166667 6.09711e-09
3.76667 0.166667 4.08302e-09
3.83333 0.166667 2.71243e-09
3.9 0.166667 1.79112e-09
3.96667 0.166667 1.17738e-09
4.03333 0.166667 7.71258e-10
4.1 0.166667 5.03849e-10
4.16667 0.166667 3.28416e-10
4.23333 0.166667 2.13632e-10
4.3 0.166667 1.38678e-10
4.36667 0.166667 8.98025e-11
4.43333 0.166667 5.79667e-11
4.5 0.166667 3.72497e-11
4.56667 0.166667 2.37839e-11
4.63333 0.166667 1.50497e-11
4.7 0.166667 9.41097e-12
4.76667 0.166667 5.81084e-12
4.83333 0.166667 3.57504e-12
4.9 0.166667 2.28543e-12
4.96667 0.166667 1.7014e-12
0.0333333 0.233333 2.87369e-05
0.1 0.233333 2.112e-05
0.166667 0.233333 9.28382e-06
0.233333 0.233333 2.88974e-06
0.3 0.233333 1.43083e-05
0.366667 0.233333 7.88108e-06
0.433333 0.233333 4.5421e-06
0.5 0.233333 3.11243e-06
0.566667 0.233333 4.53636e-06
0.633333 0.233333 1.1344e-05
0.7 0.233333 1.52849e-05
0.766667 0.233333 1.58917e-05
0.833333 0.233333 1.38311e-05
0.9 0.233333 1.04513e-05
0.966667 0.233333 7.05628e-06
1.03333 0.233333 4.37049e-06
1.1 0.233333 2.50228e-06
1.16667 0.233333 1.26022e-06
1.23333 0.233333 4.46676e-07
1.3 0.233333 7.1479e-08
1.36667 0.233333 3.73588e-07
1.43333 0.233333 5.02378e-07
1.5 0.233333 4.88235e-07
1.56667 0.233333 3.70888e-07
1.63333 0.233333 2.04999e-07
1.7 0.233333 4.59873e-08
1.76667 0.233333 6.94443e-08
1.83333 0.233333 1.31156e-07
1.9 0.233333 1.48543e-07
1.96667 0.233333 1.38076e-07
2.03333 0.233333 1.14476e-07
2.1 0.233333 8.76021e-08
2.16667 0.233333 6.28027e-08
2.23333 0.233333 4.23213e-08
2.3 0.233333 2.66026e-08
2.36667 0.233333 1.52068e-08
2.43333 0.233333 7.35555e-09
2.5 0.233333 2.21678e-09
2.56667 0.233333 9.68166e-10
2.63333 0.233333 2.83244e-09
2.7 0.233333 3.84699e-09
2.76667 0.233333 4.2552e-09
2.83333 0.233333 3.9635e-09
2.9 0.233333 2.44435e-09
2.96667 0.233333 1.72112e-09
3.03333 0.233333 9.66797e-09
3.1 0.233333 2.02864e-08
3.16667 0.233333 2.96919e-08
3.23333 0.233333 3.40968e-08
3.3 0.233333 3.28283e-08
3.36667 0.233333 2.79659e-08
3.43333 0.233333 2.19967e-08
3.5 0.233333 1.64281e-08
3.56667 0.233333 1.18285e-08
3.63333 0.233333 8.29607e-09
3.7 0.233333 5.70796e-09
3.76667 0.233333 3.8719e-09
3.83333 0.233333 2.59876e-09
3.9 0.233333 1.73041e-09
3.96667 0.233333 1.14531e-09
4.03333 0.233333 7.54618e-10
4.1 0.233333 4.95491e-10
4.16667 0.233333 3.24497e-10
4.23333 0.233333 2.1209e-10
4.3 0.233333 1.38409e-10
4.36667 0.233333 9.02155e-11
4.43333 0.233333 5.87463e-11
4.5 0.233333 3.82271e-11
4.56667 0.233333 2.48688e-11
4.63333 0.233333 1.61939e-11
4.7 0.233333 1.05886e-11
4.76667 0.233333 7.00883e-12
4.83333 0.233333 4.78717e-12
4.9 0.233333 3.50977e-12
4.96667 0.233333 2.93849e-12
0.0333333 0.3 3.73715e-05
0.1 0.3 2.62452e-05
0.166667 0.3 7.35362e-06
0.233333 0.3 2.17879e-05
0.3 0.3 6.19707e-05
0.366667 0.3 4.83577e-05
0.433333 0.3 2.61214e-06
0.5 0.3 7.01002e-06
0.566667 0.3 4.31909e-07
0.633333 0.3 7.51872e-06
0.7 0.3 1.34645e-05
0.766667 0.3 1.61603e-05
0.833333 0.3 1.54264e-05
0.9 0.3 1.21028e-05
0.966667 0.3 8.2916e-06
1.03333 0.3 5.45669e-06
1.1 0.3 3.55339e-06
1.16667 0.3 2.22026e-06
1.23333 0.3 1.24016e-06
1.3 0.3 4.78898e-07
1.36667 0.3 1.20667e-07
1.43333 0.3 5.46562e-07
1.5 0.3 7.51847e-07
1.56667 0.3 7.22569e-07
1.63333 0.3 5.20011e-07
1.7 0.3 2.57107e-07
1.76667 0.3 3.20865e-08
1.83333 0.3 1.12102e-07
1.9 0.3 1.80399e-07
1.96667 0.3 1.97085e-07
2.03333 0.3 1.85511e-07
2.1 0.3 1.61631e-07
2.16667 0.3 1.34596e-07
2.23333 0.3 1.0889e-07
2.3 0.3 8.62237e-08
2.36667 0.3 6.68412e-08
2.43333 0.3 5.03019e-08
2.5 0.3 3.59128e-08
2.56667 0.3 2.29435e-08
2.63333 0.3 1.07255e-08
2.7 0.3 1.28859e-09
2.76667 0.3 1.34535e-08
2.83333 0.3 2.57994e-08
2.9 0.3 3.7865e-08
2.96667 0.3 4.90702e-08
3.03333 0.3 5.12747e-08
3.1 0.3 3.78565e-08
3.16667 0.3 1.36673e-08
3.23333 0.3 7.83948e-09
3.3 0.3 1.86875e-08
3.36667 0.3 2.06775e-08
3.43333 0.3 1.83852e-08
3.5 0.3 1.46439e-08
3.56667 0.3 1.09482e-08
3.63333 0.3 7.86315e-09
3.7 0.3 5.49697e-09
3.76667 0.3 3.77083e-09
3.83333 0.3 2.55175e-09
3.9 0.3 1.70965e-09
3.96667 0.3 1.13703e-09
4.03333 0.3 7.52086e-10
4.1 0.3 4.95492e-10
4.16667 0.3 3.2553e-10
4.23333 0.3 2.13485e-10
4.3 0.3 1.39885e-10
4.36667 0.3 9.16701e-11
4.43333 0.3 6.01518e-11
4.5 0.3 3.95848e-11
4.56667 0.3 2.6189e-11
4.63333 0.3 1.74879e-11
4.7 0.3 1.18663e-11
4.76667 0.3 8.27795e-12
4.83333 0.3 6.05436e-12
4.9 0.3 4.7811e-12
4.96667 0.3 4.22047e-12
0.0333333 0.366667 3.90498e-05
0.1 0.366667 2.7632e-05
0.166667 0.366667 8.05008e-06
0.233333 0.366667 2.31226e-05
0.3 0.366667 7.62011e-05
0.366667 0.366667 0.000308535
0.433333 0.366667 5.6898e-06
0.5 0.366667 1.07398e-05
0.566667 0.366667 5.76471e-06
0.633333 0.366667 1.15421e-05
0.7 0.366667 2.76711e-05
0.766667 0.366667 3.16019e-05
0.833333 0.366667 3.49073e-05
0.9 0.366667 1.35838e-05
0.966667 0.366667 9.24043e-06
1.03333 0.366667 6.50692e-06
1.1 0.366667 4.64865e-06
1.16667 0.366667 3.30964e-06
1.23333 0.366667 2.24991e-06
1.3 0.366667 1.31065e-06
1.36667 0.366667 3.9378e-07
1.43333 0.366667 4.59022e-07
1.5 0.366667 1.06821e-06
1.56667 0.366667 1.24372e-06
1.63333 0.366667 1.00514e-06
1.7 0.366667 5.70349e-07
1.76667 0.366667 1.72123e-07
1.83333 0.366667 8.66976e-08
1.9 0.366667 2.15519e-07
1.96667 0.366667 2.59886e-07
2.03333 0.366667 2.5839e-07
2.1 0.366667 2.35553e-07
2.16667 0.366667 2.04992e-07
2.23333 0.366667 1.73481e-07
2.3 0.366667 1.4389e-07
2.36667 0.366667 1.1703e-07
2.43333 0.366667 9.27279e-08
2.5 0.366667 7.04054e-08
2.56667 0.366667 4.93697e-08
2.63333 0.366667 2.89436e-08
2.7 0.366667 8.51439e-09
2.76667 0.366667 1.24451e-08
2.83333 0.366667 3.435e-08
2.9 0.366667 5.74511e-08
2.96667 0.366667 8.24588e-08
3.03333 0.366667 1.23733e-07
3.1 0.366667 1.30054e-07
3.16667 0.366667 8.52882e-08
3.23333 0.366667 3.08336e-08
3.3 0.366667 1.63996e-09
3.36667 0.366667 1.3708e-08
3.43333 0.366667 1.54974e-08
3.5 0.366667 1.34485e-08
3.56667 0.366667 1.04603e-08
3.63333 0.366667 7.67287e-09
3.7 0.366667 5.43075e-09
3.76667 0.366667 3.75452e-09
3.83333 0.366667 2.55384e-09
3.9 0.366667 1.71715e-09
3.96667 0.366667 1.14495e-09
4.03333 0.366667 7.58813e-10
4.1 0.366667 5.00755e-10
4.16667 0.366667 3.29527e-10
4.23333 0.366667 2.16521e-10
4.3 0.366667 1.4224e-10
4.36667 0.366667 9.35627e-11
4.43333 0.366667 6.17399e-11
4.5 0.366667 4.09767e-11
4.56667 0.366667 2.7457e-11
4.63333 0.366667 1.86791e-11
4.7 0.366667 1.30111e-11
4.76667 0.366667 9.39623e-12
4.83333 0.366667 7.1594e-12
4.9 0.366667 5.88287e-12
4.96667 0.366667 5.32833e-12
0.0333333 0.433333 3.2937e-05
0.1 0.433333 2.4126e-05
0.166667 0.433333 1.01302e-05
0.233333 0.433333 5.08782e-06
0.3 0.433333 1.65448e-05
0.366667 0.433333 4.11753e-06
0.433333 0.433333 1.48151e-05
0.5 0.433333 1.28127e-05
0.566667 0.433333 8.52741e-06
0.633333 0.433333 1.20019e-05
0.7 0.433333 3.63743e-05
0.766667 0.433333 4.36584e-05
0.833333 0.433333 5.14486e-05
0.9 0.433333 1.42611e-05
0.966667 0.433333 1.00503e-05
1.03333 0.433333 7.3737e-06
1.1 0.433333 5.61507e-06
1.16667 0.433333 4.35766e-06
1.23333 0.433333 3.34969e-06
1.3 0.433333 2.40863e-06
1.36667 0.433333 1.36582e-06
1.43333 0.433333 1.07685e-08
1.5 0.433333 1.35675e-06
1.56667 0.433333 2.06208e-06
1.63333 0.433333 1.81e-06
1.7 0.433333 1.05849e-06
1.76667 0.433333 3.68827e-07
1.83333 0.433333 4.66266e-08
1.9 0.433333 2.42496e-07
1.96667 0.433333 3.12334e-07
2.03333 0.433333 3.18016e-07
2.1 0.433333 2.94404e-07
2.16667 0.433333 2.59729e-07
2.23333 0.433333 2.22811e-07
2.3 0.433333 1.87413e-07
2.36667 0.433333 1.54722e-07
2.43333 0.433333 1.24711e-07
2.5 0.433333 9.68624e-08
2.56667 0.433333 7.05137e-08
2.63333 0.433333 4.50205e-08
2.7 0.433333 1.9808e-08
2.76667 0.433333 5.61866e-09
2.83333 0.433333 3.16483e-08
2.9 0.433333 5.8417e-08
2.96667 0.433333 8.46201e-08
3.03333 0.433333 1.09432e-07
3.1 0.433333 2.92735e-07
3.16667 0.433333 2.45997e-07
3.23333 0.433333 8.08708e-08
3.3 0.433333 1.40518e-08
3.36667 0.433333 8.22409e-09
3.43333 0.433333 1.35285e-08
3.5 0.433333 1.2745e-08
3.56667 0.433333 1.02251e-08
3.63333 0.433333 7.60981e-09
3.7 0.433333 5.42757e-09
3.76667 0.433333 3.76885e-09
3.83333 0.433333 2.57043e-09
3.9 0.433333 1.73121e-09
3.96667 0.433333 1.15561e-09
4.03333 0.433333 7.66484e-10
4.1 0.433333 5.0615e-10
4.16667 0.433333 3.33309e-10
4.23333 0.433333 2.19208e-10
4.3 0.433333 1.44206e-10
4.36667 0.433333 9.50624e-11
4.43333 0.433333 6.29433e-11
4.5 0.433333 4.19943e-11
4.56667 0.433333 2.83594e-11
4.63333 0.433333 1.95108e-11
4.7 0.433333 1.38002e-11
4.76667 0.433333 1.01604e-11
4.83333 0.433333 7.91016e-12
4.9 0.433333 6.62845e-12
4.96667 0.433333 6.07637e-12
0.0333333 0.5 2.21546e-05
0.1 0.5 1.69629e-05
0.166667 0.5 9.52079e-06
0.233333 0.5 4.29432e-06
0.3 0.5 2.78369e-06
0.366667 0.5 7.94968e-06
0.433333 0.5 1.1819e-05
0.5 0.5 8.56143e-06
0.566667 0.5 5.25816e-06
0.633333 0.5 1.05264e-05
0.7 0.5 3.295e-05
0.766667 0.5 4.20618e-05
0.833333 0.5 5.08362e-05
0.9 0.5 1.49264e-05
0.966667 0.5 1.05021e-05
1.03333 0.5 7.86713e-06
1.1 0.5 6.22633e-06
1.16667 0.5 5.10428e-06
1.23333 0.5 4.24884e-06
1.3 0.5 3.48806e-06
1.36667 0.5 2.66758e-06
1.43333 0.5 1.6131e-06
1.5 0.5 1.27804e-06
1.56667 0.5 3.34272e-06
1.63333 0.5 3.28914e-06
1.7 0.5 1.81165e-06
1.76667 0.5 5.95623e-07
1.83333 0.5 1.13627e-09
1.9 0.5 2.55059e-07
1.96667 0.5 3.43272e-07
2.03333 0.5 3.52018e-07
2.1 0.5 3.26159e-07
2.16667 0.5 2.87702e-07
2.23333 0.5 2.46858e-07
2.3 0.5 2.07843e-07
2.36667 0.5 1.71944e-07
2.43333 0.5 1.3911e-07
2.5 0.5 1.08773e-07
2.56667 0.5 8.02312e-08
2.63333 0.5 5.28271e-08
2.7 0.5 2.60031e-08
2.76667 0.5 6.74121e-10
2.83333 0.5 2.74462e-08
2.9 0.5 5.39498e-08
2.96667 0.5 7.76358e-08
3.03333 0.5 6.95339e-08
3.1 0.5 2.6147e-07
3.16667 0.5 3.88655e-07
3.23333 0.5 1.04088e-07
3.3 0.5 2.07184e-08
3.36667 0.5 6.12852e-09
3.43333 0.5 1.28378e-08
3.5 0.5 1.25244e-08
3.56667 0.5 1.01655e-08
3.63333 0.5 7.60358e-09
3.7 0.5 5.43668e-09
3.76667 0.5 3.78025e-09
3.83333 0.5 2.58016e-09
3.9 0.5 1.73852e-09
3.96667 0.5 1.16079e-09
4.03333 0.5 7.70042e-10
4.1 0.5 5.08565e-10
4.16667 0.5 3.3495e-10
4.23333 0.5 2.2034e-10
4.3 0.5 1.45009e-10
4.36667 0.5 9.5657e-11
4.43333 0.5 6.34067e-11
4.5 0.5 4.23762e-11
4.56667 0.5 2.8691e-11
4.63333 0.5 1.98119e-11
4.7 0.5 1.40828e-11
4.76667 0.5 1.04321e-11
4.83333 0.5 8.17579e-12
4.9 0.5 6.89153e-12
4.96667 0.5 6.34007e-12
0.0333333 0.566667 1.12477e-05
0.1 0.566667 8.89338e-06
0.166667 0.566667 5.42958e-06
0.233333 0.566667 3.51253e-06
0.3 0.566667 4.02195e-06
0.366667 0.566667 5.31414e-06
0.433333 0.566667 4.48824e-06
0.5 0.566667 7.7009e-07
0.566667 0.566667 2.49063e-06
0.633333 0.566667 2.14464e-05
0.7 0.566667 4.23255e-05
0.766667 0.566667 4.66474e-05
0.833333 0.566667 5.20813e-05
0.9 0.566667 1.47813e-05
0.966667 0.566667 1.04508e-05
1.03333 0.566667 7.85362e-06
1.1 0.566667 6.2794e-06
1.16667 0.566667 5.25037e-06
1.23333 0.566667 4.5153e-06
1.3 0.566667 3.9186e-06
1.36667 0.566667 3.37467e-06
1.43333 0.566667 2.91199e-06
1.5 0.566667 3.97546e-06
1.56667 0.566667 6.46992e-06
1.63333 0.566667 6.82043e-06
1.7 0.566667 2.5036e-06
1.76667 0.566667 7.63926e-07
1.83333 0.566667 4.11313e-08
1.9 0.566667 2.48761e-07
1.96667 0.566667 3.43069e-07
2.03333 0.566667 3.50328e-07
2.1 0.566667 3.21622e-07
2.16667 0.566667 2.80838e-07
2.23333 0.566667 2.38593e-07
2.3 0.566667 1.9903e-07
2.36667 0.566667 1.63242e-07
2.43333 0.566667 1.30986e-07
2.5 0.566667 1.01531e-07
2.56667 0.566667 7.4043e-08
2.63333 0.566667 4.77524e-08
2.7 0.566667 2.19958e-08
2.76667 0.566667 3.77847e-09
2.83333 0.566667 2.99867e-08
2.9 0.566667 5.67543e-08
2.96667 0.566667 8.26824e-08
3.03333 0.566667 1.0635e-07
3.1 0.566667 2.90456e-07
3.16667 0.566667 2.45606e-07
3.23333 0.566667 8.10192e-08
3.3 0.566667 1.41407e-08
3.36667 0.566667 8.1787e-09
3.43333 0.566667 1.35065e-08
3.5 0.566667 1.27345e-08
3.56667 0.566667 1.02201e-08
3.63333 0.566667 7.60741e-09
3.7 0.566667 5.42642e-09
3.76667 0.566667 3.7683e-09
3.83333 0.566667 2.57017e-09
3.9 0.566667 1.73109e-09
3.96667 0.566667 1.15555e-09
4.03333 0.566667 7.66454e-10
4.1 0.566667 5.06136e-10
4.16667 0.566667 3.33302e-10
4.23333 0.566667 2.19205e-10
4.3 0.566667 1.44204e-10
4.36667 0.566667 9.50616e-11
4.43333 0.566667 6.29429e-11
4.5 0.566667 4.19941e-11
4.56667 0.566667 2.83593e-11
4.63333 0.566667 1.95108e-11
4.7 0.566667 1.38002e-11
4.76667 0.566667 1.01604e-11
4.83333 0.566667 7.91015e-12
4.9 0.566667 6.62845e-12
4.96667 0.566667 6.07636e-12
0.0333333 0.633333 3.37016e-06
0.1 0.633333 2.61468e-06
0.166667 0.633333 1.21931e-06
0.233333 0.633333 5.25762e-07
0.3 0.633333 4.48612e-07
0.366667 0.633333 1.25488e-07
0.433333 0.633333 2.32002e-06
0.5 0.633333 6.1565e-06
0.566667 0.633333 1.04836e-05
0.633333 0.633333 2.57337e-05
0.7 0.633333 3.77902e-05
0.766667 0.633333 3.74456e-05
0.833333 0.633333 3.70878e-05
0.9 0.633333 1.44849e-05
0.966667 0.633333 9.75203e-06
1.03333 0.633333 7.2161e-06
1.1 0.633333 5.65686e-06
1.16667 0.633333 4.64612e-06
1.23333 0.633333 3.92291e-06
1.3 0.633333 3.3127e-06
1.36667 0.633333 2.68761e-06
1.43333 0.633333 2.05317e-06
1.5 0.633333 1.48559e-06
1.56667 0.633333 6.40377e-06
1.63333 0.633333 8.02327e-06
1.7 0.633333 2.50735e-06
1.76667 0.633333 7.46875e-07
1.83333 0.633333 3.81252e-08
1.9 0.633333 2.33461e-07
1.96667 0.633333 3.14524e-07
2.03333 0.633333 3.13903e-07
2.1 0.633333 2.81585e-07
2.16667 0.633333 2.40261e-07
2.23333 0.633333 1.99553e-07
2.3 0.633333 1.6287e-07
2.36667 0.633333 1.30797e-07
2.43333 0.633333 1.02748e-07
2.5 0.633333 7.77624e-08
2.56667 0.633333 5.48422e-08
2.63333 0.633333 3.30877e-08
2.7 0.633333 1.17291e-08
2.76667 0.633333 9.86957e-09
2.83333 0.633333 3.21984e-08
2.9 0.633333 5.55644e-08
2.96667 0.633333 8.07454e-08
3.03333 0.633333 1.22596e-07
3.1 0.633333 1.29676e-07
3.16667 0.633333 8.53941e-08
3.23333 0.633333 3.10539e-08
3.3 0.633333 1.49733e-09
3.36667 0.633333 1.36342e-08
3.43333 0.633333 1.5461e-08
3.5 0.633333 1.34309e-08
3.56667 0.633333 1.04518e-08
3.63333 0.633333 7.66881e-09
3.7 0.633333 5.4288e-09
3.76667 0.633333 3.75358e-09
3.83333 0.633333 2.55339e-09
3.9 0.633333 1.71693e-09
3.96667 0.633333 1.14484e-09
4.03333 0.633333 7.58762e-10
4.1 0.633333 5.0073e-10
4.16667 0.633333 3.29515e-10
4.23333 0.633333 2.16515e-10
4.3 0.633333 1.42237e-10
4.36667 0.633333 9.35613e-11
4.43333 0.633333 6.17392e-11
4.5 0.633333 4.09764e-11
4.56667 0.633333 2.74569e-11
4.63333 0.633333 1.8679e-11
4.7 0.633333 1.30111e-11
4.76667 0.633333 9.39621e-12
4.83333 0.633333 7.15938e-12
4.9 0.633333 5.88286e-12
4.96667 0.633333 5.32832e-12
0.0333333 0.7 7.68681e-07
0.1 0.7 9.22356e-07
0.166667 0.7 1.51067e-06
0.233333 0.7 2.0844e-06
0.3 0.7 2.8178e-06
0.366667 0.7 4.25489e-06
0.433333 0.7 6.79192e-06
0.5 0.7 1.03444e-05
0.566667 0.7 1.43773e-05
0.633333 0.7 1.78243e-05
0.7 0.7 1.94896e-05
0.766667 0.7 1.89772e-05
0.833333 0.7 1.63563e-05
0.9 0.7 1.23361e-05
0.966667 0.7 8.56289e-06
1.03333 0.7 6.01688e-06
1.1 0.7 4.43214e-06
1.16667 0.7 3.38064e-06
1.23333 0.7 2.60383e-06
1.3 0.7 1.89506e-06
1.36667 0.7 1.05858e-06
1.43333 0.7 1.92268e-07
1.5 0.7 2.73311e-06
1.56667 0.7 5.29473e-06
1.63333 0.7 4.11947e-06
1.7 0.7 1.77423e-06
1.76667 0.7 5.0593e-07
1.83333 0.7 2.42963e-08
1.9 0.7 2.20158e-07
1.96667 0.7 2.66573e-07
2.03333 0.7 2.50815e-07
2.1 0.7 2.13698e-07
2.16667 0.7 1.73302e-07
2.23333 0.7 1.3673e-07
2.3 0.7 1.05968e-07
2.36667 0.7 8.07975e-08
2.43333 0.7 6.01981e-08
2.5 0.7 4.29785e-08
2.56667 0.7 2.80323e-08
2.63333 0.7 1.44242e-08
2.7 0.7 1.42114e-09
2.76667 0.7 1.14617e-08
2.83333 0.7 2.43514e-08
2.9 0.7 3.68709e-08
2.96667 0.7 4.85415e-08
3.03333 0.7 5.11821e-08
3.1 0.7 3.80574e-08
3.16667 0.7 1.39584e-08
3.23333 0.7 7.60103e-09
3.3 0.7 1.85388e-08
3.36667 0.7 2.05983e-08
3.43333 0.7 1.83454e-08
3.5 0.7 1.46244e-08
3.56667 0.7 1.09388e-08
3.63333 0.7 7.85857e-09
3.7 0.7 5.49476e-09
3.76667 0.7 3.76976e-09
3.83333 0.7 2.55123e-09
3.9 0.7 1.7094e-09
3.96667 0.7 1.13691e-09
4.03333 0.7 7.52027e-10
4.1 0.7 4.95463e-10
4.16667 0.7 3.25515e-10
4.23333 0.7 2.13478e-10
4.3 0.7 1.39881e-10
4.36667 0.7 9.16684e-11
4.43333 0.7 6.0151e-11
4.5 0.7 3.95844e-11
4.56667 0.7 2.61888e-11
4.63333 0.7 1.74878e-11
4.7 0.7 1.18662e-11
4.76667 0.7 8.27793e-12
4.83333 0.7 6.05435e-12
4.9 0.7 4.78109e-12
4.96667 0.7 4.22046e-12
0.0333333 0.766667 2.01362e-06
0.1 0.766667 2.13681e-06
0.166667 0.766667 2.6754e-06
0.233333 0.766667 3.56553e-06
0.3 0.766667 4.92338e-06
0.366667 0.766667 6.92354e-06
0.433333 0.766667 9.58725e-06
0.5 0.766667 1.26625e-05
0.566667 0.766667 1.55734e-05
0.633333 0.766667 1.75146e-05
0.7 0.766667 1.78334e-05
0.766667 0.766667 1.63369e-05
0.833333 0.766667 1.34267e-05
0.9 0.766667 9.97204e-06
0.966667 0.766667 6.83605e-06
1.03333 0.766667 4.47076e-06
1.1 0.766667 2.87103e-06
1.16667 0.766667 1.80887e-06
1.23333 0.766667 1.05365e-06
1.3 0.766667 4.10931e-07
1.36667 0.766667 2.97355e-07
1.43333 0.766667 1.21528e-06
1.5 0.766667 2.11358e-06
1.56667 0.766667 2.27514e-06
1.63333 0.766667 1.61346e-06
1.7 0.766667 7.21579e-07
1.76667 0.766667 1.21753e-07
1.83333 0.766667 1.46495e-07
1.9 0.766667 2.25626e-07
1.96667 0.766667 2.18157e-07
2.03333 0.766667 1.79207e-07
2.1 0.766667 1.34733e-07
2.16667 0.766667 9.53408e-08
2.23333 0.766667 6.4167e-08
2.3 0.766667 4.10791e-08
2.36667 0.766667 2.47633e-08
2.43333 0.766667 1.36729e-08
2.5 0.766667 6.40499e-09
2.56667 0.766667 1.80846e-09
2.63333 0.766667 1.00862e-09
2.7 0.766667 2.68493e-09
2.76667 0.766667 3.57239e-09
2.83333 0.766667 3.64789e-09
2.9 0.766667 2.42568e-09
2.96667 0.766667 1.513e-09
3.03333 0.766667 9.32806e-09
3.1 0.766667 1.99235e-08
3.16667 0.766667 2.93893e-08
3.23333 0.766667 3.38872e-08
3.3 0.766667 3.27025e-08
3.36667 0.766667 2.78976e-08
3.43333 0.766667 2.19617e-08
3.5 0.766667 1.64107e-08
3.56667 0.766667 1.182e-08
3.63333 0.766667 8.29191e-09
3.7 0.766667 5.70594e-09
3.76667 0.766667 3.87092e-09
3.83333 0.766667 2.59828e-09
3.9 0.766667 1.73018e-09
3.96667 0.766667 1.1452e-09
4.03333 0.766667 7.54563e-10
4.1 0.766667 4.95464e-10
4.16667 0.766667 3.24483e-10
4.23333 0.766667 2.12083e-10
4.3 0.766667 1.38405e-10
4.36667 0.766667 9.02139e-11
4.43333 0.766667 5.87455e-11
4.5 0.766667 3.82267e-11
4.56667 0.766667 2.48686e-11
4.63333 0.766667 1.61938e-11
4.7 0.766667 1.05886e-11
4.76667 0.766667 7.0088e-12
4.83333 0.766667 4.78715e-12
4.9 0.766667 3.50976e-12
4.96667 0.766667 2.93848e-12
0.0333333 0.833333 1.66156e-06
0.1 0.833333 1.99334e-06
0.166667 0.833333 2.84987e-06
0.233333 0.833333 4.28967e-06
0.3 0.833333 6.34524e-06
0.366667 0.833333 8.94493e-06
0.433333 0.833333 1.18391e-05
0.5 0.833333 1.45901e-05
0.566667 0.833333 1.66358e-05
0.633333 0.833333 1.74402e-05
0.7 0.833333 1.67032e-05
0.766667 0.833333 1.4532e-05
0.833333 0.833333 1.14368e-05
0.9 0.833333 8.11682e-06
0.966667 0.833333 5.16884e-06
1.03333 0.833333 2.89936e-06
1.1 0.833333 1.33329e-06
1.16667 0.833333 3.38968e-07
1.23333 0.833333 2.56532e-07
1.3 0.833333 6.1005e-07
1.36667 0.833333 8.35441e-07
1.43333 0.833333 9.57527e-07
1.5 0.833333 9.01285e-07
1.56667 0.833333 6.24303e-07
1.63333 0.833333 2.26342e-07
1.7 0.833333 1.07907e-07
1.76667 0.833333 2.77598e-07
1.83333 0.833333 3.04964e-07
1.9 0.833333 2.57503e-07
1.96667 0.833333 1.86446e-07
2.03333 0.833333 1.18284e-07
2.1 0.833333 6.33827e-08
2.16667 0.833333 2.36373e-08
2.23333 0.833333 2.63794e-09
2.3 0.833333 1.81664e-08
2.36667 0.833333 2.55795e-08
2.43333 0.833333 2.7029e-08
2.5 0.833333 2.41412e-08
2.56667 0.833333 1.81053e-08
2.63333 0.833333 9.79568e-09
2.7 0.833333 1.20314e-10
2.76667 0.833333 1.11007e-08
2.83333 0.833333 2.26581e-08
2.9 0.833333 3.42663e-08
2.96667 0.833333 4.51042e-08
3.03333 0.833333 5.38126e-08
3.1 0.833333 5.86554e-08
3.16667 0.833333 5.83678e-08
3.23333 0.833333 5.31082e-08
3.3 0.833333 4.45483e-08
3.36667 0.833333 3.49428e-08
3.43333 0.833333 2.60519e-08
3.5 0.833333 1.87263e-08
3.56667 0.833333 1.31117e-08
3.63333 0.833333 9.00444e-09
3.7 0.833333 6.09547e-09
3.76667 0.833333 4.08222e-09
3.83333 0.833333 2.71204e-09
3.9 0.833333 1.79093e-09
3.96667 0.833333 1.17729e-09
4.03333 0.833333 7.71212e-10
4.1 0.833333 5.03826e-10
4.16667 0.833333 3.28404e-10
4.23333 0.833333 2.13627e-10
4.3 0.833333 1.38675e-10
4.36667 0.833333 8.98011e-11
4.43333 0.833333 5.7966e-11
4.5 0.833333 3.72493e-11
4.56667 0.833333 2.37837e-11
4.63333 0.833333 1.50497e-11
4.7 0.833333 9.41092e-12
4.76667 0.833333 5.81082e-12
4.83333 0.833333 3.57503e-12
4.9 0.833333 2.28542e-12
4.96667 0.833333 1.7014e-12
0.0333333 0.9 8.26443e-07
0.1 0.9 1.4021e-06
0.166667 0.9 2.66618e-06
0.233333 0.9 4.69338e-06
0.3 0.9 7.43873e-06
0.366667 0.9 1.06569e-05
0.433333 0.9 1.38946e-05
0.5 0.9 1.65714e-05
0.566667 0.9 1.81235e-05
0.633333 0.9 1.8172e-05
0.7 0.9 1.66621e-05
0.766667 0.9 1.39037e-05
0.833333 0.9 1.04723e-05
0.9 0.9 7.00362e-06
0.966667 0.9 3.99266e-06
1.03333 0.9 1.69389e-06
1.1 0.9 1.43599e-07
1.16667 0.9 7.52641e-07
1.23333 0.9 1.1357e-06
1.3 0.9 1.14383e-06
1.36667 0.9 8.95187e-07
1.43333 0.9 4.92691e-07
1.5 0.9 4.08156e-08
1.56667 0.9 3.51027e-07
1.63333 0.9 5.94648e-07
1.7 0.9 6.6188e-07
1.76667 0.9 5.90971e-07
1.83333 0.9 4.51308e-07
1.9 0.9 3.01748e-07
1.96667 0.9 1.73983e-07
2.03333 0.9 7.78587e-08
2.1 0.9 1.18842e-08
2.16667 0.9 2.95537e-08
2.23333 0.9 5.25674e-08
2.3 0.9 6.23249e-08
2.36667 0.9 6.27113e-08
2.43333 0.9 5.64553e-08
2.5 0.9 4.54004e-08
2.56667 0.9 3.07945e-08
2.63333 0.9 1.35529e-08
2.7 0.9 5.50454e-09
2.76667 0.9 2.54382e-08
2.83333 0.9 4.4998e-08
2.9 0.9 6.25083e-08
2.96667 0.9 7.59646e-08
3.03333 0.9 8.34777e-08
3.1 0.9 8.39973e-08
3.16667 0.9 7.79123e-08
3.23333 0.9 6.70535e-08
3.3 0.9 5.40024e-08
3.36667 0.9 4.11353e-08
3.43333 0.9 2.99836e-08
3.5 0.9 2.11431e-08
3.56667 0.9 1.45537e-08
3.63333 0.9 9.84555e-09
3.7 0.9 6.57791e-09
3.76667 0.9 4.35562e-09
3.83333 0.9 2.86564e-09
3.9 0.9 1.87664e-09
3.96667 0.9 1.22482e-09
4.03333 0.9 7.97369e-10
4.1 0.9 5.18038e-10
4.16667 0.9 3.35946e-10
4.23333 0.9 2.17439e-10
4.3 0.9 1.40399e-10
4.36667 0.9 9.0352e-11
4.43333 0.9 5.78563e-11
4.5 0.9 3.67663e-11
4.56667 0.9 2.30888e-11
4.63333 0.9 1.42341e-11
4.7 0.9 8.52623e-12
4.76667 0.9 4.8862e-12
4.83333 0.9 2.62671e-12
4.9 0.9 1.32195e-12
4.96667 0.9 7.26795e-13
0.0333333 0.966667 2.33347e-07
0.1 0.966667 9.64899e-07
0.166667 0.966667 2.52047e-06
0.233333 0.966667 4.97146e-06
0.3 0.966667 8.22175e-06
0.366667 0.966667 1.19175e-05
0.433333 0.966667 1.5473e-05
0.5 0.966667 1.82068e-05
0.566667 0.966667 1.95369e-05
0.633333 0.966667 1.9163e-05
0.7 0.966667 1.71655e-05
0.766667 0.966667 1.39768e-05
0.833333 0.966667 1.02303e-05
0.9 0.966667 6.55728e-06
0.966667 0.966667 3.42343e-06
1.03333 0.966667 1.06458e-06
1.1 0.966667 4.82829e-07
1.16667 0.966667 1.30447e-06
1.23333 0.966667 1.53565e-06
1.3 0.966667 1.32188e-06
1.36667 0.966667 8.13506e-07
1.43333 0.966667 1.74687e-07
1.5 0.966667 4.23259e-07
1.56667 0.966667 8.3917e-07
1.63333 0.966667 1.00865e-06
1.7 0.966667 9.58581e-07
1.76667 0.966667 7.74368e-07
1.83333 0.966667 5.47206e-07
1.9 0.966667 3.38862e-07
1.96667 0.966667 1.75945e-07
2.03333 0.966667 6.13455e-08
2.1 0.966667 1.26236e-08
2.16667 0.966667 5.60286e-08
2.23333 0.966667 7.77661e-08
2.3 0.966667 8.45892e-08
2.36667 0.966667 8.12133e-08
2.43333 0.966667 7.07588e-08
2.5 0.966667 5.52285e-08
2.56667 0.966667 3.59282e-08
2.63333 0.966667 1.38283e-08
2.7 0.966667 1.01151e-08
2.76667 0.966667 3.46688e-08
2.83333 0.966667 5.81067e-08
2.9 0.966667 7.81923e-08
2.96667 0.966667 9.25116e-08
3.03333 0.966667 9.9168e-08
3.1 0.966667 9.75626e-08
3.16667 0.966667 8.87794e-08
3.23333 0.966667 7.52609e-08
3.3 0.966667 5.99273e-08
3.36667 0.966667 4.52487e-08
3.43333 0.966667 3.27296e-08
3.5 0.966667 2.29049e-08
3.56667 0.966667 1.56438e-08
3.63333 0.966667 1.05006e-08
3.7 0.966667 6.96329e-09
3.76667 0.966667 4.57901e-09
3.83333 0.966667 2.99384e-09
3.9 0.966667 1.94971e-09
3.96667 0.966667 1.26625e-09
4.03333 0.966667 8.20738e-10
4.1 0.966667 5.31122e-10
4.16667 0.966667 3.43176e-10
4.23333 0.966667 2.21337e-10
4.3 0.966667 1.42396e-10
4.36667 0.966667 9.12629e-11
4.43333 0.966667 5.81448e-11
4.5 0.966667 3.66972e-11
4.56667 0.966667 2.28141e-11
4.63333 0.966667 1.38411e-11
4.7 0.966667 8.06546e-12
4.76667 0.966667 4.38701e-12
4.83333 0.966667 2.10634e-12
4.9 0.966667 7.90447e-13
4.96667 0.966667 1.8966e-13
