0.0333333 0.0333333 1.28475e-06
0.1 0.0333333 4.46238e-06
0.166667 0.0333333 9.01289e-06
0.233333 0.0333333 1.19031e-05
0.3 0.0333333 1.02466e-05
0.366667 0.0333333 3.14387e-06
0.433333 0.0333333 7.41498e-06
0.5 0.0333333 1.77028e-05
0.566667 0.0333333 2.45714e-05
0.633333 0.0333333 2.67386e-05
0.7 0.0333333 2.45573e-05
0.766667 0.0333333 1.93922e-05
0.833333 0.0333333 1.28093e-05
0.9 0.0333333 5.93062e-06
0.966667 0.0333333 4.82892e-07
1.03333 0.0333333 5.72607e-06
1.1 0.0333333 9.06333e-06
1.16667 0.0333333 1.00449e-05
1.23333 0.0333333 8.91198e-06
1.3 0.0333333 6.57806e-06
1.36667 0.0333333 4.15141e-06
1.43333 0.0333333 2.39001e-06
1.5 0.0333333 1.46606e-06
1.56667 0.0333333 1.11386e-06
1.63333 0.0333333 9.61402e-07
1.7 0.0333333 7.78774e-07
1.76667 0.0333333 5.18555e-07
1.83333 0.0333333 2.13202e-07
1.9 0.0333333 1.30269e-07
1.96667 0.0333333 5.47415e-07
2.03333 0.0333333 1.03842e-06
2.1 0.0333333 1.45611e-06
2.16667 0.0333333 1.46689e-06
2.23333 0.0333333 6.92724e-07
2.3 0.0333333 9.69927e-07
2.36667 0.0333333 3.08478e-06
2.43333 0.0333333 4.80822e-06
2.5 0.0333333 5.43296e-06
2.56667 0.0333333 4.87016e-06
2.63333 0.0333333 3.6051e-06
2.7 0.0333333 2.25253e-06
2.76667 0.0333333 1.19201e-06
2.83333 0.0333333 5.13842e-07
2.9 0.0333333 1.48906e-07
2.96667 0.0333333 1.06071e-08
3.03333 0.0333333 5.60136e-08
3.1 0.0333333 5.02564e-08
3.16667 0.0333333 3.02497e-08
3.23333 0.0333333 1.31148e-08
3.3 0.0333333 3.40448e-09
3.36667 0.0333333 3.17132e-10
3.43333 0.0333333 9.13488e-10
3.5 0.0333333 5.20109e-10
3.56667 0.0333333 1.41521e-10
3.63333 0.0333333 1.60079e-11
3.7 0.0333333 6.21225e-11
3.76667 0.0333333 1.50509e-10
3.83333 0.0333333 2.03471e-10
3.9 0.0333333 2.0045e-10
3.96667 0.0333333 1.53519e-10
4.03333 0.0333333 8.45034e-11
4.1 0.0333333 1.23727e-11
4.16667 0.0333333 5.08019e-11
4.23333 0.0333333 9.93004e-11
4.3 0.0333333 1.31673e-10
4.36667 0.0333333 1.48699e-10
4.43333 0.0333333 1.51932e-10
4.5 0.0333333 1.42865e-10
4.56667 0.0333333 1.22547e-10
4.63333 0.0333333 9.18128e-11
4.7 0.0333333 5.44442e-11
4.76667 0.0333333 2.04241e-11
4.83333 0.0333333 4.13676e-13
4.9 0.0333333 4.27784e-12
4.96667 0.0333333 2.19363e-12
0.0333333 0.1 4.93881e-06
0.1 0.1 6.3053e-06
0.166667 0.1 8.4899e-06
0.233333 0.1 1.01775e-05
0.3 0.1 9.61865e-06
0.366667 0.1 6.00552e-06
0.433333 0.1 4.33763e-09
0.5 0.1 6.95404e-06
0.566667 0.1 1.30528e-05
0.633333 0.1 1.65242e-05
0.7 0.1 1.64721e-05
0.766667 0.1 1.34036e-05
0.833333 0.1 8.7636e-06
0.9 0.1 4.06212e-06
0.966667 0.1 1.35991e-07
1.03333 0.1 2.81172e-06
1.1 0.1 4.76072e-06
1.16667 0.1 5.61996e-06
1.23333 0.1 5.35761e-06
1.3 0.1 4.22e-06
1.36667 0.1 2.72148e-06
1.43333 0.1 1.39951e-06
1.5 0.1 5.76691e-07
1.56667 0.1 2.85218e-07
1.63333 0.1 3.3681e-07
1.7 0.1 4.81231e-07
1.76667 0.1 5.45797e-07
1.83333 0.1 4.67096e-07
1.9 0.1 2.45731e-07
1.96667 0.1 8.84674e-08
2.03333 0.1 4.6254e-07
2.1 0.1 7.26956e-07
2.16667 0.1 6.62442e-07
2.23333 0.1 6.92022e-08
2.3 0.1 1.06817e-06
2.36667 0.1 2.49711e-06
2.43333 0.1 3.72632e-06
2.5 0.1 4.28065e-06
2.56667 0.1 3.96764e-06
2.63333 0.1 3.04191e-06
2.7 0.1 1.97771e-06
2.76667 0.1 1.10642e-06
2.83333 0.1 5.24587e-07
2.9 0.1 1.86331e-07
2.96667 0.1 1.90863e-08
3.03333 0.1 4.31269e-08
3.1 0.1 5.03162e-08
3.16667 0.1 3.59746e-08
3.23333 0.1 1.90394e-08
3.3 0.1 7.22278e-09
3.36667 0.1 1.33308e-09
3.43333 0.1 6.28543e-10
3.5 0.1 8.14611e-10
3.56667 0.1 5.40046e-10
3.63333 0.1 3.23309e-10
3.7 0.1 2.44696e-10
3.76667 0.1 2.38901e-10
3.83333 0.1 2.3867e-10
3.9 0.1 2.1351e-10
3.96667 0.1 1.62459e-10
4.03333 0.1 9.74752e-11
4.1 0.1 3.16522e-11
4.16667 0.1 2.5843e-11
4.23333 0.1 7.04817e-11
4.3 0.1 1.01264e-10
4.36667 0.1 1.19348e-10
4.43333 0.1 1.27112e-10
4.5 0.1 1.27873e-10
4.56667 0.1 1.26399e-10
4.63333 0.1 1.28306e-10
4.7 0.1 1.29166e-10
4.76667 0.1 1.08298e-10
4.83333 0.1 6.1656e-11
4.9 0.1 1.65218e-11
4.96667 0.1 4.93053e-12
0.0333333 0.166667 1.1547e-05
0.1 0.166667 9.84942e-06
0.166667 0.166667 7.96495e-06
0.233333 0.166667 6.41465e-06
0.3 0.166667 6.93255e-06
0.366667 0.166667 9.85031e-06
0.433333 0.166667 1.23615e-05
0.5 0.166667 1.13003e-05
0.566667 0.166667 6.77929e-06
0.633333 0.166667 4.3477e-07
0.7 0.166667 4.9446e-06
0.766667 0.166667 5.8177e-06
0.833333 0.166667 3.46144e-06
0.9 0.166667 1.22317e-06
0.966667 0.166667 8.17822e-07
1.03333 0.166667 1.83606e-06
1.1 0.166667 2.6652e-06
1.16667 0.166667 2.18463e-06
1.23333 0.166667 7.5789e-07
1.3 0.166667 4.45425e-07
1.36667 0.166667 6.72485e-07
1.43333 0.166667 1.66087e-08
1.5 0.166667 8.85982e-07
1.56667 0.166667 1.35094e-06
1.63333 0.166667 1.12761e-06
1.7 0.166667 5.14269e-07
1.76667 0.166667 5.50195e-08
1.83333 0.166667 3.26996e-07
1.9 0.166667 2.96567e-07
1.96667 0.166667 1.40679e-07
2.03333 0.166667 1.13846e-07
2.1 0.166667 4.20696e-07
2.16667 0.166667 1.0557e-06
2.23333 0.166667 1.73541e-06
2.3 0.166667 2.05679e-06
2.36667 0.166667 1.77886e-06
2.43333 0.166667 1.66856e-06
2.5 0.166667 2.0642e-06
2.56667 0.166667 2.48541e-06
2.63333 0.166667 2.30647e-06
2.7 0.166667 1.69586e-06
2.76667 0.166667 1.09866e-06
2.83333 0.166667 6.21598e-07
2.9 0.166667 2.9092e-07
2.96667 0.166667 8.81396e-08
3.03333 0.166667 1.62402e-08
3.1 0.166667 5.24073e-08
3.16667 0.166667 4.92783e-08
3.23333 0.166667 3.13201e-08
3.3 0.166667 1.41672e-08
3.36667 0.166667 3.65605e-09
3.43333 0.166667 7.78673e-10
3.5 0.166667 1.76015e-09
3.56667 0.166667 1.43968e-09
3.63333 0.166667 9.21553e-10
3.7 0.166667 5.62769e-10
3.76667 0.166667 3.77455e-10
3.83333 0.166667 2.89087e-10
3.9 0.166667 2.34381e-10
3.96667 0.166667 1.83581e-10
4.03333 0.166667 1.30327e-10
4.1 0.166667 7.81919e-11
4.16667 0.166667 3.22769e-11
4.23333 0.166667 4.18746e-12
4.3 0.166667 3.04325e-11
4.36667 0.166667 4.77516e-11
4.43333 0.166667 5.9142e-11
4.5 0.166667 6.95078e-11
4.56667 0.166667 8.65888e-11
4.63333 0.166667 1.24966e-10
4.7 0.166667 2.1018e-10
4.76667 0.166667 3.00055e-10
4.83333 0.166667 2.32504e-10
4.9 0.166667 7.12742e-11
4.96667 0.166667 3.78372e-12
0.0333333 0.233333 1.91753e-05
0.1 0.233333 1.4154e-05
0.166667 0.233333 6.32906e-06
0.233333 0.233333 1.21294e-06
0.3 0.233333 6.06645e-06
0.366667 0.233333 7.00145e-06
0.433333 0.233333 2.7594e-05
0.5 0.233333 3.20945e-05
0.566667 0.233333 2.91536e-05
0.633333 0.233333 2.19278e-05
0.7 0.233333 5.24367e-06
0.766667 0.233333 2.38233e-06
0.833333 0.233333 2.26e-06
0.9 0.233333 5.79003e-07
0.966667 0.233333 2.16912e-06
1.03333 0.233333 7.6771e-06
1.1 0.233333 1.25477e-05
1.16667 0.233333 1.25364e-05
1.23333 0.233333 8.06318e-06
1.3 0.233333 2.90605e-06
1.36667 0.233333 8.30136e-08
1.43333 0.233333 2.1021e-07
1.5 0.233333 1.88424e-06
1.56667 0.233333 3.24367e-06
1.63333 0.233333 3.29047e-06
1.7 0.233333 2.3868e-06
1.76667 0.233333 1.41537e-06
1.83333 0.233333 9.36818e-07
1.9 0.233333 9.54928e-07
1.96667 0.233333 1.03587e-06
2.03333 0.233333 5.30912e-07
2.1 0.233333 1.06358e-06
2.16667 0.233333 3.5664e-06
2.23333 0.233333 5.68539e-06
2.3 0.233333 5.72129e-06
2.36667 0.233333 2.63516e-06
2.43333 0.233333 2.89023e-06
2.5 0.233333 2.81349e-06
2.56667 0.233333 1.7758e-07
2.63333 0.233333 1.28979e-06
2.7 0.233333 1.53585e-06
2.76667 0.233333 1.23446e-06
2.83333 0.233333 8.31546e-07
2.9 0.233333 4.75511e-07
2.96667 0.233333 2.03106e-07
3.03333 0.233333 2.35622e-08
3.1 0.233333 6.33715e-08
3.16667 0.233333 7.69489e-08
3.23333 0.233333 5.29761e-08
3.3 0.233333 2.4061e-08
3.36667 0.233333 5.47377e-09
3.43333 0.233333 2.27351e-09
3.5 0.233333 3.76287e-09
3.56667 0.233333 2.91871e-09
3.63333 0.233333 1.7531e-09
3.7 0.233333 9.3808e-10
3.76667 0.233333 5.11973e-10
3.83333 0.233333 3.2938e-10
3.9 0.233333 2.56946e-10
3.96667 0.233333 2.19409e-10
4.03333 0.233333 1.87152e-10
4.1 0.233333 1.54144e-10
4.16667 0.233333 1.22632e-10
4.23333 0.233333 9.57316e-11
4.3 0.233333 7.49016e-11
4.36667 0.233333 5.95811e-11
4.43333 0.233333 4.74456e-11
4.5 0.233333 3.4682e-11
4.56667 0.233333 1.61169e-11
4.63333 0.233333 1.26174e-11
4.7 0.233333 7.9172e-11
4.76667 0.233333 3.71318e-10
4.83333 0.233333 7.26749e-10
4.9 0.233333 1.05646e-10
4.96667 0.233333 1.0693e-11
0.0333333 0.3 2.48754e-05
0.1 0.3 1.76338e-05
0.166667 0.3 4.56304e-06
0.233333 0.3 1.58244e-05
0.3 0.3 4.32886e-05
0.366667 0.3 1.37e-05
0.433333 0.3 4.02725e-05
0.5 0.3 4.5215e-05
0.566667 0.3 4.36361e-05
0.633333 0.3 4.0609e-05
0.7 0.3 1.43433e-05
0.766667 0.3 6.32227e-06
0.833333 0.3 1.14548e-05
0.9 0.3 5.42124e-06
0.966667 0.3 2.91157e-06
1.03333 0.3 1.15574e-05
1.1 0.3 2.30203e-05
1.16667 0.3 2.39657e-05
1.23333 0.3 1.45457e-05
1.3 0.3 2.92943e-06
1.36667 0.3 3.97672e-06
1.43333 0.3 4.24339e-06
1.5 0.3 3.64246e-08
1.56667 0.3 4.1183e-06
1.63333 0.3 5.28533e-06
1.7 0.3 4.40493e-06
1.76667 0.3 3.26458e-06
1.83333 0.3 2.94722e-06
1.9 0.3 3.48812e-06
1.96667 0.3 4.15948e-06
2.03333 0.3 3.72812e-06
2.1 0.3 6.66352e-07
2.16667 0.3 5.53066e-06
2.23333 0.3 1.22111e-05
2.3 0.3 1.45753e-05
2.36667 0.3 8.8527e-06
2.43333 0.3 7.1347e-06
2.5 0.3 2.03321e-05
2.56667 0.3 5.23037e-06
2.63333 0.3 3.06591e-07
2.7 0.3 1.51429e-06
2.76667 0.3 1.46242e-06
2.83333 0.3 1.11225e-06
2.9 0.3 7.3295e-07
2.96667 0.3 3.78592e-07
3.03333 0.3 8.55825e-08
3.1 0.3 9.05923e-08
3.16667 0.3 1.30405e-07
3.23333 0.3 8.79312e-08
3.3 0.3 3.53587e-08
3.36667 0.3 4.43702e-09
3.43333 0.3 6.31931e-09
3.5 0.3 7.17767e-09
3.56667 0.3 4.91948e-09
3.63333 0.3 2.64677e-09
3.7 0.3 1.2254e-09
3.76667 0.3 5.57738e-10
3.83333 0.3 3.23034e-10
3.9 0.3 2.70832e-10
3.96667 0.3 2.69e-10
4.03333 0.3 2.67272e-10
4.1 0.3 2.55225e-10
4.16667 0.3 2.36251e-10
4.23333 0.3 2.15694e-10
4.3 0.3 1.96947e-10
4.36667 0.3 1.80986e-10
4.43333 0.3 1.67094e-10
4.5 0.3 1.54105e-10
4.56667 0.3 1.43008e-10
4.63333 0.3 1.42508e-10
4.7 0.3 2.34659e-10
4.76667 0.3 4.10542e-10
4.83333 0.3 2.79688e-10
4.9 0.3 1.17562e-10
4.96667 0.3 3.13221e-11
0.0333333 0.366667 2.58695e-05
0.1 0.366667 1.85549e-05
0.166667 0.366667 5.12992e-06
0.233333 0.366667 1.71199e-05
0.3 0.366667 6.46214e-05
0.366667 0.366667 3.72555e-05
0.433333 0.366667 3.79488e-05
0.5 0.366667 4.65819e-05
0.566667 0.366667 4.18888e-05
0.633333 0.366667 3.2683e-05
0.7 0.366667 6.22587e-06
0.766667 0.366667 4.31977e-05
0.833333 0.366667 5.85964e-05
0.9 0.366667 3.6553e-05
0.966667 0.366667 8.96015e-08
1.03333 0.366667 5.07695e-06
1.1 0.366667 2.71179e-05
1.16667 0.366667 3.3156e-05
1.23333 0.366667 1.71687e-05
1.3 0.366667 3.00231e-06
1.36667 0.366667 1.5036e-05
1.43333 0.366667 1.50591e-05
1.5 0.366667 6.15597e-06
1.56667 0.366667 2.72873e-06
1.63333 0.366667 5.64028e-06
1.7 0.366667 4.64828e-06
1.76667 0.366667 3.28894e-06
1.83333 0.366667 3.42077e-06
1.9 0.366667 5.10555e-06
1.96667 0.366667 7.43784e-06
2.03333 0.366667 8.89923e-06
2.1 0.366667 6.96524e-06
2.16667 0.366667 2.89817e-06
2.23333 0.366667 1.89082e-05
2.3 0.366667 2.93069e-05
2.36667 0.366667 2.46934e-05
2.43333 0.366667 6.5641e-07
2.5 0.366667 3.90791e-05
2.56667 0.366667 7.29766e-06
2.63333 0.366667 3.61504e-08
2.7 0.366667 1.57028e-06
2.76667 0.366667 1.64135e-06
2.83333 0.366667 1.34661e-06
2.9 0.366667 9.9944e-07
2.96667 0.366667 6.48381e-07
3.03333 0.366667 2.07013e-07
3.1 0.366667 1.48834e-07
3.16667 0.366667 2.39286e-07
3.23333 0.366667 1.46903e-07
3.3 0.366667 4.30114e-08
3.36667 0.366667 2.0216e-09
3.43333 0.366667 1.36877e-08
3.5 0.366667 1.18871e-08
3.56667 0.366667 7.05017e-09
3.63333 0.366667 3.24886e-09
3.7 0.366667 1.20735e-09
3.76667 0.366667 4.1524e-10
3.83333 0.366667 2.37023e-10
3.9 0.366667 2.68636e-10
3.96667 0.366667 3.28818e-10
4.03333 0.366667 3.62531e-10
4.1 0.366667 3.66613e-10
4.16667 0.366667 3.51918e-10
4.23333 0.366667 3.28797e-10
4.3 0.366667 3.03514e-10
4.36667 0.366667 2.78661e-10
4.43333 0.366667 2.54636e-10
4.5 0.366667 2.3137e-10
4.56667 0.366667 2.10294e-10
4.63333 0.366667 1.98659e-10
4.7 0.366667 1.7752e-10
4.76667 0.366667 2.15846e-11
4.83333 0.366667 4.22384e-11
4.9 0.366667 6.8455e-11
4.96667 0.366667 4.66975e-11
0.0333333 0.433333 2.15206e-05
0.1 0.433333 1.6157e-05
0.166667 0.433333 7.66383e-06
0.233333 0.433333 2.62076e-06
0.3 0.433333 1.1611e-05
0.366667 0.433333 6.84537e-06
0.433333 0.433333 3.67687e-05
0.5 0.433333 3.88529e-05
0.566667 0.433333 2.95042e-05
0.633333 0.433333 1.28489e-05
0.7 0.433333 3.72461e-05
0.766667 0.433333 8.822e-05
0.833333 0.433333 0.00012162
0.9 0.433333 0.000112467
0.966667 0.433333 6.65368e-06
1.03333 0.433333 8.59445e-05
1.1 0.433333 1.35863e-05
1.16667 0.433333 3.60544e-05
1.23333 0.433333 1.47494e-05
1.3 0.433333 1.33943e-05
1.36667 0.433333 3.0691e-05
1.43333 0.433333 3.00485e-05
1.5 0.433333 1.48141e-05
1.56667 0.433333 8.617e-08
1.63333 0.433333 3.87834e-06
1.7 0.433333 1.25735e-06
1.76667 0.433333 1.02666e-06
1.83333 0.433333 5.24379e-07
1.9 0.433333 2.4745e-06
1.96667 0.433333 6.96611e-06
2.03333 0.433333 1.17638e-05
2.1 0.433333 1.53688e-05
2.16667 0.433333 1.26508e-05
2.23333 0.433333 1.79035e-05
2.3 0.433333 4.68011e-05
2.36667 0.433333 3.8558e-05
2.43333 0.433333 2.22826e-05
2.5 0.433333 1.12531e-05
2.56667 0.433333 4.18455e-06
2.63333 0.433333 4.13913e-07
2.7 0.433333 1.5504e-06
2.76667 0.433333 1.61302e-06
2.83333 0.433333 1.38142e-06
2.9 0.433333 1.10928e-06
2.96667 0.433333 8.69742e-07
3.03333 0.433333 6.77924e-07
3.1 0.433333 2.34818e-07
3.16667 0.433333 5.7055e-07
3.23333 0.433333 2.06665e-07
3.3 0.433333 3.89316e-08
3.36667 0.433333 1.59579e-08
3.43333 0.433333 2.41981e-08
3.5 0.433333 1.69963e-08
3.56667 0.433333 8.3882e-09
3.63333 0.433333 2.91962e-09
3.7 0.433333 5.56604e-10
3.76667 0.433333 4.10759e-11
3.83333 0.433333 3.46225e-11
3.9 0.433333 2.38342e-10
3.96667 0.433333 3.86858e-10
4.03333 0.433333 4.55095e-10
4.1 0.433333 4.65194e-10
4.16667 0.433333 4.43017e-10
4.23333 0.433333 4.06426e-10
4.3 0.433333 3.64979e-10
4.36667 0.433333 3.22486e-10
4.43333 0.433333 2.79559e-10
4.5 0.433333 2.35416e-10
4.56667 0.433333 1.88648e-10
4.63333 0.433333 1.33285e-10
4.7 0.433333 5.59219e-11
4.76667 0.433333 6.50389e-12
4.83333 0.433333 3.63392e-11
4.9 0.433333 3.59026e-11
4.96667 0.433333 4.72963e-11
0.0333333 0.5 1.39708e-05
0.1 0.5 1.11617e-05
0.166667 0.5 7.89262e-06
0.233333 0.5 6.23219e-06
0.3 0.5 8.05652e-06
0.366667 0.5 1.88044e-05
0.433333 0.5 2.88168e-05
0.5 0.5 2.77943e-05
0.566667 0.5 1.78598e-05
0.633333 0.5 1.3374e-06
0.7 0.5 5.50936e-05
0.766667 0.5 0.000108442
0.833333 0.5 0.000143781
0.9 0.5 0.000157705
0.966667 0.5 6.71164e-05
1.03333 0.5 0.000257707
1.1 0.5 3.06325e-06
1.16667 0.5 3.26136e-05
1.23333 0.5 9.08514e-06
1.3 0.5 2.25387e-05
1.36667 0.5 4.19556e-05
1.43333 0.5 4.37281e-05
1.5 0.5 2.0187e-05
1.56667 0.5 1.75736e-06
1.63333 0.5 2.57706e-06
1.7 0.5 5.42054e-06
1.76667 0.5 9.48438e-06
1.83333 0.5 9.03729e-06
1.9 0.5 5.10883e-06
1.96667 0.5 9.66225e-07
2.03333 0.5 8.40043e-06
2.1 0.5 1.73815e-05
2.16667 0.5 3.11781e-05
2.23333 0.5 6.93394e-06
2.3 0.5 4.22579e-05
2.36667 0.5 3.25872e-05
2.43333 0.5 1.50483e-05
2.5 0.5 3.99368e-06
2.56667 0.5 4.98684e-07
2.63333 0.5 8.78893e-07
2.7 0.5 1.30077e-06
2.76667 0.5 1.30855e-06
2.83333 0.5 1.14098e-06
2.9 0.5 9.25469e-07
2.96667 0.5 7.28108e-07
3.03333 0.5 6.71836e-07
3.1 0.5 6.20159e-07
3.16667 0.5 9.00165e-07
3.23333 0.5 2.13535e-07
3.3 0.5 1.62561e-08
3.36667 0.5 3.65963e-08
3.43333 0.5 3.5674e-08
3.5 0.5 2.01443e-08
3.56667 0.5 7.02693e-09
3.63333 0.5 5.49803e-10
3.7 0.5 1.18359e-09
3.76667 0.5 9.39594e-10
3.83333 0.5 3.08074e-10
3.9 0.5 1.71553e-10
3.96667 0.5 4.29017e-10
4.03333 0.5 5.25486e-10
4.1 0.5 5.29949e-10
4.16667 0.5 4.90111e-10
4.23333 0.5 4.32799e-10
4.3 0.5 3.70714e-10
4.36667 0.5 3.085e-10
4.43333 0.5 2.46849e-10
4.5 0.5 1.84938e-10
4.56667 0.5 1.21662e-10
4.63333 0.5 5.77273e-11
4.7 0.5 3.81547e-12
4.76667 0.5 2.75058e-11
4.83333 0.5 3.32954e-11
4.9 0.5 3.05073e-11
4.96667 0.5 3.80658e-11
0.0333333 0.566667 6.39304e-06
0.1 0.566667 5.47325e-06
0.166667 0.566667 4.70359e-06
0.233333 0.566667 5.53865e-06
0.3 0.566667 9.11586e-06
0.366667 0.566667 1.5096e-05
0.433333 0.566667 1.91747e-05
0.5 0.566667 1.77855e-05
0.566667 0.566667 1.16492e-05
0.633333 0.566667 3.81339e-06
0.7 0.566667 5.02286e-05
0.766667 0.566667 9.05978e-05
0.833333 0.566667 0.00010801
0.9 0.566667 7.58071e-05
0.966667 0.566667 0.000112685
1.03333 0.566667 0.000191614
1.1 0.566667 1.13111e-06
1.16667 0.566667 2.54442e-05
1.23333 0.566667 2.79335e-06
1.3 0.566667 2.53111e-05
1.36667 0.566667 4.0261e-05
1.43333 0.566667 3.48483e-05
1.5 0.566667 2.44118e-05
1.56667 0.566667 1.98903e-05
1.63333 0.566667 6.56022e-06
1.7 0.566667 9.99123e-06
1.76667 0.566667 1.81396e-05
1.83333 0.566667 1.79889e-05
1.9 0.566667 1.36191e-05
1.96667 0.566667 6.73611e-06
2.03333 0.566667 1.738e-06
2.1 0.566667 1.19738e-05
2.16667 0.566667 2.61485e-05
2.23333 0.566667 2.44179e-05
2.3 0.566667 1.25246e-05
2.36667 0.566667 1.83528e-05
2.43333 0.566667 1.10182e-05
2.5 0.566667 4.33885e-06
2.56667 0.566667 1.46091e-06
2.63333 0.566667 8.34912e-07
2.7 0.566667 8.10045e-07
2.76667 0.566667 7.97663e-07
2.83333 0.566667 6.91102e-07
2.9 0.566667 5.26402e-07
2.96667 0.566667 2.96017e-07
3.03333 0.566667 7.25064e-08
3.1 0.566667 8.07212e-07
3.16667 0.566667 6.82559e-07
3.23333 0.566667 1.5248e-07
3.3 0.566667 1.86831e-08
3.36667 0.566667 5.71901e-08
3.43333 0.566667 4.27117e-08
3.5 0.566667 1.63649e-08
3.56667 0.566667 5.37957e-10
3.63333 0.566667 5.43885e-09
3.7 0.566667 4.3598e-09
3.76667 0.566667 2.24622e-09
3.83333 0.566667 7.3051e-10
3.9 0.566667 9.21301e-11
3.96667 0.566667 4.53838e-10
4.03333 0.566667 5.6198e-10
4.1 0.566667 5.48294e-10
4.16667 0.566667 4.8454e-10
4.23333 0.566667 4.05486e-10
4.3 0.566667 3.25784e-10
4.36667 0.566667 2.50272e-10
4.43333 0.566667 1.79774e-10
4.5 0.566667 1.14304e-10
4.56667 0.566667 5.51842e-11
4.63333 0.566667 6.85389e-12
4.7 0.566667 2.45151e-11
4.76667 0.566667 3.57762e-11
4.83333 0.566667 3.22934e-11
4.9 0.566667 2.61539e-11
4.96667 0.566667 2.88021e-11
0.0333333 0.633333 1.00675e-06
0.1 0.633333 1.04056e-06
0.166667 0.633333 1.29707e-06
0.233333 0.633333 2.57683e-06
0.3 0.633333 5.11349e-06
0.366667 0.633333 8.27812e-06
0.433333 0.633333 1.03322e-05
0.5 0.633333 9.82734e-06
0.566667 0.633333 8.22473e-06
0.633333 0.633333 1.09269e-06
0.7 0.633333 3.34714e-05
0.766667 0.633333 5.46596e-05
0.833333 0.633333 5.21776e-05
0.9 0.633333 6.21349e-06
0.966667 0.633333 4.61316e-05
1.03333 0.633333 2.84127e-05
1.1 0.633333 7.37741e-06
1.16667 0.633333 1.49659e-05
1.23333 0.633333 2.86919e-06
1.3 0.633333 2.16442e-05
1.36667 0.633333 2.7676e-05
1.43333 0.633333 1.28914e-05
1.5 0.633333 3.85953e-05
1.56667 0.633333 8.88624e-05
1.63333 0.633333 2.56188e-05
1.7 0.633333 1.2316e-05
1.76667 0.633333 2.17415e-05
1.83333 0.633333 2.1955e-05
1.9 0.633333 1.75181e-05
1.96667 0.633333 1.03884e-05
2.03333 0.633333 1.72262e-06
2.1 0.633333 7.75007e-06
2.16667 0.633333 1.65803e-05
2.23333 0.633333 1.30165e-05
2.3 0.633333 3.24798e-07
2.36667 0.633333 6.95082e-06
2.43333 0.633333 5.65361e-06
2.5 0.633333 2.64006e-06
2.56667 0.633333 8.90925e-07
2.63333 0.633333 3.40965e-07
2.7 0.633333 2.74116e-07
2.76667 0.633333 2.65099e-07
2.83333 0.633333 1.67456e-07
2.9 0.633333 2.5785e-08
2.96667 0.633333 4.40159e-08
3.03333 0.633333 2.38463e-07
3.1 0.633333 3.70712e-07
3.16667 0.633333 2.56593e-07
3.23333 0.633333 6.57272e-08
3.3 0.633333 4.64514e-08
3.36667 0.633333 6.76697e-08
3.43333 0.633333 3.62728e-08
3.5 0.633333 3.61109e-09
3.56667 0.633333 2.06741e-08
3.63333 0.633333 1.62057e-08
3.7 0.633333 8.37541e-09
3.76667 0.633333 3.49854e-09
3.83333 0.633333 1.01974e-09
3.9 0.633333 8.39292e-11
3.96667 0.633333 4.9015e-10
4.03333 0.633333 5.74715e-10
4.1 0.633333 5.27322e-10
4.16667 0.633333 4.36503e-10
4.23333 0.633333 3.39822e-10
4.3 0.633333 2.50901e-10
4.36667 0.633333 1.73179e-10
4.43333 0.633333 1.06665e-10
4.5 0.633333 5.11742e-11
4.56667 0.633333 7.73003e-12
4.63333 0.633333 2.1612e-11
4.7 0.633333 3.54955e-11
4.76667 0.633333 3.57353e-11
4.83333 0.633333 2.82249e-11
4.9 0.633333 2.10077e-11
4.96667 0.633333 2.06007e-11
0.0333333 0.7 1.63161e-06
0.1 0.7 1.37272e-06
0.166667 0.7 9.72518e-07
0.233333 0.7 1.95649e-07
0.3 0.7 9.41006e-07
0.366667 0.7 2.12474e-06
0.433333 0.7 2.84159e-06
0.5 0.7 2.8354e-06
0.566667 0.7 2.89195e-06
0.633333 0.7 3.5123e-06
0.7 0.7 2.31292e-05
0.766667 0.7 2.9345e-05
0.833333 0.7 2.1448e-05
0.9 0.7 3.47016e-06
0.966667 0.7 6.37881e-06
1.03333 0.7 1.54153e-06
1.1 0.7 5.86365e-06
1.16667 0.7 3.08599e-06
1.23333 0.7 6.48196e-06
1.3 0.7 1.466e-05
1.36667 0.7 1.42013e-05
1.43333 0.7 9.25224e-07
1.5 0.7 3.06237e-05
1.56667 0.7 4.05485e-05
1.63333 0.7 1.26715e-05
1.7 0.7 1.08097e-05
1.76667 0.7 1.87453e-05
1.83333 0.7 1.89121e-05
1.9 0.7 1.49066e-05
1.96667 0.7 8.52768e-06
2.03333 0.7 1.03206e-06
2.1 0.7 6.29321e-06
2.16667 0.7 9.9537e-06
2.23333 0.7 7.63694e-06
2.3 0.7 2.10187e-06
2.36667 0.7 1.60087e-06
2.43333 0.7 2.03558e-06
2.5 0.7 1.03459e-06
2.56667 0.7 2.28939e-07
2.63333 0.7 6.5629e-08
2.7 0.7 8.7127e-08
2.76667 0.7 6.17869e-08
2.83333 0.7 1.07064e-07
2.9 0.7 8.64323e-08
2.96667 0.7 2.4377e-07
3.03333 0.7 9.09247e-08
3.1 0.7 1.56403e-07
3.16667 0.7 9.69916e-08
3.23333 0.7 4.97735e-09
3.3 0.7 5.17212e-08
3.36667 0.7 5.69636e-08
3.43333 0.7 1.97304e-08
3.5 0.7 6.95668e-08
3.56667 0.7 6.02891e-08
3.63333 0.7 2.57465e-08
3.7 0.7 1.05238e-08
3.76667 0.7 3.6603e-09
3.83333 0.7 7.75854e-10
3.9 0.7 3.04106e-10
3.96667 0.7 6.04583e-10
4.03333 0.7 5.98018e-10
4.1 0.7 4.91094e-10
4.16667 0.7 3.67681e-10
4.23333 0.7 2.57371e-10
4.3 0.7 1.67395e-10
4.36667 0.7 9.69628e-11
4.43333 0.7 4.33936e-11
4.5 0.7 4.46839e-12
4.56667 0.7 2.10852e-11
4.63333 0.7 3.41692e-11
4.7 0.7 3.64059e-11
4.76667 0.7 3.09746e-11
4.83333 0.7 2.24637e-11
4.9 0.7 1.56381e-11
4.96667 0.7 1.39057e-11
0.0333333 0.766667 2.15248e-06
0.1 0.766667 2.05233e-06
0.166667 0.766667 1.99109e-06
0.233333 0.766667 1.94852e-06
0.3 0.766667 1.93434e-06
0.366667 0.766667 2.02395e-06
0.433333 0.766667 2.33251e-06
0.5 0.766667 2.97474e-06
0.566667 0.766667 4.21132e-06
0.633333 0.766667 1.18956e-05
0.7 0.766667 2.2499e-05
0.766667 0.766667 2.16909e-05
0.833333 0.766667 1.57519e-05
0.9 0.766667 9.01261e-06
0.966667 0.766667 6.20876e-06
1.03333 0.766667 4.67778e-06
1.1 0.766667 3.19116e-07
1.16667 0.766667 3.29825e-06
1.23333 0.766667 4.89207e-06
1.3 0.766667 5.76672e-06
1.36667 0.766667 3.80667e-06
1.43333 0.766667 3.72409e-06
1.5 0.766667 1.31109e-05
1.56667 0.766667 1.3418e-05
1.63333 0.766667 3.36052e-06
1.7 0.766667 7.07201e-06
1.76667 0.766667 1.16301e-05
1.83333 0.766667 1.14069e-05
1.9 0.766667 8.44722e-06
1.96667 0.766667 4.0668e-06
2.03333 0.766667 6.56161e-07
2.1 0.766667 4.35605e-06
2.16667 0.766667 5.63401e-06
2.23333 0.766667 4.28783e-06
2.3 0.766667 1.85057e-06
2.36667 0.766667 1.44833e-07
2.43333 0.766667 3.03592e-07
2.5 0.766667 8.74829e-08
2.56667 0.766667 1.60235e-07
2.63333 0.766667 2.33087e-07
2.7 0.766667 1.88244e-07
2.76667 0.766667 1.13473e-07
2.83333 0.766667 1.678e-08
2.9 0.766667 1.90195e-07
2.96667 0.766667 3.09603e-07
3.03333 0.766667 1.3272e-08
3.1 0.766667 4.59137e-08
3.16667 0.766667 2.52709e-08
3.23333 0.766667 1.53929e-08
3.3 0.766667 4.06055e-08
3.36667 0.766667 3.63604e-08
3.43333 0.766667 1.14915e-08
3.5 0.766667 6.67565e-08
3.56667 0.766667 5.37487e-08
3.63333 0.766667 2.17226e-08
3.7 0.766667 7.1812e-09
3.76667 0.766667 1.53846e-09
3.83333 0.766667 4.49365e-10
3.9 0.766667 9.38754e-10
3.96667 0.766667 8.86936e-10
4.03333 0.766667 6.84636e-10
4.1 0.766667 4.77086e-10
4.16667 0.766667 3.08015e-10
4.23333 0.766667 1.82864e-10
4.3 0.766667 9.49706e-11
4.36667 0.766667 3.56438e-11
4.43333 0.766667 2.49473e-12
4.5 0.766667 2.48609e-11
4.56667 0.766667 3.52969e-11
4.63333 0.766667 3.67968e-11
4.7 0.766667 3.21774e-11
4.76667 0.766667 2.44002e-11
4.83333 0.766667 1.64142e-11
4.9 0.766667 1.06633e-11
4.96667 0.766667 8.62227e-12
0.0333333 0.833333 1.57227e-06
0.1 0.833333 1.75724e-06
0.166667 0.833333 2.20068e-06
0.233333 0.833333 2.91088e-06
0.3 0.833333 3.8382e-06
0.366667 0.833333 4.89545e-06
0.433333 0.833333 5.99622e-06
0.5 0.833333 7.14485e-06
0.566667 0.833333 8.45215e-06
0.633333 0.833333 1.03437e-05
0.7 0.833333 1.17445e-05
0.766667 0.833333 1.07413e-05
0.833333 0.833333 8.21334e-06
0.9 0.833333 6.4912e-06
0.966667 0.833333 7.25338e-06
1.03333 0.833333 1.14282e-05
1.1 0.833333 6.19229e-06
1.16667 0.833333 1.95469e-06
1.23333 0.833333 5.73314e-07
1.3 0.833333 6.25866e-07
1.36667 0.833333 7.04111e-07
1.43333 0.833333 1.95899e-06
1.5 0.833333 3.2227e-06
1.56667 0.833333 2.40613e-06
1.63333 0.833333 4.92725e-07
1.7 0.833333 3.23324e-06
1.76667 0.833333 4.18435e-06
1.83333 0.833333 3.44516e-06
1.9 0.833333 1.79434e-06
1.96667 0.833333 1.31175e-07
2.03333 0.833333 1.83302e-06
2.1 0.833333 2.84851e-06
2.16667 0.833333 2.90643e-06
2.23333 0.833333 2.18883e-06
2.3 0.833333 1.2638e-06
2.36667 0.833333 6.3043e-07
2.43333 0.833333 3.84529e-07
2.5 0.833333 3.35297e-07
2.56667 0.833333 2.98851e-07
2.63333 0.833333 2.20901e-07
2.7 0.833333 1.23493e-07
2.76667 0.833333 2.7624e-08
2.83333 0.833333 6.78016e-08
2.9 0.833333 1.29618e-07
2.96667 0.833333 1.00579e-07
3.03333 0.833333 4.14898e-08
3.1 0.833333 9.93896e-10
3.16667 0.833333 3.15949e-09
3.23333 0.833333 1.72554e-08
3.3 0.833333 2.70133e-08
3.36667 0.833333 2.72006e-08
3.43333 0.833333 2.07873e-08
3.5 0.833333 2.05402e-09
3.56667 0.833333 3.57946e-09
3.63333 0.833333 8.99652e-10
3.7 0.833333 2.26703e-09
3.76667 0.833333 3.18356e-09
3.83333 0.833333 2.78292e-09
3.9 0.833333 2.05211e-09
3.96667 0.833333 1.37831e-09
4.03333 0.833333 8.66822e-10
4.1 0.833333 5.12339e-10
4.16667 0.833333 2.7967e-10
4.23333 0.833333 1.33149e-10
4.3 0.833333 4.47665e-11
4.36667 0.833333 5.3781e-12
4.43333 0.833333 3.07722e-11
4.5 0.833333 4.0398e-11
4.56667 0.833333 4.02883e-11
4.63333 0.833333 3.46372e-11
4.7 0.833333 2.64986e-11
4.76667 0.833333 1.81411e-11
4.83333 0.833333 1.11673e-11
4.9 0.833333 6.53502e-12
4.96667 0.833333 4.6192e-12
0.0333333 0.9 7.41693e-07
0.1 0.9 1.18743e-06
0.166667 0.9 2.10173e-06
0.233333 0.9 3.464e-06
0.3 0.9 5.15729e-06
0.366667 0.9 6.95598e-06
0.433333 0.9 8.57276e-06
0.5 0.9 9.72225e-06
0.566667 0.9 1.00843e-05
0.633333 0.9 9.48357e-06
0.7 0.9 8.00994e-06
0.766667 0.9 5.96731e-06
0.833333 0.9 3.96528e-06
0.9 0.9 2.70247e-06
0.966667 0.9 2.793e-06
1.03333 0.9 4.5817e-06
1.1 0.9 1.68704e-06
1.16667 0.9 1.19299e-06
1.23333 0.9 1.67991e-06
1.3 0.9 1.27219e-06
1.36667 0.9 1.0768e-07
1.43333 0.9 1.18824e-06
1.5 0.9 2.14446e-06
1.56667 0.9 2.40048e-06
1.63333 0.9 1.77411e-06
1.7 0.9 4.10186e-07
1.76667 0.9 1.18923e-06
1.83333 0.9 2.44697e-06
1.9 0.9 3.04439e-06
1.96667 0.9 3.00012e-06
2.03333 0.9 2.53639e-06
2.1 0.9 1.91944e-06
2.16667 0.9 1.36396e-06
2.23333 0.9 9.88912e-07
2.3 0.9 8.01513e-07
2.36667 0.9 7.18145e-07
2.43333 0.9 6.32899e-07
2.5 0.9 4.92083e-07
2.56667 0.9 3.13059e-07
2.63333 0.9 1.4475e-07
2.7 0.9 2.12258e-08
2.76667 0.9 5.25399e-08
2.83333 0.9 8.4007e-08
2.9 0.9 8.04796e-08
2.96667 0.9 5.61764e-08
3.03333 0.9 2.94884e-08
3.1 0.9 1.45057e-08
3.16667 0.9 1.07309e-08
3.23333 0.9 1.31028e-08
3.3 0.9 1.78281e-08
3.36667 0.9 2.41727e-08
3.43333 0.9 2.89265e-08
3.5 0.9 3.0185e-08
3.56667 0.9 2.70862e-08
3.63333 0.9 2.04779e-08
3.7 0.9 1.38579e-08
3.76667 0.9 9.00323e-09
3.83333 0.9 5.62789e-09
3.9 0.9 3.39142e-09
3.96667 0.9 1.97641e-09
4.03333 0.9 1.10832e-09
4.1 0.9 5.88168e-10
4.16667 0.9 2.83624e-10
4.23333 0.9 1.10748e-10
4.3 0.9 1.75171e-11
4.36667 0.9 2.80318e-11
4.43333 0.9 4.55759e-11
4.5 0.9 4.73509e-11
4.56667 0.9 4.10606e-11
4.63333 0.9 3.15669e-11
4.7 0.9 2.185e-11
4.76667 0.9 1.35707e-11
4.83333 0.9 7.45551e-12
4.9 0.9 3.62484e-12
4.96667 0.9 1.90043e-12
0.0333333 0.966667 2.03408e-07
0.1 0.966667 8.1155e-07
0.166667 0.966667 2.03201e-06
0.233333 0.966667 3.81882e-06
0.3 0.966667 6.00191e-06
0.366667 0.966667 8.24972e-06
0.433333 0.966667 1.0094e-05
0.5 0.966667 1.10301e-05
0.566667 0.966667 1.06875e-05
0.633333 0.966667 9.02577e-06
0.7 0.966667 6.47844e-06
0.766667 0.966667 3.79039e-06
0.833333 0.966667 1.48335e-06
0.9 0.966667 5.86122e-07
0.966667 0.966667 3.26001e-06
1.03333 0.966667 7.39642e-06
1.1 0.966667 9.69992e-06
1.16667 0.966667 5.97971e-06
1.23333 0.966667 1.20696e-06
1.3 0.966667 3.51144e-07
1.36667 0.966667 1.34905e-06
1.43333 0.966667 3.1512e-06
1.5 0.966667 4.52599e-06
1.56667 0.966667 4.28874e-06
1.63333 0.966667 2.16225e-06
1.7 0.966667 9.88516e-07
1.76667 0.966667 3.8188e-06
1.83333 0.966667 5.36495e-06
1.9 0.966667 5.41449e-06
1.96667 0.966667 4.35675e-06
2.03333 0.966667 2.84778e-06
2.1 0.966667 1.5087e-06
2.16667 0.966667 7.10921e-07
2.23333 0.966667 4.85082e-07
2.3 0.966667 5.95288e-07
2.36667 0.966667 7.37571e-07
2.43333 0.966667 7.26227e-07
2.5 0.966667 5.5065e-07
2.56667 0.966667 3.06231e-07
2.63333 0.966667 9.29898e-08
2.7 0.966667 3.96457e-08
2.76667 0.966667 9.20985e-08
2.83333 0.966667 9.06414e-08
2.9 0.966667 6.612e-08
2.96667 0.966667 4.11277e-08
3.03333 0.966667 2.49208e-08
3.1 0.966667 1.62582e-08
3.16667 0.966667 1.14123e-08
3.23333 0.966667 9.65804e-09
3.3 0.966667 1.32804e-08
3.36667 0.966667 2.32746e-08
3.43333 0.966667 3.57275e-08
3.5 0.966667 4.32289e-08
3.56667 0.966667 4.13163e-08
3.63333 0.966667 3.2254e-08
3.7 0.966667 2.16373e-08
3.76667 0.966667 1.3241e-08
3.83333 0.966667 7.73208e-09
3.9 0.966667 4.38941e-09
3.96667 0.966667 2.42929e-09
4.03333 0.966667 1.30063e-09
4.1 0.966667 6.59597e-10
4.16667 0.966667 3.0181e-10
4.23333 0.966667 1.08004e-10
4.3 0.966667 8.89148e-12
4.36667 0.966667 3.59811e-11
4.43333 0.966667 5.05095e-11
4.5 0.966667 4.9027e-11
4.56667 0.966667 4.02191e-11
4.63333 0.966667 2.92812e-11
4.7 0.966667 1.91169e-11
4.76667 0.966667 1.10683e-11
4.83333 0.966667 5.45729e-12
4.9 0.966667 2.05645e-12
4.96667 0.966667 4.8855e-13
