0.0333333 0.0333333 2.65975e-07
0.1 0.0333333 9.47116e-07
0.166667 0.0333333 2.00603e-06
0.233333 0.0333333 2.92022e-06
0.3 0.0333333 3.15289e-06
0.366667 0.0333333 2.44543e-06
0.433333 0.0333333 9.92782e-07
0.5 0.0333333 6.91111e-07
0.566667 0.0333333 2.1109e-06
0.633333 0.0333333 3.023e-06
0.7 0.0333333 3.42952e-06
0.766667 0.0333333 3.44664e-06
0.833333 0.0333333 3.20065e-06
0.9 0.0333333 2.79066e-06
0.966667 0.0333333 2.28755e-06
1.03333 0.0333333 1.74341e-06
1.1 0.0333333 1.20189e-06
1.16667 0.0333333 7.06362e-07
1.23333 0.0333333 3.04068e-07
1.3 0.0333333 4.45054e-08
1.36667 0.0333333 2.93437e-08
1.43333 0.0333333 1.04424e-07
1.5 0.0333333 4.31747e-07
1.56667 0.0333333 8.95675e-07
1.63333 0.0333333 1.40366e-06
1.7 0.0333333 1.84818e-06
1.76667 0.0333333 2.13215e-06
1.83333 0.0333333 2.1882e-06
1.9 0.0333333 1.9854e-06
1.96667 0.0333333 1.5247e-06
2.03333 0.0333333 8.29358e-07
2.1 0.0333333 6.25218e-08
2.16667 0.0333333 1.09934e-06
2.23333 0.0333333 2.21074e-06
2.3 0.0333333 3.29958e-06
2.36667 0.0333333 4.24063e-06
2.43333 0.0333333 4.89408e-06
2.5 0.0333333 5.13195e-06
2.56667 0.0333333 4.87271e-06
2.63333 0.0333333 4.11011e-06
2.7 0.0333333 2.91382e-06
2.76667 0.0333333 1.41594e-06
2.83333 0.0333333 1.98697e-07
2.9 0.0333333 1.71817e-06
2.96667 0.0333333 2.94066e-06
3.03333 0.0333333 3.71818e-06
3.1 0.0333333 3.99866e-06
3.16667 0.0333333 3.8352e-06
3.23333 0.0333333 3.36086e-06
3.3 0.0333333 2.73541e-06
3.36667 0.0333333 2.09404e-06
3.43333 0.0333333 1.5264e-06
3.5 0.0333333 1.07256e-06
3.56667 0.0333333 7.33899e-07
3.63333 0.0333333 4.92856e-07
3.7 0.0333333 3.26726e-07
3.76667 0.0333333 2.14688e-07
3.83333 0.0333333 1.40226e-07
3.9 0.0333333 9.1221e-08
3.96667 0.0333333 5.91784e-08
4.03333 0.0333333 3.83163e-08
4.1 0.0333333 2.47707e-08
4.16667 0.0333333 1.59906e-08
4.23333 0.0333333 1.03048e-08
4.3 0.0333333 6.62468e-09
4.36667 0.0333333 4.24305e-09
4.43333 0.0333333 2.70176e-09
4.5 0.0333333 1.70433e-09
4.56667 0.0333333 1.05911e-09
4.63333 0.0333333 6.42321e-10
4.7 0.0333333 3.74183e-10
4.76667 0.0333333 2.03479e-10
4.83333 0.0333333 9.76784e-11
4.9 0.0333333 3.66503e-11
4.96667 0.0333333 8.79292e-12
0.0333333 0.1 1.01227e-06
0.1 0.1 1.32697e-06
0.166667 0.1 1.8536e-06
0.233333 0.1 2.34688e-06
0.3 0.1 2.47058e-06
0.366667 0.1 2.00235e-06
0.433333 0.1 9.86322e-07
0.5 0.1 2.81574e-07
0.566667 0.1 1.43231e-06
0.633333 0.1 2.24623e-06
0.7 0.1 2.68123e-06
0.766667 0.1 2.79658e-06
0.833333 0.1 2.67775e-06
0.9 0.1 2.40287e-06
0.966667 0.1 2.0334e-06
1.03333 0.1 1.6166e-06
1.1 0.1 1.19136e-06
1.16667 0.1 7.9378e-07
1.23333 0.1 4.60682e-07
1.3 0.1 2.29583e-07
1.36667 0.1 1.33903e-07
1.43333 0.1 1.93526e-07
1.5 0.1 4.03606e-07
1.56667 0.1 7.27395e-07
1.63333 0.1 1.09876e-06
1.7 0.1 1.43561e-06
1.76667 0.1 1.65922e-06
1.83333 0.1 1.71085e-06
1.9 0.1 1.55945e-06
1.96667 0.1 1.20002e-06
2.03333 0.1 6.47064e-07
2.1 0.1 7.13728e-08
2.16667 0.1 9.15212e-07
2.23333 0.1 1.82825e-06
2.3 0.1 2.73062e-06
2.36667 0.1 3.51532e-06
2.43333 0.1 4.05722e-06
2.5 0.1 4.24037e-06
2.56667 0.1 3.99645e-06
2.63333 0.1 3.33017e-06
2.7 0.1 2.3188e-06
2.76667 0.1 1.08499e-06
2.83333 0.1 2.30357e-07
2.9 0.1 1.47767e-06
2.96667 0.1 2.50957e-06
3.03333 0.1 3.20608e-06
3.1 0.1 3.49783e-06
3.16667 0.1 3.39858e-06
3.23333 0.1 3.00683e-06
3.3 0.1 2.46246e-06
3.36667 0.1 1.89527e-06
3.43333 0.1 1.38991e-06
3.5 0.1 9.83514e-07
3.56667 0.1 6.78237e-07
3.63333 0.1 4.59197e-07
3.7 0.1 3.06845e-07
3.76667 0.1 2.03132e-07
3.83333 0.1 1.33582e-07
3.9 0.1 8.74284e-08
3.96667 0.1 5.7025e-08
4.03333 0.1 3.70998e-08
4.1 0.1 2.40882e-08
4.16667 0.1 1.56119e-08
4.23333 0.1 1.00993e-08
4.3 0.1 6.5179e-09
4.36667 0.1 4.1927e-09
4.43333 0.1 2.68374e-09
4.5 0.1 1.70487e-09
4.56667 0.1 1.07033e-09
4.63333 0.1 6.59679e-10
4.7 0.1 3.9506e-10
4.76667 0.1 2.26354e-10
4.83333 0.1 1.21661e-10
4.9 0.1 6.12239e-11
4.96667 0.1 3.36764e-11
0.0333333 0.166667 2.33834e-06
0.1 0.166667 2.03721e-06
0.166667 0.166667 1.6648e-06
0.233333 0.166667 1.27924e-06
0.3 0.166667 1.08149e-06
0.366667 0.166667 1.07693e-06
0.433333 0.166667 8.99522e-07
0.5 0.166667 3.21162e-07
0.566667 0.166667 5.17019e-07
0.633333 0.166667 1.2432e-06
0.7 0.166667 1.71489e-06
0.766667 0.166667 1.93562e-06
0.833333 0.166667 1.95719e-06
0.9 0.166667 1.83913e-06
0.966667 0.166667 1.63396e-06
1.03333 0.166667 1.38382e-06
1.1 0.166667 1.1218e-06
1.16667 0.166667 8.74028e-07
1.23333 0.166667 6.60936e-07
1.3 0.166667 4.97793e-07
1.36667 0.166667 3.95352e-07
1.43333 0.166667 3.60507e-07
1.5 0.166667 3.95567e-07
1.56667 0.166667 4.9473e-07
1.63333 0.166667 6.38905e-07
1.7 0.166667 7.93483e-07
1.76667 0.166667 9.1339e-07
1.83333 0.166667 9.5429e-07
1.9 0.166667 8.83639e-07
1.96667 0.166667 6.85989e-07
2.03333 0.166667 3.62192e-07
2.1 0.166667 7.40558e-08
2.16667 0.166667 5.98478e-07
2.23333 0.166667 1.17448e-06
2.3 0.166667 1.74696e-06
2.36667 0.166667 2.23683e-06
2.43333 0.166667 2.54617e-06
2.5 0.166667 2.58796e-06
2.56667 0.166667 2.32809e-06
2.63333 0.166667 1.80673e-06
2.7 0.166667 1.12635e-06
2.76667 0.166667 3.93322e-07
2.83333 0.166667 3.3357e-07
2.9 0.166667 1.02888e-06
2.96667 0.166667 1.66422e-06
3.03333 0.166667 2.18898e-06
3.1 0.166667 2.51763e-06
3.16667 0.166667 2.5819e-06
3.23333 0.166667 2.3876e-06
3.3 0.166667 2.01856e-06
3.36667 0.166667 1.59142e-06
3.43333 0.166667 1.19148e-06
3.5 0.166667 8.59175e-07
3.56667 0.166667 6.03053e-07
3.63333 0.166667 4.14892e-07
3.7 0.166667 2.81213e-07
3.76667 0.166667 1.88492e-07
3.83333 0.166667 1.25294e-07
3.9 0.166667 8.27669e-08
3.96667 0.166667 5.44178e-08
4.03333 0.166667 3.56509e-08
4.1 0.166667 2.3291e-08
4.16667 0.166667 1.51814e-08
4.23333 0.166667 9.87517e-09
4.3 0.166667 6.41018e-09
4.36667 0.166667 4.15082e-09
4.43333 0.166667 2.67921e-09
4.5 0.166667 1.72161e-09
4.56667 0.166667 1.09921e-09
4.63333 0.166667 6.95522e-10
4.7 0.166667 4.34915e-10
4.76667 0.166667 2.68543e-10
4.83333 0.166667 1.6524e-10
4.9 0.166667 1.05693e-10
4.96667 0.166667 7.87953e-11
0.0333333 0.233333 3.84677e-06
0.1 0.233333 2.87584e-06
0.166667 0.233333 1.28479e-06
0.233333 0.233333 5.17018e-07
0.3 0.233333 2.10075e-06
0.366667 0.233333 1.29512e-06
0.433333 0.233333 8.21702e-07
0.5 0.233333 1.06808e-06
0.566667 0.233333 3.65453e-07
0.633333 0.233333 3.33773e-07
0.7 0.233333 8.40953e-07
0.766667 0.233333 1.13479e-06
0.833333 0.233333 1.25261e-06
0.9 0.233333 1.24731e-06
0.966667 0.233333 1.16828e-06
1.03333 0.233333 1.05613e-06
1.1 0.233333 9.41658e-07
1.16667 0.233333 8.4494e-07
1.23333 0.233333 7.72348e-07
1.3 0.233333 7.13233e-07
1.36667 0.233333 6.42133e-07
1.43333 0.233333 5.32195e-07
1.5 0.233333 3.76841e-07
1.56667 0.233333 2.02949e-07
1.63333 0.233333 5.89619e-08
1.7 0.233333 1.72272e-08
1.76667 0.233333 2.29412e-08
1.83333 0.233333 1.17262e-08
1.9 0.233333 4.54291e-08
1.96667 0.233333 4.5303e-08
2.03333 0.233333 5.15487e-09
2.1 0.233333 1.07154e-07
2.16667 0.233333 2.50444e-07
2.23333 0.233333 4.1466e-07
2.3 0.233333 5.61e-07
2.36667 0.233333 6.24207e-07
2.43333 0.233333 5.39548e-07
2.5 0.233333 2.80502e-07
2.56667 0.233333 1.08687e-07
2.63333 0.233333 5.08738e-07
2.7 0.233333 7.63629e-07
2.76667 0.233333 7.79661e-07
2.83333 0.233333 6.31955e-07
2.9 0.233333 4.53333e-07
2.96667 0.233333 3.80079e-07
3.03333 0.233333 5.3262e-07
3.1 0.233333 8.98455e-07
3.16667 0.233333 1.28654e-06
3.23333 0.233333 1.48773e-06
3.3 0.233333 1.44452e-06
3.36667 0.233333 1.23939e-06
3.43333 0.233333 9.81277e-07
3.5 0.233333 7.3765e-07
3.56667 0.233333 5.33996e-07
3.63333 0.233333 3.76124e-07
3.7 0.233333 2.59638e-07
3.76667 0.233333 1.76567e-07
3.83333 0.233333 1.1874e-07
3.9 0.233333 7.91847e-08
3.96667 0.233333 5.2473e-08
4.03333 0.233333 3.46062e-08
4.1 0.233333 2.27406e-08
4.16667 0.233333 1.49025e-08
4.23333 0.233333 9.74567e-09
4.3 0.233333 6.36304e-09
4.36667 0.233333 4.14924e-09
4.43333 0.233333 2.70294e-09
4.5 0.233333 1.75947e-09
4.56667 0.233333 1.14502e-09
4.63333 0.233333 7.4586e-10
4.7 0.233333 4.87878e-10
4.76667 0.233333 3.23098e-10
4.83333 0.233333 2.20856e-10
4.9 0.233333 1.62142e-10
4.96667 0.233333 1.36034e-10
0.0333333 0.3 4.9991e-06
0.1 0.3 3.54772e-06
0.166667 0.3 8.90938e-07
0.233333 0.3 3.22197e-06
0.3 0.3 9.7999e-06
0.366667 0.3 6.39467e-06
0.433333 0.3 1.26245e-06
0.5 0.3 1.57811e-06
0.566667 0.3 9.46749e-07
0.633333 0.3 2.63304e-07
0.7 0.3 2.45574e-07
0.766667 0.3 5.49069e-07
0.833333 0.3 6.87082e-07
0.9 0.3 7.13333e-07
0.966667 0.3 6.78496e-07
1.03333 0.3 6.24776e-07
1.1 0.3 5.85067e-07
1.16667 0.3 5.81128e-07
1.23333 0.3 6.17158e-07
1.3 0.3 6.67928e-07
1.36667 0.3 6.70212e-07
1.43333 0.3 5.40714e-07
1.5 0.3 2.30607e-07
1.56667 0.3 2.13879e-07
1.63333 0.3 6.57788e-07
1.7 0.3 9.62784e-07
1.76667 0.3 1.07186e-06
1.83333 0.3 1.01446e-06
1.9 0.3 8.55456e-07
1.96667 0.3 6.51286e-07
2.03333 0.3 4.35409e-07
2.1 0.3 2.20827e-07
2.16667 0.3 6.48283e-09
2.23333 0.3 2.17325e-07
2.3 0.3 4.77255e-07
2.36667 0.3 8.89859e-07
2.43333 0.3 1.60339e-06
2.5 0.3 2.46248e-06
2.56667 0.3 3.21312e-06
2.63333 0.3 3.60191e-06
2.7 0.3 3.3726e-06
2.76667 0.3 2.55307e-06
2.83333 0.3 1.40717e-06
2.9 0.3 1.06767e-07
2.96667 0.3 1.24191e-06
3.03333 0.3 1.98103e-06
3.1 0.3 1.72334e-06
3.16667 0.3 7.4748e-07
3.23333 0.3 2.22275e-07
3.3 0.3 7.43636e-07
3.36667 0.3 8.6499e-07
3.43333 0.3 7.91149e-07
3.5 0.3 6.40926e-07
3.56667 0.3 4.84604e-07
3.63333 0.3 3.50802e-07
3.7 0.3 2.46647e-07
3.76667 0.3 1.69923e-07
3.83333 0.3 1.15367e-07
3.9 0.3 7.74943e-08
3.96667 0.3 5.1646e-08
4.03333 0.3 3.42195e-08
4.1 0.3 2.2577e-08
4.16667 0.3 1.4851e-08
4.23333 0.3 9.74989e-09
4.3 0.3 6.39476e-09
4.36667 0.3 4.19436e-09
4.43333 0.3 2.75453e-09
4.5 0.3 1.81414e-09
4.56667 0.3 1.20118e-09
4.63333 0.3 8.02757e-10
4.7 0.3 5.45208e-10
4.76667 0.3 3.80767e-10
4.83333 0.3 2.789e-10
4.9 0.3 2.2069e-10
4.96667 0.3 1.95314e-10
0.0333333 0.366667 5.32623e-06
0.1 0.366667 3.76051e-06
0.166667 0.366667 8.44125e-07
0.233333 0.366667 3.71167e-06
0.3 0.366667 1.25513e-05
0.366667 0.366667 4.07138e-05
0.433333 0.366667 2.2657e-06
0.5 0.366667 1.86858e-06
0.566667 0.366667 1.21612e-06
0.633333 0.366667 5.43162e-07
0.7 0.366667 7.35318e-08
0.766667 0.366667 1.89785e-07
0.833333 0.366667 2.89821e-07
0.9 0.366667 2.82098e-07
0.966667 0.366667 2.18186e-07
1.03333 0.366667 1.41501e-07
1.1 0.366667 8.79162e-08
1.16667 0.366667 8.5409e-08
1.23333 0.366667 1.47017e-07
1.3 0.366667 2.54065e-07
1.36667 0.366667 3.32749e-07
1.43333 0.366667 2.3608e-07
1.5 0.366667 1.7331e-07
1.56667 0.366667 8.72736e-07
1.63333 0.366667 1.61357e-06
1.7 0.366667 2.11264e-06
1.76667 0.366667 2.26195e-06
1.83333 0.366667 2.12641e-06
1.9 0.366667 1.81435e-06
1.96667 0.366667 1.40606e-06
2.03333 0.366667 9.50787e-07
2.1 0.366667 4.69698e-07
2.16667 0.366667 3.05043e-08
2.23333 0.366667 5.49336e-07
2.3 0.366667 1.08085e-06
2.36667 0.366667 3.69595e-06
2.43333 0.366667 7.24466e-06
2.5 0.366667 8.69521e-06
2.56667 0.366667 9.69569e-06
2.63333 0.366667 8.98005e-06
2.7 0.366667 6.4666e-06
2.76667 0.366667 4.612e-06
2.83333 0.366667 2.64813e-06
2.9 0.366667 3.2701e-07
2.96667 0.366667 2.36217e-06
3.03333 0.366667 5.34687e-06
3.1 0.366667 6.08944e-06
3.16667 0.366667 4.14478e-06
3.23333 0.366667 1.65868e-06
3.3 0.366667 1.26014e-07
3.36667 0.366667 5.05571e-07
3.43333 0.366667 6.378e-07
3.5 0.366667 5.74574e-07
3.56667 0.366667 4.55577e-07
3.63333 0.366667 3.38128e-07
3.7 0.366667 2.41224e-07
3.76667 0.366667 1.67716e-07
3.83333 0.366667 1.14567e-07
3.9 0.366667 7.7287e-08
3.96667 0.366667 5.16697e-08
4.03333 0.366667 3.43191e-08
4.1 0.366667 2.26899e-08
4.16667 0.366667 1.49555e-08
4.23333 0.366667 9.84089e-09
4.3 0.366667 6.47333e-09
4.36667 0.366667 4.26329e-09
4.43333 0.366667 2.81658e-09
4.5 0.366667 1.87155e-09
4.56667 0.366667 1.25557e-09
4.63333 0.366667 8.55261e-10
4.7 0.366667 5.96592e-10
4.76667 0.366667 4.3156e-10
4.83333 0.366667 3.29487e-10
4.9 0.366667 2.71402e-10
4.96667 0.366667 2.46523e-10
0.0333333 0.433333 4.72585e-06
0.1 0.433333 3.41378e-06
0.166667 0.433333 1.15965e-06
0.233333 0.433333 1.53094e-06
0.3 0.433333 3.64293e-06
0.366667 0.433333 6.51987e-07
0.433333 0.433333 2.72538e-06
0.5 0.433333 2.01639e-06
0.566667 0.433333 1.18867e-06
0.633333 0.433333 5.67323e-07
0.7 0.433333 1.64006e-07
0.766667 0.433333 3.19136e-08
0.833333 0.433333 6.63018e-08
0.9 0.433333 7.29307e-09
0.966667 0.433333 1.39596e-07
1.03333 0.433333 2.88913e-07
1.1 0.433333 4.18797e-07
1.16667 0.433333 4.96121e-07
1.23333 0.433333 4.97101e-07
1.3 0.433333 4.28617e-07
1.36667 0.433333 3.63068e-07
1.43333 0.433333 4.05692e-07
1.5 0.433333 8.43451e-07
1.56667 0.433333 1.76132e-06
1.63333 0.433333 2.79803e-06
1.7 0.433333 3.42969e-06
1.76667 0.433333 3.53327e-06
1.83333 0.433333 3.27182e-06
1.9 0.433333 2.78451e-06
1.96667 0.433333 2.18383e-06
2.03333 0.433333 1.52226e-06
2.1 0.433333 8.35888e-07
2.16667 0.433333 1.37201e-07
2.23333 0.433333 5.64723e-07
2.3 0.433333 1.24266e-06
2.36667 0.433333 6.27557e-06
2.43333 0.433333 1.31212e-05
2.5 0.433333 1.53972e-05
2.56667 0.433333 1.68421e-05
2.63333 0.433333 1.46129e-05
2.7 0.433333 9.18619e-06
2.76667 0.433333 6.36989e-06
2.83333 0.433333 3.86545e-06
2.9 0.433333 9.05913e-07
2.96667 0.433333 2.71247e-06
3.03333 0.433333 5.65073e-06
3.1 0.433333 1.45534e-05
3.16667 0.433333 1.17237e-05
3.23333 0.433333 4.09853e-06
3.3 0.433333 9.08309e-07
3.36667 0.433333 2.26175e-07
3.43333 0.433333 5.34306e-07
3.5 0.433333 5.35499e-07
3.56667 0.433333 4.4102e-07
3.63333 0.433333 3.33036e-07
3.7 0.433333 2.39751e-07
3.76667 0.433333 1.67558e-07
3.83333 0.433333 1.14821e-07
3.9 0.433333 7.76162e-08
3.96667 0.433333 5.19614e-08
4.03333 0.433333 3.45479e-08
4.1 0.433333 2.28608e-08
4.16667 0.433333 1.50815e-08
4.23333 0.433333 9.93481e-09
4.3 0.433333 6.54543e-09
4.36667 0.433333 4.32102e-09
4.43333 0.433333 2.86506e-09
4.5 0.433333 1.91419e-09
4.56667 0.433333 1.29458e-09
4.63333 0.433333 8.92061e-10
4.7 0.433333 6.32074e-10
4.76667 0.433333 4.66297e-10
4.83333 0.433333 3.63865e-10
4.9 0.433333 3.05719e-10
4.96667 0.433333 2.81093e-10
0.0333333 0.5 3.53391e-06
0.1 0.5 2.64165e-06
0.166667 0.5 1.30762e-06
0.233333 0.5 1.2525e-07
0.3 0.5 1.8096e-07
0.366667 0.5 8.7503e-07
0.433333 0.5 1.85532e-06
0.5 0.5 1.54931e-06
0.566667 0.5 8.74059e-07
0.633333 0.5 3.56141e-07
0.7 0.5 4.97759e-08
0.766667 0.5 6.26682e-08
0.833333 0.5 2.18589e-08
0.9 0.5 1.24598e-07
0.966667 0.5 3.32794e-07
1.03333 0.5 5.64732e-07
1.1 0.5 7.84558e-07
1.16667 0.5 9.54561e-07
1.23333 0.5 1.04007e-06
1.3 0.5 1.03653e-06
1.36667 0.5 1.03285e-06
1.43333 0.5 1.39488e-06
1.5 0.5 1.65882e-06
1.56667 0.5 2.64894e-06
1.63333 0.5 3.86652e-06
1.7 0.5 4.46608e-06
1.76667 0.5 4.58619e-06
1.83333 0.5 4.20128e-06
1.9 0.5 3.5573e-06
1.96667 0.5 2.80622e-06
2.03333 0.5 1.99973e-06
2.1 0.5 1.19296e-06
2.16667 0.5 3.9503e-07
2.23333 0.5 3.83304e-07
2.3 0.5 1.12142e-06
2.36667 0.5 6.45091e-06
2.43333 0.5 1.38734e-05
2.5 0.5 1.66518e-05
2.56667 0.5 1.84384e-05
2.63333 0.5 1.61492e-05
2.7 0.5 1.02787e-05
2.76667 0.5 7.11896e-06
2.83333 0.5 4.41307e-06
2.9 0.5 1.24541e-06
2.96667 0.5 2.71884e-06
3.03333 0.5 5.51467e-06
3.1 0.5 1.03027e-05
3.16667 0.5 1.8883e-05
3.23333 0.5 5.21048e-06
3.3 0.5 1.23198e-06
3.36667 0.5 1.21266e-07
3.43333 0.5 4.98452e-07
3.5 0.5 5.23234e-07
3.56667 0.5 4.37088e-07
3.63333 0.5 3.3204e-07
3.7 0.5 2.39731e-07
3.76667 0.5 1.67806e-07
3.83333 0.5 1.15093e-07
3.9 0.5 7.78414e-08
3.96667 0.5 5.21293e-08
4.03333 0.5 3.46672e-08
4.1 0.5 2.2944e-08
4.16667 0.5 1.51395e-08
4.23333 0.5 9.97599e-09
4.3 0.5 6.57562e-09
4.36667 0.5 4.34419e-09
4.43333 0.5 2.88381e-09
4.5 0.5 1.9302e-09
4.56667 0.5 1.3089e-09
4.63333 0.5 9.05356e-10
4.7 0.5 6.44759e-10
4.76667 0.5 4.7863e-10
4.83333 0.5 3.76018e-10
4.9 0.5 3.17821e-10
4.96667 0.5 2.93277e-10
0.0333333 0.566667 2.23468e-06
0.1 0.566667 1.72097e-06
0.166667 0.566667 1.00639e-06
0.233333 0.566667 5.31036e-07
0.3 0.566667 5.47009e-07
0.366667 0.566667 8.80267e-07
0.433333 0.566667 1.0572e-06
0.5 0.566667 8.36008e-07
0.566667 0.566667 3.9614e-07
0.633333 0.566667 2.2192e-08
0.7 0.566667 1.8576e-07
0.766667 0.566667 2.2729e-07
0.833333 0.566667 1.32478e-07
0.9 0.566667 5.96994e-08
0.966667 0.566667 3.11297e-07
1.03333 0.566667 5.86596e-07
1.1 0.566667 8.47048e-07
1.16667 0.566667 1.04512e-06
1.23333 0.566667 1.12597e-06
1.3 0.566667 1.05056e-06
1.36667 0.566667 8.75085e-07
1.43333 0.566667 8.91389e-07
1.5 0.566667 3.84842e-06
1.56667 0.566667 3.25878e-06
1.63333 0.566667 3.4054e-06
1.7 0.566667 4.62769e-06
1.76667 0.566667 5.08004e-06
1.83333 0.566667 4.6523e-06
1.9 0.566667 3.91579e-06
1.96667 0.566667 3.08557e-06
2.03333 0.566667 2.22545e-06
2.1 0.566667 1.39264e-06
2.16667 0.566667 5.88477e-07
2.23333 0.566667 1.84885e-07
2.3 0.566667 9.05525e-07
2.36667 0.566667 6.0173e-06
2.43333 0.566667 1.29839e-05
2.5 0.566667 1.53327e-05
2.56667 0.566667 1.68366e-05
2.63333 0.566667 1.46307e-05
2.7 0.566667 9.19867e-06
2.76667 0.566667 6.38362e-06
2.83333 0.566667 3.87751e-06
2.9 0.566667 9.16984e-07
2.96667 0.566667 2.70057e-06
3.03333 0.566667 5.63403e-06
3.1 0.566667 1.45392e-05
3.16667 0.566667 1.17186e-05
3.23333 0.566667 4.09781e-06
3.3 0.566667 9.08084e-07
3.36667 0.566667 2.26266e-07
3.43333 0.566667 5.34349e-07
3.5 0.566667 5.35521e-07
3.56667 0.566667 4.41031e-07
3.63333 0.566667 3.33042e-07
3.7 0.566667 2.39754e-07
3.76667 0.566667 1.67559e-07
3.83333 0.566667 1.14822e-07
3.9 0.566667 7.76166e-08
3.96667 0.566667 5.19616e-08
4.03333 0.566667 3.4548e-08
4.1 0.566667 2.28609e-08
4.16667 0.566667 1.50815e-08
4.23333 0.566667 9.93482e-09
4.3 0.566667 6.54543e-09
4.36667 0.566667 4.32102e-09
4.43333 0.566667 2.86506e-09
4.5 0.566667 1.91419e-09
4.56667 0.566667 1.29458e-09
4.63333 0.566667 8.92061e-10
4.7 0.566667 6.32075e-10
4.76667 0.566667 4.66297e-10
4.83333 0.566667 3.63865e-10
4.9 0.566667 3.05719e-10
4.96667 0.566667 2.81093e-10
0.0333333 0.633333 1.17819e-06
0.1 0.633333 9.27714e-07
0.166667 0.633333 5.62978e-07
0.233333 0.633333 3.58539e-07
0.3 0.633333 3.55796e-07
0.366667 0.633333 4.2036e-07
0.433333 0.633333 3.73908e-07
0.5 0.633333 1.55441e-07
0.566667 0.633333 1.44447e-07
0.633333 0.633333 3.96301e-07
0.7 0.633333 5.25387e-07
0.766667 0.633333 5.19996e-07
0.833333 0.633333 3.99562e-07
0.9 0.633333 1.94734e-07
0.966667 0.633333 6.10836e-08
1.03333 0.633333 3.31824e-07
1.1 0.633333 5.72721e-07
1.16667 0.633333 7.22358e-07
1.23333 0.633333 6.99629e-07
1.3 0.633333 4.16009e-07
1.36667 0.633333 1.96713e-07
1.43333 0.633333 1.02176e-06
1.5 0.633333 3.35442e-06
1.56667 0.633333 5.11697e-06
1.63333 0.633333 4.41778e-07
1.7 0.633333 3.99261e-06
1.76667 0.633333 4.63546e-06
1.83333 0.633333 4.29715e-06
1.9 0.633333 3.59623e-06
1.96667 0.633333 2.81878e-06
2.03333 0.633333 2.04736e-06
2.1 0.633333 1.32326e-06
2.16667 0.633333 6.42218e-07
2.23333 0.633333 7.36053e-09
2.3 0.633333 6.27669e-07
2.36667 0.633333 3.33577e-06
2.43333 0.633333 7.02221e-06
2.5 0.633333 8.58183e-06
2.56667 0.633333 9.66641e-06
2.63333 0.633333 8.9958e-06
2.7 0.633333 6.48772e-06
2.76667 0.633333 4.63291e-06
2.83333 0.633333 2.66552e-06
2.9 0.633333 3.41547e-07
2.96667 0.633333 2.34917e-06
3.03333 0.633333 5.33689e-06
3.1 0.633333 6.0836e-06
3.16667 0.633333 4.1422e-06
3.23333 0.633333 1.65782e-06
3.3 0.633333 1.25731e-07
3.36667 0.633333 5.05694e-07
3.43333 0.633333 6.3786e-07
3.5 0.633333 5.74605e-07
3.56667 0.633333 4.55594e-07
3.63333 0.633333 3.38137e-07
3.7 0.633333 2.41228e-07
3.76667 0.633333 1.67719e-07
3.83333 0.633333 1.14568e-07
3.9 0.633333 7.72877e-08
3.96667 0.633333 5.167e-08
4.03333 0.633333 3.43192e-08
4.1 0.633333 2.269e-08
4.16667 0.633333 1.49555e-08
4.23333 0.633333 9.84091e-09
4.3 0.633333 6.47334e-09
4.36667 0.633333 4.2633e-09
4.43333 0.633333 2.81658e-09
4.5 0.633333 1.87155e-09
4.56667 0.633333 1.25557e-09
4.63333 0.633333 8.55261e-10
4.7 0.633333 5.96593e-10
4.76667 0.633333 4.3156e-10
4.83333 0.633333 3.29487e-10
4.9 0.633333 2.71402e-10
4.96667 0.633333 2.46523e-10
0.0333333 0.7 4.91879e-07
0.1 0.7 3.82969e-07
0.166667 0.7 2.03177e-07
0.233333 0.7 7.992e-08
0.3 0.7 1.80439e-08
0.366667 0.7 5.18638e-08
0.433333 0.7 1.94491e-07
0.5 0.7 4.14003e-07
0.566667 0.7 6.55018e-07
0.633333 0.7 8.46187e-07
0.7 0.7 9.40804e-07
0.766667 0.7 9.26776e-07
0.833333 0.7 8.16222e-07
0.9 0.7 6.33149e-07
0.966667 0.7 4.07454e-07
1.03333 0.7 1.75525e-07
1.1 0.7 1.40933e-08
1.16667 0.7 9.32771e-08
1.23333 0.7 2.90512e-08
1.3 0.7 4.59791e-07
1.36667 0.7 1.28812e-06
1.43333 0.7 2.63652e-06
1.5 0.7 4.30247e-06
1.56667 0.7 3.64282e-06
1.63333 0.7 1.83853e-08
1.7 0.7 2.64856e-06
1.76667 0.7 3.39635e-06
1.83333 0.7 3.16178e-06
1.9 0.7 2.61729e-06
1.96667 0.7 2.02581e-06
2.03333 0.7 1.48117e-06
2.1 0.7 1.00771e-06
2.16667 0.7 5.96334e-07
2.23333 0.7 2.23212e-07
2.3 0.7 1.53246e-07
2.36667 0.7 6.67619e-07
2.43333 0.7 1.47654e-06
2.5 0.7 2.41187e-06
2.56667 0.7 3.21165e-06
2.63333 0.7 3.62313e-06
2.7 0.7 3.39674e-06
2.76667 0.7 2.57308e-06
2.83333 0.7 1.42236e-06
2.9 0.7 1.17825e-07
2.96667 0.7 1.23422e-06
3.03333 0.7 1.97632e-06
3.1 0.7 1.72093e-06
3.16667 0.7 7.4645e-07
3.23333 0.7 2.22668e-07
3.3 0.7 7.43793e-07
3.36667 0.7 8.65066e-07
3.43333 0.7 7.91191e-07
3.5 0.7 6.4095e-07
3.56667 0.7 4.84618e-07
3.63333 0.7 3.5081e-07
3.7 0.7 2.46652e-07
3.76667 0.7 1.69925e-07
3.83333 0.7 1.15368e-07
3.9 0.7 7.74949e-08
3.96667 0.7 5.16463e-08
4.03333 0.7 3.42197e-08
4.1 0.7 2.25771e-08
4.16667 0.7 1.4851e-08
4.23333 0.7 9.74991e-09
4.3 0.7 6.39477e-09
4.36667 0.7 4.19437e-09
4.43333 0.7 2.75453e-09
4.5 0.7 1.81415e-09
4.56667 0.7 1.20118e-09
4.63333 0.7 8.02757e-10
4.7 0.7 5.45208e-10
4.76667 0.7 3.80767e-10
4.83333 0.7 2.789e-10
4.9 0.7 2.2069e-10
4.96667 0.7 1.95314e-10
0.0333333 0.766667 1.38634e-07
0.1 0.766667 8.92963e-08
0.166667 0.766667 1.31768e-08
0.233333 0.766667 1.24961e-07
0.3 0.766667 2.52044e-07
0.366667 0.766667 4.22173e-07
0.433333 0.766667 6.48062e-07
0.5 0.766667 9.0944e-07
0.566667 0.766667 1.161e-06
0.633333 0.766667 1.35496e-06
0.7 0.766667 1.46003e-06
0.766667 0.766667 1.46713e-06
0.833333 0.766667 1.38486e-06
0.9 0.766667 1.23248e-06
0.966667 0.766667 1.03577e-06
1.03333 0.766667 8.27336e-07
1.1 0.766667 6.5041e-07
1.16667 0.766667 5.63411e-07
1.23333 0.766667 6.39965e-07
1.3 0.766667 9.54023e-07
1.36667 0.766667 1.54311e-06
1.43333 0.766667 2.25893e-06
1.5 0.766667 2.49379e-06
1.56667 0.766667 1.57721e-06
1.63333 0.766667 1.56121e-08
1.7 0.766667 1.19957e-06
1.76667 0.766667 1.5777e-06
1.83333 0.766667 1.43067e-06
1.9 0.766667 1.11061e-06
1.96667 0.766667 8.17962e-07
2.03333 0.766667 6.24802e-07
2.1 0.766667 5.3975e-07
2.16667 0.766667 5.43494e-07
2.23333 0.766667 6.03214e-07
2.3 0.766667 6.6931e-07
2.36667 0.766667 6.70903e-07
2.43333 0.766667 5.43003e-07
2.5 0.766667 2.59256e-07
2.56667 0.766667 1.38485e-07
2.63333 0.766667 5.36224e-07
2.7 0.766667 7.84391e-07
2.76667 0.766667 7.93844e-07
2.83333 0.766667 6.41059e-07
2.9 0.766667 4.58748e-07
2.96667 0.766667 3.82972e-07
3.03333 0.766667 5.33914e-07
3.1 0.766667 8.98874e-07
3.16667 0.766667 1.28659e-06
3.23333 0.766667 1.48769e-06
3.3 0.766667 1.44449e-06
3.36667 0.766667 1.23938e-06
3.43333 0.766667 9.81278e-07
3.5 0.766667 7.37654e-07
3.56667 0.766667 5.34e-07
3.63333 0.766667 3.76127e-07
3.7 0.766667 2.5964e-07
3.76667 0.766667 1.76568e-07
3.83333 0.766667 1.18741e-07
3.9 0.766667 7.9185e-08
3.96667 0.766667 5.24731e-08
4.03333 0.766667 3.46063e-08
4.1 0.766667 2.27407e-08
4.16667 0.766667 1.49026e-08
4.23333 0.766667 9.74568e-09
4.3 0.766667 6.36304e-09
4.36667 0.766667 4.14924e-09
4.43333 0.766667 2.70294e-09
4.5 0.766667 1.75947e-09
4.56667 0.766667 1.14502e-09
4.63333 0.766667 7.4586e-10
4.7 0.766667 4.87878e-10
4.76667 0.766667 3.23098e-10
4.83333 0.766667 2.20856e-10
4.9 0.766667 1.62142e-10
4.96667 0.766667 1.36034e-10
0.0333333 0.833333 6.34401e-09
0.1 0.833333 2.5154e-08
0.166667 0.833333 1.06656e-07
0.233333 0.833333 2.40361e-07
0.3 0.833333 4.39258e-07
0.366667 0.833333 7.09663e-07
0.433333 0.833333 1.03637e-06
0.5 0.833333 1.38174e-06
0.566667 0.833333 1.69768e-06
0.633333 0.833333 1.94168e-06
0.7 0.833333 2.08763e-06
0.766667 0.833333 2.12806e-06
0.833333 0.833333 2.06998e-06
0.9 0.833333 1.92909e-06
0.966667 0.833333 1.72569e-06
1.03333 0.833333 1.48374e-06
1.1 0.833333 1.23258e-06
1.16667 0.833333 1.00988e-06
1.23333 0.833333 8.61318e-07
1.3 0.833333 8.3022e-07
1.36667 0.833333 9.19365e-07
1.43333 0.833333 1.03213e-06
1.5 0.833333 9.98436e-07
1.56667 0.833333 7.57987e-07
1.63333 0.833333 4.68699e-07
1.7 0.833333 3.46097e-07
1.76667 0.833333 4.26261e-07
1.83333 0.833333 5.79678e-07
1.9 0.833333 6.62485e-07
1.96667 0.833333 5.94081e-07
2.03333 0.833333 3.5703e-07
2.1 0.833333 2.89772e-08
2.16667 0.833333 5.27817e-07
2.23333 0.833333 1.093e-06
2.3 0.833333 1.66356e-06
2.36667 0.833333 2.15806e-06
2.43333 0.833333 2.4777e-06
2.5 0.833333 2.53375e-06
2.56667 0.833333 2.28934e-06
2.63333 0.833333 1.78192e-06
2.7 0.833333 1.11219e-06
2.76667 0.833333 3.86166e-07
2.83333 0.833333 3.36574e-07
2.9 0.833333 1.02963e-06
2.96667 0.833333 1.6639e-06
3.03333 0.833333 2.18828e-06
3.1 0.833333 2.51694e-06
3.16667 0.833333 2.58139e-06
3.23333 0.833333 2.38728e-06
3.3 0.833333 2.01839e-06
3.36667 0.833333 1.59134e-06
3.43333 0.833333 1.19145e-06
3.5 0.833333 8.59161e-07
3.56667 0.833333 6.03048e-07
3.63333 0.833333 4.1489e-07
3.7 0.833333 2.81212e-07
3.76667 0.833333 1.88492e-07
3.83333 0.833333 1.25294e-07
3.9 0.833333 8.27669e-08
3.96667 0.833333 5.44178e-08
4.03333 0.833333 3.5651e-08
4.1 0.833333 2.3291e-08
4.16667 0.833333 1.51814e-08
4.23333 0.833333 9.87518e-09
4.3 0.833333 6.41019e-09
4.36667 0.833333 4.15083e-09
4.43333 0.833333 2.67922e-09
4.5 0.833333 1.72161e-09
4.56667 0.833333 1.09921e-09
4.63333 0.833333 6.95522e-10
4.7 0.833333 4.34915e-10
4.76667 0.833333 2.68543e-10
4.83333 0.833333 1.6524e-10
4.9 0.833333 1.05693e-10
4.96667 0.833333 7.87953e-11
0.0333333 0.9 1.64335e-08
0.1 0.9 4.74287e-08
0.166667 0.9 1.3334e-07
0.233333 0.9 3.00829e-07
0.3 0.9 5.69044e-07
0.366667 0.9 9.3416e-07
0.433333 0.9 1.36443e-06
0.5 0.9 1.80801e-06
0.566667 0.9 2.20852e-06
0.633333 0.9 2.52007e-06
0.7 0.9 2.71552e-06
0.766667 0.9 2.78677e-06
0.833333 0.9 2.73951e-06
0.9 0.9 2.58656e-06
0.966667 0.9 2.34261e-06
1.03333 0.9 2.02188e-06
1.1 0.9 1.63917e-06
1.16667 0.9 1.21423e-06
1.23333 0.9 7.78382e-07
1.3 0.9 3.79566e-07
1.36667 0.9 8.17286e-08
1.43333 0.9 4.12844e-08
1.5 0.9 7.60754e-08
1.56667 0.9 4.52622e-07
1.63333 0.9 1.02216e-06
1.7 0.9 1.63396e-06
1.76667 0.9 2.11121e-06
1.83333 0.9 2.32621e-06
1.9 0.9 2.23278e-06
1.96667 0.9 1.84815e-06
2.03333 0.9 1.22039e-06
2.1 0.9 4.06826e-07
2.16667 0.9 5.33192e-07
2.23333 0.9 1.53363e-06
2.3 0.9 2.51109e-06
2.36667 0.9 3.35824e-06
2.43333 0.9 3.95054e-06
2.5 0.9 4.17273e-06
2.56667 0.9 3.95732e-06
2.63333 0.9 3.3103e-06
2.7 0.9 2.3107e-06
2.76667 0.9 1.08326e-06
2.83333 0.9 2.29146e-07
2.9 0.9 1.47549e-06
2.96667 0.9 2.5074e-06
3.03333 0.9 3.20434e-06
3.1 0.9 3.49661e-06
3.16667 0.9 3.3978e-06
3.23333 0.9 3.00638e-06
3.3 0.9 2.46222e-06
3.36667 0.9 1.89515e-06
3.43333 0.9 1.38985e-06
3.5 0.9 9.83486e-07
3.56667 0.9 6.78225e-07
3.63333 0.9 4.59191e-07
3.7 0.9 3.06842e-07
3.76667 0.9 2.03131e-07
3.83333 0.9 1.33582e-07
3.9 0.9 8.74282e-08
3.96667 0.9 5.70249e-08
4.03333 0.9 3.70998e-08
4.1 0.9 2.40881e-08
4.16667 0.9 1.56119e-08
4.23333 0.9 1.00993e-08
4.3 0.9 6.5179e-09
4.36667 0.9 4.1927e-09
4.43333 0.9 2.68374e-09
4.5 0.9 1.70487e-09
4.56667 0.9 1.07033e-09
4.63333 0.9 6.59679e-10
4.7 0.9 3.9506e-10
4.76667 0.9 2.26354e-10
4.83333 0.9 1.21661e-10
4.9 0.9 6.12239e-11
4.96667 0.9 3.36764e-11
0.0333333 0.966667 7.28474e-09
0.1 0.966667 3.99198e-08
0.166667 0.966667 1.34289e-07
0.233333 0.966667 3.28928e-07
0.3 0.966667 6.47277e-07
0.366667 0.966667 1.08101e-06
0.433333 0.966667 1.58865e-06
0.5 0.966667 2.10783e-06
0.566667 0.966667 2.57372e-06
0.633333 0.966667 2.93508e-06
0.7 0.966667 3.16219e-06
0.766667 0.966667 3.24607e-06
0.833333 0.966667 3.1921e-06
0.9 0.966667 3.01196e-06
0.966667 0.966667 2.71724e-06
1.03333 0.966667 2.31639e-06
1.1 0.966667 1.81611e-06
1.16667 0.966667 1.22852e-06
1.23333 0.966667 5.85141e-07
1.3 0.966667 4.28004e-08
1.36667 0.966667 5.2745e-07
1.43333 0.966667 6.97776e-07
1.5 0.966667 4.10411e-07
1.56667 0.966667 3.44204e-07
1.63333 0.966667 1.38633e-06
1.7 0.966667 2.41163e-06
1.76667 0.966667 3.13645e-06
1.83333 0.966667 3.40863e-06
1.9 0.966667 3.21767e-06
1.96667 0.966667 2.63629e-06
2.03333 0.966667 1.75965e-06
2.1 0.966667 6.75466e-07
2.16667 0.966667 5.37969e-07
2.23333 0.966667 1.79956e-06
2.3 0.966667 3.01025e-06
2.36667 0.966667 4.04652e-06
2.43333 0.966667 4.7713e-06
2.5 0.966667 5.05998e-06
2.56667 0.966667 4.8348e-06
2.63333 0.966667 4.0933e-06
2.7 0.966667 2.90885e-06
2.76667 0.966667 1.41679e-06
2.83333 0.966667 1.95626e-07
2.9 0.966667 1.71478e-06
2.96667 0.966667 2.93779e-06
3.03333 0.966667 3.7161e-06
3.1 0.966667 3.99728e-06
3.16667 0.966667 3.83436e-06
3.23333 0.966667 3.36038e-06
3.3 0.966667 2.73515e-06
3.36667 0.966667 2.09391e-06
3.43333 0.966667 1.52634e-06
3.5 0.966667 1.07253e-06
3.56667 0.966667 7.33884e-07
3.63333 0.966667 4.92849e-07
3.7 0.966667 3.26723e-07
3.76667 0.966667 2.14686e-07
3.83333 0.966667 1.40226e-07
3.9 0.966667 9.12207e-08
3.96667 0.966667 5.91782e-08
4.03333 0.966667 3.83162e-08
4.1 0.966667 2.47707e-08
4.16667 0.966667 1.59906e-08
4.23333 0.966667 1.03048e-08
4.3 0.966667 6.62468e-09
4.36667 0.966667 4.24305e-09
4.43333 0.966667 2.70176e-09
4.5 0.966667 1.70433e-09
4.56667 0.966667 1.05911e-09
4.63333 0.966667 6.42321e-10
4.7 0.966667 3.74183e-10
4.76667 0.966667 2.03479e-10
4.83333 0.966667 9.76784e-11
4.9 0.966667 3.66503e-11
4.96667 0.966667 8.79292e-12
