0.0333333 0.0333333 4.99932e-08
0.1 0.0333333 1.59443e-07
0.166667 0.0333333 2.25205e-07
0.233333 0.0333333 1.02224e-07
0.3 0.0333333 1.25408e-06
0.366667 0.0333333 3.38839e-06
0.433333 0.0333333 6.07416e-06
0.5 0.0333333 8.44661e-06
0.566667 0.0333333 9.77635e-06
0.633333 0.0333333 9.8633e-06
0.7 0.0333333 8.96971e-06
0.766667 0.0333333 7.52286e-06
0.833333 0.0333333 5.90403e-06
0.9 0.0333333 4.3765e-06
0.966667 0.0333333 3.08329e-06
1.03333 0.0333333 2.06954e-06
1.1 0.0333333 1.31896e-06
1.16667 0.0333333 7.88745e-07
1.23333 0.0333333 4.3028e-07
1.3 0.0333333 1.99566e-07
1.36667 0.0333333 6.14175e-08
1.43333 0.0333333 1.03754e-08
1.5 0.0333333 3.49224e-08
1.56667 0.0333333 2.71452e-08
1.63333 0.0333333 6.52417e-10
1.7 0.0333333 3.09651e-08
1.76667 0.0333333 5.54223e-08
1.83333 0.0333333 6.47388e-08
1.9 0.0333333 5.75303e-08
1.96667 0.0333333 3.86012e-08
2.03333 0.0333333 1.59119e-08
2.1 0.0333333 3.21712e-09
2.16667 0.0333333 1.465e-08
2.23333 0.0333333 1.79017e-08
2.3 0.0333333 1.5018e-08
2.36667 0.0333333 8.93852e-09
2.43333 0.0333333 2.21568e-09
2.5 0.0333333 3.5719e-09
2.56667 0.0333333 7.81664e-09
2.63333 0.0333333 1.05735e-08
2.7 0.0333333 1.21994e-08
2.76667 0.0333333 1.30796e-08
2.83333 0.0333333 1.34782e-08
2.9 0.0333333 1.34974e-08
2.96667 0.0333333 1.31195e-08
3.03333 0.0333333 1.22941e-08
3.1 0.0333333 1.10277e-08
3.16667 0.0333333 9.42731e-09
3.23333 0.0333333 7.67743e-09
3.3 0.0333333 5.97596e-09
3.36667 0.0333333 4.47227e-09
3.43333 0.0333333 3.24072e-09
3.5 0.0333333 2.28951e-09
3.56667 0.0333333 1.58636e-09
3.63333 0.0333333 1.08306e-09
3.7 0.0333333 7.31198e-10
3.76667 0.0333333 4.8946e-10
3.83333 0.0333333 3.25517e-10
3.9 0.0333333 2.15409e-10
3.96667 0.0333333 1.41993e-10
4.03333 0.0333333 9.33066e-11
4.1 0.0333333 6.11492e-11
4.16667 0.0333333 3.99725e-11
4.23333 0.0333333 2.60574e-11
4.3 0.0333333 1.69286e-11
4.36667 0.0333333 1.09469e-11
4.43333 0.0333333 7.03109e-12
4.5 0.0333333 4.46998e-12
4.56667 0.0333333 2.79694e-12
4.63333 0.0333333 1.70646e-12
4.7 0.0333333 9.99169e-13
4.76667 0.0333333 5.45617e-13
4.83333 0.0333333 2.6277e-13
4.9 0.0333333 9.88269e-14
4.96667 0.0333333 2.37488e-14
0.0333333 0.1 2.10007e-07
0.1 0.1 3.29595e-07
0.166667 0.1 4.51401e-07
0.233333 0.1 2.78421e-07
0.3 0.1 6.69677e-07
0.366667 0.1 2.56769e-06
0.433333 0.1 5.01204e-06
0.5 0.1 7.2782e-06
0.566667 0.1 8.71696e-06
0.633333 0.1 9.10749e-06
0.7 0.1 8.56619e-06
0.766667 0.1 7.38928e-06
0.833333 0.1 5.91752e-06
0.9 0.1 4.44353e-06
0.966667 0.1 3.156e-06
1.03333 0.1 2.13686e-06
1.1 0.1 1.3824e-06
1.16667 0.1 8.49525e-07
1.23333 0.1 4.88469e-07
1.3 0.1 2.54114e-07
1.36667 0.1 1.10851e-07
1.43333 0.1 3.20133e-08
1.5 0.1 2.22481e-09
1.56667 0.1 6.99108e-09
1.63333 0.1 5.45018e-09
1.7 0.1 2.45952e-08
1.76667 0.1 4.16291e-08
1.83333 0.1 5.0307e-08
1.9 0.1 4.81142e-08
1.96667 0.1 3.66246e-08
2.03333 0.1 2.03686e-08
2.1 0.1 4.6119e-09
2.16667 0.1 6.76533e-09
2.23333 0.1 1.2281e-08
2.3 0.1 1.25928e-08
2.36667 0.1 9.51038e-09
2.43333 0.1 4.97441e-09
2.5 0.1 4.25944e-10
2.56667 0.1 3.3704e-09
2.63333 0.1 6.20135e-09
2.7 0.1 8.17084e-09
2.76667 0.1 9.49005e-09
2.83333 0.1 1.03428e-08
2.9 0.1 1.08225e-08
2.96667 0.1 1.09264e-08
3.03333 0.1 1.05991e-08
3.1 0.1 9.80837e-09
3.16667 0.1 8.61117e-09
3.23333 0.1 7.16226e-09
3.3 0.1 5.66192e-09
3.36667 0.1 4.28302e-09
3.43333 0.1 3.12656e-09
3.5 0.1 2.22055e-09
3.56667 0.1 1.54479e-09
3.63333 0.1 1.05809e-09
3.7 0.1 7.16261e-10
3.76667 0.1 4.80562e-10
3.83333 0.1 3.20244e-10
3.9 0.1 2.12303e-10
3.96667 0.1 1.40177e-10
4.03333 0.1 9.22577e-11
4.1 0.1 6.0555e-11
4.16667 0.1 3.96477e-11
4.23333 0.1 2.58921e-11
4.3 0.1 1.68579e-11
4.36667 0.1 1.09324e-11
4.43333 0.1 7.05001e-12
4.5 0.1 4.50882e-12
4.56667 0.1 2.84768e-12
4.63333 0.1 1.76433e-12
4.7 0.1 1.06128e-12
4.76667 0.1 6.1026e-13
4.83333 0.1 3.28897e-13
4.9 0.1 1.65803e-13
4.96667 0.1 9.11957e-14
0.0333333 0.166667 5.24732e-07
0.1 0.166667 7.0266e-07
0.166667 0.166667 1.33673e-06
0.233333 0.166667 1.70956e-06
0.3 0.166667 1.58943e-06
0.366667 0.166667 6.22208e-07
0.433333 0.166667 1.22143e-06
0.5 0.166667 3.41893e-06
0.566667 0.166667 5.68144e-06
0.633333 0.166667 7.22117e-06
0.7 0.166667 7.65581e-06
0.766667 0.166667 7.13831e-06
0.833333 0.166667 6.01207e-06
0.9 0.166667 4.63166e-06
0.966667 0.166667 3.32701e-06
1.03333 0.166667 2.27143e-06
1.1 0.166667 1.49616e-06
1.16667 0.166667 9.52622e-07
1.23333 0.166667 5.83412e-07
1.3 0.166667 3.40596e-07
1.36667 0.166667 1.88437e-07
1.43333 0.166667 1.00315e-07
1.5 0.166667 5.5123e-08
1.56667 0.166667 3.51394e-08
1.63333 0.166667 2.68852e-08
1.7 0.166667 2.32601e-08
1.76667 0.166667 2.30613e-08
1.83333 0.166667 2.67808e-08
1.9 0.166667 3.25669e-08
1.96667 0.166667 3.61592e-08
2.03333 0.166667 3.39551e-08
2.1 0.166667 2.55653e-08
2.16667 0.166667 1.37202e-08
2.23333 0.166667 2.23867e-09
2.3 0.166667 6.03081e-09
2.36667 0.166667 1.00867e-08
2.43333 0.166667 1.04787e-08
2.5 0.166667 8.49483e-09
2.56667 0.166667 5.43809e-09
2.63333 0.166667 2.24993e-09
2.7 0.166667 5.53136e-10
2.76667 0.166667 2.77972e-09
2.83333 0.166667 4.44766e-09
2.9 0.166667 5.6953e-09
2.96667 0.166667 6.65692e-09
3.03333 0.166667 7.34464e-09
3.1 0.166667 7.62123e-09
3.16667 0.166667 7.34431e-09
3.23333 0.166667 6.53101e-09
3.3 0.166667 5.38292e-09
3.36667 0.166667 4.16575e-09
3.43333 0.166667 3.07509e-09
3.5 0.166667 2.19594e-09
3.56667 0.166667 1.53223e-09
3.63333 0.166667 1.05137e-09
3.7 0.166667 7.12553e-10
3.76667 0.166667 4.78459e-10
3.83333 0.166667 3.19025e-10
3.9 0.166667 2.11589e-10
3.96667 0.166667 1.39763e-10
4.03333 0.166667 9.20281e-11
4.1 0.166667 6.04436e-11
4.16667 0.166667 3.96137e-11
4.23333 0.166667 2.59098e-11
4.3 0.166667 1.69103e-11
4.36667 0.166667 1.10081e-11
4.43333 0.166667 7.14147e-12
4.5 0.166667 4.61085e-12
4.56667 0.166667 2.95678e-12
4.63333 0.166667 1.87816e-12
4.7 0.166667 1.1783e-12
4.76667 0.166667 7.29447e-13
4.83333 0.166667 4.49616e-13
4.9 0.166667 2.87676e-13
4.96667 0.166667 2.13999e-13
0.0333333 0.233333 8.61988e-07
0.1 0.233333 1.1624e-06
0.166667 0.233333 2.38074e-06
0.233333 0.233333 6.05212e-06
0.3 0.233333 7.15648e-06
0.366667 0.233333 8.80429e-06
0.433333 0.233333 1.16026e-05
0.5 0.233333 6.67646e-06
0.566667 0.233333 1.01232e-06
0.633333 0.233333 3.28487e-06
0.7 0.233333 5.97213e-06
0.766667 0.233333 6.83156e-06
0.833333 0.233333 6.26348e-06
0.9 0.233333 5.02381e-06
0.966667 0.233333 3.62412e-06
1.03333 0.233333 2.46053e-06
1.1 0.233333 1.63959e-06
1.16667 0.233333 1.08e-06
1.23333 0.233333 6.99116e-07
1.3 0.233333 4.44569e-07
1.36667 0.233333 2.80161e-07
1.43333 0.233333 1.81595e-07
1.5 0.233333 1.27383e-07
1.56667 0.233333 9.44304e-08
1.63333 0.233333 6.27177e-08
1.7 0.233333 2.66015e-08
1.76667 0.233333 2.57151e-09
1.83333 0.233333 9.76497e-09
1.9 0.233333 7.53906e-09
1.96667 0.233333 3.63081e-08
2.03333 0.233333 5.84134e-08
2.1 0.233333 6.2792e-08
2.16667 0.233333 4.98418e-08
2.23333 0.233333 2.76756e-08
2.3 0.233333 5.58166e-09
2.36667 0.233333 1.04477e-08
2.43333 0.233333 1.87068e-08
2.5 0.233333 2.04813e-08
2.56667 0.233333 1.82138e-08
2.63333 0.233333 1.41977e-08
2.7 0.233333 1.00261e-08
2.76667 0.233333 6.56845e-09
2.83333 0.233333 4.1438e-09
2.9 0.233333 2.5538e-09
2.96667 0.233333 1.05973e-09
3.03333 0.233333 9.10944e-10
3.1 0.233333 3.20821e-09
3.16667 0.233333 4.99134e-09
3.23333 0.233333 5.6161e-09
3.3 0.233333 5.17271e-09
3.36667 0.233333 4.18384e-09
3.43333 0.233333 3.13522e-09
3.5 0.233333 2.24888e-09
3.56667 0.233333 1.57054e-09
3.63333 0.233333 1.07722e-09
3.7 0.233333 7.2928e-10
3.76667 0.233333 4.88957e-10
3.83333 0.233333 3.25455e-10
3.9 0.233333 2.15456e-10
3.96667 0.233333 1.42064e-10
4.03333 0.233333 9.33964e-11
4.1 0.233333 6.12694e-11
4.16667 0.233333 4.01308e-11
4.23333 0.233333 2.62549e-11
4.3 0.233333 1.71616e-11
4.36667 0.233333 1.12096e-11
4.43333 0.233333 7.31715e-12
4.5 0.233333 4.77373e-12
4.56667 0.233333 3.11369e-12
4.63333 0.233333 2.0326e-12
4.7 0.233333 1.33203e-12
4.76667 0.233333 8.83348e-13
4.83333 0.233333 6.04146e-13
4.9 0.233333 4.43121e-13
4.96667 0.233333 3.70544e-13
0.0333333 0.3 9.223e-07
0.1 0.3 1.32868e-06
0.166667 0.3 2.87529e-06
0.233333 0.3 6.18328e-06
0.3 0.3 5.61726e-06
0.366667 0.3 4.14839e-06
0.433333 0.3 3.87401e-05
0.5 0.3 2.27741e-05
0.566667 0.3 1.24256e-05
0.633333 0.3 4.23338e-06
0.7 0.3 2.32497e-06
0.766667 0.3 6.03344e-06
0.833333 0.3 6.95368e-06
0.9 0.3 5.86482e-06
0.966667 0.3 4.0653e-06
1.03333 0.3 2.67159e-06
1.1 0.3 1.783e-06
1.16667 0.3 1.20825e-06
1.23333 0.3 8.21202e-07
1.3 0.3 5.55854e-07
1.36667 0.3 3.78505e-07
1.43333 0.3 2.68499e-07
1.5 0.3 2.07627e-07
1.56667 0.3 1.64922e-07
1.63333 0.3 1.06577e-07
1.7 0.3 2.6161e-08
1.76667 0.3 4.50652e-08
1.83333 0.3 6.78852e-08
1.9 0.3 3.23248e-08
1.96667 0.3 3.51805e-08
2.03333 0.3 9.43593e-08
2.1 0.3 1.18152e-07
2.16667 0.3 1.03836e-07
2.23333 0.3 6.63147e-08
2.3 0.3 2.45668e-08
2.36667 0.3 8.19106e-09
2.43333 0.3 2.72131e-08
2.5 0.3 3.40071e-08
2.56667 0.3 3.27718e-08
2.63333 0.3 2.77443e-08
2.7 0.3 2.20133e-08
2.76667 0.3 1.73985e-08
2.83333 0.3 1.4777e-08
2.9 0.3 1.43992e-08
2.96667 0.3 1.52013e-08
3.03333 0.3 1.33007e-08
3.1 0.3 7.67841e-09
3.16667 0.3 8.68487e-10
3.23333 0.3 3.62358e-09
3.3 0.3 4.82741e-09
3.36667 0.3 4.29507e-09
3.43333 0.3 3.28025e-09
3.5 0.3 2.36012e-09
3.56667 0.3 1.64771e-09
3.63333 0.3 1.12842e-09
3.7 0.3 7.62189e-10
3.76667 0.3 5.09563e-10
3.83333 0.3 3.38085e-10
3.9 0.3 2.2307e-10
3.96667 0.3 1.46602e-10
4.03333 0.3 9.60891e-11
4.1 0.3 6.28742e-11
4.16667 0.3 4.11041e-11
4.23333 0.3 2.68667e-11
4.3 0.3 1.75691e-11
4.36667 0.3 1.1503e-11
4.43333 0.3 7.54771e-12
4.5 0.3 4.97014e-12
4.56667 0.3 3.29189e-12
4.63333 0.3 2.20136e-12
4.7 0.3 1.49614e-12
4.76667 0.3 1.04544e-12
4.83333 0.3 7.6572e-13
4.9 0.3 6.05093e-13
4.96667 0.3 5.33544e-13
0.0333333 0.366667 4.44272e-07
0.1 0.366667 8.77417e-07
0.166667 0.366667 2.47963e-06
0.233333 0.366667 5.53844e-06
0.3 0.366667 1.98234e-05
0.366667 0.366667 9.80253e-05
0.433333 0.366667 5.80101e-05
0.5 0.366667 3.66465e-05
0.566667 0.366667 2.54822e-05
0.633333 0.366667 1.65677e-05
0.7 0.366667 4.45365e-06
0.766667 0.366667 3.23563e-06
0.833333 0.366667 8.04396e-06
0.9 0.366667 7.51258e-06
0.966667 0.366667 4.5043e-06
1.03333 0.366667 2.87119e-06
1.1 0.366667 1.89483e-06
1.16667 0.366667 1.30229e-06
1.23333 0.366667 9.23763e-07
1.3 0.366667 6.58391e-07
1.36667 0.366667 4.68527e-07
1.43333 0.366667 3.47327e-07
1.5 0.366667 2.83198e-07
1.56667 0.366667 2.32695e-07
1.63333 0.366667 1.37548e-07
1.7 0.366667 6.83568e-09
1.76667 0.366667 1.3332e-07
1.83333 0.366667 1.69383e-07
1.9 0.366667 1.00824e-07
1.96667 0.366667 2.39911e-08
2.03333 0.366667 1.34852e-07
2.1 0.366667 1.85332e-07
2.16667 0.366667 1.70432e-07
2.23333 0.366667 1.14768e-07
2.3 0.366667 4.97868e-08
2.36667 0.366667 2.5129e-09
2.43333 0.366667 3.39501e-08
2.5 0.366667 4.65013e-08
2.56667 0.366667 4.65325e-08
2.63333 0.366667 4.05587e-08
2.7 0.366667 3.33742e-08
2.76667 0.366667 2.78891e-08
2.83333 0.366667 2.56988e-08
2.9 0.366667 2.76007e-08
2.96667 0.366667 3.42638e-08
3.03333 0.366667 4.5015e-08
3.1 0.366667 3.74151e-08
3.16667 0.366667 1.7454e-08
3.23333 0.366667 2.36285e-09
3.3 0.366667 4.26786e-09
3.36667 0.366667 4.43393e-09
3.43333 0.366667 3.45041e-09
3.5 0.366667 2.48825e-09
3.56667 0.366667 1.73621e-09
3.63333 0.366667 1.18714e-09
3.7 0.366667 7.99943e-10
3.76667 0.366667 5.33203e-10
3.83333 0.366667 3.52576e-10
3.9 0.366667 2.31808e-10
3.96667 0.366667 1.51813e-10
4.03333 0.366667 9.91795e-11
4.1 0.366667 6.47101e-11
4.16667 0.366667 4.22082e-11
4.23333 0.366667 2.75489e-11
4.3 0.366667 1.80106e-11
4.36667 0.366667 1.18084e-11
4.43333 0.366667 7.77702e-12
4.5 0.366667 5.15729e-12
4.56667 0.366667 3.45598e-12
4.63333 0.366667 2.35306e-12
4.7 0.366667 1.64137e-12
4.76667 0.366667 1.18752e-12
4.83333 0.366667 9.06538e-13
4.9 0.366667 7.45814e-13
4.96667 0.366667 6.74986e-13
0.0333333 0.433333 4.87832e-07
0.1 0.433333 1.2487e-07
0.166667 0.433333 1.35562e-06
0.233333 0.433333 6.77174e-06
0.3 0.433333 1.71782e-05
0.366667 0.433333 3.73173e-05
0.433333 0.433333 4.80546e-05
0.5 0.433333 3.73067e-05
0.566667 0.433333 3.07559e-05
0.633333 0.433333 2.64576e-05
0.7 0.433333 1.11411e-05
0.766667 0.433333 3.07667e-07
0.833333 0.433333 7.40372e-06
0.9 0.433333 8.61151e-06
0.966667 0.433333 4.85932e-06
1.03333 0.433333 3.00343e-06
1.1 0.433333 1.95196e-06
1.16667 0.433333 1.33466e-06
1.23333 0.433333 9.72554e-07
1.3 0.433333 7.36523e-07
1.36667 0.433333 5.41782e-07
1.43333 0.433333 4.01e-07
1.5 0.433333 3.38546e-07
1.56667 0.433333 2.88719e-07
1.63333 0.433333 1.32116e-07
1.7 0.433333 1.1135e-07
1.76667 0.433333 3.028e-07
1.83333 0.433333 3.36367e-07
1.9 0.433333 2.10485e-07
1.96667 0.433333 8.20215e-09
2.03333 0.433333 1.6647e-07
2.1 0.433333 2.49109e-07
2.16667 0.433333 2.35714e-07
2.23333 0.433333 1.63083e-07
2.3 0.433333 7.60726e-08
2.36667 0.433333 5.41573e-09
2.43333 0.433333 3.75758e-08
2.5 0.433333 5.54981e-08
2.56667 0.433333 5.68247e-08
2.63333 0.433333 5.0178e-08
2.7 0.433333 4.18831e-08
2.76667 0.433333 3.5818e-08
2.83333 0.433333 3.42111e-08
2.9 0.433333 3.82442e-08
2.96667 0.433333 4.68753e-08
3.03333 0.433333 5.79211e-08
3.1 0.433333 1.28741e-07
3.16667 0.433333 9.22893e-08
3.23333 0.433333 9.9123e-09
3.3 0.433333 3.65036e-09
3.36667 0.433333 4.53263e-09
3.43333 0.433333 3.58264e-09
3.5 0.433333 2.58794e-09
3.56667 0.433333 1.80528e-09
3.63333 0.433333 1.23304e-09
3.7 0.433333 8.29436e-10
3.76667 0.433333 5.51646e-10
3.83333 0.433333 3.63864e-10
3.9 0.433333 2.38607e-10
3.96667 0.433333 1.55863e-10
4.03333 0.433333 1.01578e-10
4.1 0.433333 6.61319e-11
4.16667 0.433333 4.30598e-11
4.23333 0.433333 2.80712e-11
4.3 0.433333 1.83444e-11
4.36667 0.433333 1.20355e-11
4.43333 0.433333 7.94396e-12
4.5 0.433333 5.29074e-12
4.56667 0.433333 3.57096e-12
4.63333 0.433333 2.45798e-12
4.7 0.433333 1.74095e-12
4.76667 0.433333 1.28439e-12
4.83333 0.433333 1.00221e-12
4.9 0.433333 8.41212e-13
4.96667 0.433333 7.70767e-13
0.0333333 0.5 1.43925e-06
0.1 0.5 1.23191e-06
0.166667 0.5 2.22053e-07
0.233333 0.5 2.69303e-06
0.3 0.5 7.27355e-06
0.366667 0.5 1.46194e-05
0.433333 0.5 2.18633e-05
0.5 0.5 2.39461e-05
0.566667 0.5 2.41097e-05
0.633333 0.5 2.34085e-05
0.7 0.5 1.09651e-05
0.766667 0.5 8.02066e-07
0.833333 0.5 7.1487e-06
0.9 0.5 8.84004e-06
0.966667 0.5 4.98894e-06
1.03333 0.5 3.02704e-06
1.1 0.5 1.94629e-06
1.16667 0.5 1.31443e-06
1.23333 0.5 9.55285e-07
1.3 0.5 7.88434e-07
1.36667 0.5 6.46405e-07
1.43333 0.5 4.0874e-07
1.5 0.5 3.68275e-07
1.56667 0.5 3.61993e-07
1.63333 0.5 1.12929e-07
1.7 0.5 2.96097e-07
1.76667 0.5 5.50919e-07
1.83333 0.5 5.53914e-07
1.9 0.5 3.49186e-07
1.96667 0.5 6.10517e-08
2.03333 0.5 1.77145e-07
2.1 0.5 2.90818e-07
2.16667 0.5 2.8151e-07
2.23333 0.5 1.9818e-07
2.3 0.5 9.6606e-08
2.36667 0.5 1.38314e-08
2.43333 0.5 3.68258e-08
2.5 0.5 5.8474e-08
2.56667 0.5 6.09622e-08
2.63333 0.5 5.42062e-08
2.7 0.5 4.5427e-08
2.76667 0.5 3.90354e-08
2.83333 0.5 3.75704e-08
2.9 0.5 4.22682e-08
2.96667 0.5 5.09051e-08
3.03333 0.5 3.54501e-08
3.1 0.5 1.8029e-07
3.16667 0.5 1.51209e-07
3.23333 0.5 1.31266e-08
3.3 0.5 3.34592e-09
3.36667 0.5 4.56639e-09
3.43333 0.5 3.63209e-09
3.5 0.5 2.62547e-09
3.56667 0.5 1.83138e-09
3.63333 0.5 1.25039e-09
3.7 0.5 8.40588e-10
3.76667 0.5 5.58615e-10
3.83333 0.5 3.68127e-10
3.9 0.5 2.41173e-10
3.96667 0.5 1.57391e-10
4.03333 0.5 1.02482e-10
4.1 0.5 6.66677e-11
4.16667 0.5 4.33802e-11
4.23333 0.5 2.82671e-11
4.3 0.5 1.8469e-11
4.36667 0.5 1.21195e-11
4.43333 0.5 8.00515e-12
4.5 0.5 5.33916e-12
4.56667 0.5 3.61229e-12
4.63333 0.5 2.49544e-12
4.7 0.5 1.77633e-12
4.76667 0.5 1.31871e-12
4.83333 0.5 1.03604e-12
4.9 0.5 8.74908e-13
4.96667 0.5 8.04592e-13
0.0333333 0.566667 1.98215e-06
0.1 0.566667 1.94121e-06
0.166667 0.566667 1.65799e-06
0.233333 0.566667 9.37196e-07
0.3 0.566667 7.3446e-07
0.366667 0.566667 3.5514e-06
0.433333 0.566667 6.92776e-06
0.5 0.566667 9.73882e-06
0.566667 0.566667 1.164e-05
0.633333 0.566667 1.2374e-05
0.7 0.566667 4.08979e-06
0.766667 0.566667 2.34567e-06
0.833333 0.566667 7.73258e-06
0.9 0.566667 8.57601e-06
0.966667 0.566667 4.79628e-06
1.03333 0.566667 2.92588e-06
1.1 0.566667 1.88016e-06
1.16667 0.566667 1.26496e-06
1.23333 0.566667 9.24694e-07
1.3 0.566667 7.99641e-07
1.36667 0.566667 7.03628e-07
1.43333 0.566667 5.04176e-07
1.5 0.566667 9.51108e-09
1.56667 0.566667 7.03265e-07
1.63333 0.566667 2.26128e-07
1.7 0.566667 4.94793e-07
1.76667 0.566667 8.03762e-07
1.83333 0.566667 7.56146e-07
1.9 0.566667 4.74804e-07
1.96667 0.566667 1.20302e-07
2.03333 0.566667 1.59772e-07
2.1 0.566667 2.9281e-07
2.16667 0.566667 2.89094e-07
2.23333 0.566667 2.05563e-07
2.3 0.566667 1.02477e-07
2.36667 0.566667 1.84521e-08
2.43333 0.566667 3.30316e-08
2.5 0.566667 5.52725e-08
2.56667 0.566667 5.82413e-08
2.63333 0.566667 5.18552e-08
2.7 0.566667 4.32675e-08
2.76667 0.566667 3.67821e-08
2.83333 0.566667 3.4795e-08
2.9 0.566667 3.85081e-08
2.96667 0.566667 4.67843e-08
3.03333 0.566667 5.66878e-08
3.1 0.566667 1.27661e-07
3.16667 0.566667 9.22174e-08
3.23333 0.566667 1.00411e-08
3.3 0.566667 3.61849e-09
3.36667 0.566667 4.52428e-09
3.43333 0.566667 3.58036e-09
3.5 0.566667 2.58723e-09
3.56667 0.566667 1.80503e-09
3.63333 0.566667 1.23294e-09
3.7 0.566667 8.294e-10
3.76667 0.566667 5.51633e-10
3.83333 0.566667 3.6386e-10
3.9 0.566667 2.38607e-10
3.96667 0.566667 1.55864e-10
4.03333 0.566667 1.01578e-10
4.1 0.566667 6.61323e-11
4.16667 0.566667 4.30601e-11
4.23333 0.566667 2.80714e-11
4.3 0.566667 1.83445e-11
4.36667 0.566667 1.20355e-11
4.43333 0.566667 7.944e-12
4.5 0.566667 5.29077e-12
4.56667 0.566667 3.57097e-12
4.63333 0.566667 2.45799e-12
4.7 0.566667 1.74096e-12
4.76667 0.566667 1.28439e-12
4.83333 0.566667 1.00221e-12
4.9 0.566667 8.41215e-13
4.96667 0.566667 7.70769e-13
0.0333333 0.633333 1.99252e-06
0.1 0.633333 2.07461e-06
0.166667 0.633333 2.18983e-06
0.233333 0.633333 2.21521e-06
0.3 0.633333 1.94187e-06
0.366667 0.633333 1.14426e-06
0.433333 0.633333 7.01681e-08
0.5 0.633333 8.33734e-07
0.566667 0.633333 1.34851e-06
0.633333 0.633333 1.47586e-07
0.7 0.633333 5.87315e-06
0.766667 0.633333 8.38822e-06
0.833333 0.633333 9.34017e-06
0.9 0.633333 7.59669e-06
0.966667 0.633333 4.33083e-06
1.03333 0.633333 2.7151e-06
1.1 0.633333 1.76629e-06
1.16667 0.633333 1.20445e-06
1.23333 0.633333 9.00117e-07
1.3 0.633333 7.31648e-07
1.36667 0.633333 5.98052e-07
1.43333 0.633333 5.26415e-07
1.5 0.633333 7.42664e-07
1.56667 0.633333 1.77679e-06
1.63333 0.633333 4.82e-07
1.7 0.633333 6.14744e-07
1.76667 0.633333 9.13803e-07
1.83333 0.633333 8.27902e-07
1.9 0.633333 5.1535e-07
1.96667 0.633333 1.51133e-07
2.03333 0.633333 1.25033e-07
2.1 0.633333 2.54152e-07
2.16667 0.633333 2.54101e-07
2.23333 0.633333 1.81206e-07
2.3 0.633333 9.09864e-08
2.36667 0.633333 1.77213e-08
2.43333 0.633333 2.70394e-08
2.5 0.633333 4.63684e-08
2.56667 0.633333 4.897e-08
2.63333 0.633333 4.33886e-08
2.7 0.633333 3.57229e-08
2.76667 0.633333 2.95609e-08
2.83333 0.633333 2.67758e-08
2.9 0.633333 2.82307e-08
2.96667 0.633333 3.45536e-08
3.03333 0.633333 4.52786e-08
3.1 0.633333 3.77099e-08
3.16667 0.633333 1.76883e-08
3.23333 0.633333 2.49455e-09
3.3 0.633333 4.22415e-09
3.36667 0.633333 4.42205e-09
3.43333 0.633333 3.44708e-09
3.5 0.633333 2.48725e-09
3.56667 0.633333 1.73588e-09
3.63333 0.633333 1.18703e-09
3.7 0.633333 7.99906e-10
3.76667 0.633333 5.33194e-10
3.83333 0.633333 3.52575e-10
3.9 0.633333 2.31811e-10
3.96667 0.633333 1.51816e-10
4.03333 0.633333 9.91812e-11
4.1 0.633333 6.47113e-11
4.16667 0.633333 4.2209e-11
4.23333 0.633333 2.75494e-11
4.3 0.633333 1.80108e-11
4.36667 0.633333 1.18086e-11
4.43333 0.633333 7.77712e-12
4.5 0.633333 5.15735e-12
4.56667 0.633333 3.45602e-12
4.63333 0.633333 2.35308e-12
4.7 0.633333 1.64139e-12
4.76667 0.633333 1.18753e-12
4.83333 0.633333 9.06544e-13
4.9 0.633333 7.45819e-13
4.96667 0.633333 6.7499e-13
0.0333333 0.7 1.62534e-06
0.1 0.7 1.77284e-06
0.166667 0.7 2.05522e-06
0.233333 0.7 2.42032e-06
0.3 0.7 2.75489e-06
0.366667 0.7 2.95388e-06
0.433333 0.7 3.14582e-06
0.5 0.7 3.57893e-06
0.566667 0.7 4.24284e-06
0.633333 0.7 5.41492e-06
0.7 0.7 7.19927e-06
0.766667 0.7 7.95272e-06
0.833333 0.7 7.32597e-06
0.9 0.7 5.62174e-06
0.966667 0.7 3.76036e-06
1.03333 0.7 2.4423e-06
1.1 0.7 1.62509e-06
1.16667 0.7 1.12606e-06
1.23333 0.7 8.15932e-07
1.3 0.7 5.93996e-07
1.36667 0.7 4.59033e-07
1.43333 0.7 4.83418e-07
1.5 0.7 7.46556e-07
1.56667 0.7 8.54071e-07
1.63333 0.7 1.54986e-07
1.7 0.7 5.4902e-07
1.76667 0.7 7.94543e-07
1.83333 0.7 7.02416e-07
1.9 0.7 4.28913e-07
1.96667 0.7 1.27987e-07
2.03333 0.7 9.05177e-08
2.1 0.7 1.88499e-07
2.16667 0.7 1.86691e-07
2.23333 0.7 1.31225e-07
2.3 0.7 6.43489e-08
2.36667 0.7 1.09674e-08
2.43333 0.7 2.10731e-08
2.5 0.7 3.44362e-08
2.56667 0.7 3.56376e-08
2.63333 0.7 3.09129e-08
2.7 0.7 2.46366e-08
2.76667 0.7 1.93012e-08
2.83333 0.7 1.60645e-08
2.9 0.7 1.52555e-08
2.96667 0.7 1.58154e-08
3.03333 0.7 1.37591e-08
3.1 0.7 7.99814e-09
3.16667 0.7 1.05651e-09
3.23333 0.7 3.53532e-09
3.3 0.7 4.79406e-09
3.36667 0.7 4.28517e-09
3.43333 0.7 3.27754e-09
3.5 0.7 2.35941e-09
3.56667 0.7 1.64755e-09
3.63333 0.7 1.1284e-09
3.7 0.7 7.62205e-10
3.76667 0.7 5.09583e-10
3.83333 0.7 3.381e-10
3.9 0.7 2.2308e-10
3.96667 0.7 1.46609e-10
4.03333 0.7 9.60933e-11
4.1 0.7 6.28767e-11
4.16667 0.7 4.11056e-11
4.23333 0.7 2.68676e-11
4.3 0.7 1.75696e-11
4.36667 0.7 1.15033e-11
4.43333 0.7 7.54787e-12
4.5 0.7 4.97023e-12
4.56667 0.7 3.29194e-12
4.63333 0.7 2.20139e-12
4.7 0.7 1.49616e-12
4.76667 0.7 1.04545e-12
4.83333 0.7 7.65728e-13
4.9 0.7 6.05099e-13
4.96667 0.7 5.33549e-13
0.0333333 0.766667 1.11046e-06
0.1 0.766667 1.29022e-06
0.166667 0.766667 1.65193e-06
0.233333 0.766667 2.16747e-06
0.3 0.766667 2.7756e-06
0.366667 0.766667 3.42544e-06
0.433333 0.766667 4.14938e-06
0.5 0.766667 4.98491e-06
0.566667 0.766667 5.78945e-06
0.633333 0.766667 6.38764e-06
0.7 0.766667 6.71875e-06
0.766667 0.766667 6.52697e-06
0.833333 0.766667 5.68063e-06
0.9 0.766667 4.43885e-06
0.966667 0.766667 3.18397e-06
1.03333 0.766667 2.17405e-06
1.1 0.766667 1.4724e-06
1.16667 0.766667 1.00502e-06
1.23333 0.766667 6.77796e-07
1.3 0.766667 4.54664e-07
1.36667 0.766667 3.42608e-07
1.43333 0.766667 3.53872e-07
1.5 0.766667 4.20981e-07
1.56667 0.766667 3.32571e-07
1.63333 0.766667 5.23374e-09
1.7 0.766667 3.40362e-07
1.76667 0.766667 4.79944e-07
1.83333 0.766667 4.09981e-07
1.9 0.766667 2.31552e-07
1.96667 0.766667 4.87178e-08
2.03333 0.766667 7.40565e-08
2.1 0.766667 1.21091e-07
2.16667 0.766667 1.10772e-07
2.23333 0.766667 7.28793e-08
2.3 0.766667 3.20092e-08
2.36667 0.766667 1.37883e-09
2.43333 0.766667 1.57598e-08
2.5 0.766667 2.18139e-08
2.56667 0.766667 2.09692e-08
2.63333 0.766667 1.69475e-08
2.7 0.766667 1.2238e-08
2.76667 0.766667 8.16813e-09
2.83333 0.766667 5.23973e-09
2.9 0.766667 3.29316e-09
2.96667 0.766667 1.55562e-09
3.03333 0.766667 5.89121e-10
3.1 0.766667 3.01639e-09
3.16667 0.766667 4.89101e-09
3.23333 0.766667 5.57149e-09
3.3 0.766667 5.15635e-09
3.36667 0.766667 4.17906e-09
3.43333 0.766667 3.1343e-09
3.5 0.766667 2.24892e-09
3.56667 0.766667 1.57073e-09
3.63333 0.766667 1.07738e-09
3.7 0.766667 7.29387e-10
3.76667 0.766667 4.89023e-10
3.83333 0.766667 3.25495e-10
3.9 0.766667 2.15479e-10
3.96667 0.766667 1.42077e-10
4.03333 0.766667 9.34039e-11
4.1 0.766667 6.12736e-11
4.16667 0.766667 4.01332e-11
4.23333 0.766667 2.62562e-11
4.3 0.766667 1.71624e-11
4.36667 0.766667 1.121e-11
4.43333 0.766667 7.31737e-12
4.5 0.766667 4.77385e-12
4.56667 0.766667 3.11376e-12
4.63333 0.766667 2.03264e-12
4.7 0.766667 1.33206e-12
4.76667 0.766667 8.83361e-13
4.83333 0.766667 6.04153e-13
4.9 0.766667 4.43126e-13
4.96667 0.766667 3.70548e-13
0.0333333 0.833333 6.21053e-07
0.1 0.833333 8.1423e-07
0.166667 0.833333 1.20497e-06
0.233333 0.833333 1.78145e-06
0.3 0.833333 2.50795e-06
0.366667 0.833333 3.33933e-06
0.433333 0.833333 4.22088e-06
0.5 0.833333 5.06493e-06
0.566667 0.833333 5.75544e-06
0.633333 0.833333 6.15535e-06
0.7 0.833333 6.14293e-06
0.766667 0.833333 5.67396e-06
0.833333 0.833333 4.82805e-06
0.9 0.833333 3.79469e-06
0.966667 0.833333 2.78746e-06
1.03333 0.833333 1.94999e-06
1.1 0.833333 1.3213e-06
1.16667 0.833333 8.65891e-07
1.23333 0.833333 5.43808e-07
1.3 0.833333 3.32164e-07
1.36667 0.833333 2.15572e-07
1.43333 0.833333 1.76739e-07
1.5 0.833333 1.66173e-07
1.56667 0.833333 1.16193e-07
1.63333 0.833333 1.1316e-08
1.7 0.833333 8.57952e-08
1.76667 0.833333 1.12175e-07
1.83333 0.833333 6.87049e-08
1.9 0.833333 1.06525e-09
1.96667 0.833333 5.61356e-08
2.03333 0.833333 7.85161e-08
2.1 0.833333 7.15066e-08
2.16667 0.833333 4.85901e-08
2.23333 0.833333 2.32071e-08
2.3 0.833333 3.59132e-09
2.36667 0.833333 7.67069e-09
2.43333 0.833333 1.16778e-08
2.5 0.833333 1.0951e-08
2.56667 0.833333 7.91419e-09
2.63333 0.833333 4.25843e-09
2.7 0.833333 9.02863e-10
2.76667 0.833333 1.79246e-09
2.83333 0.833333 3.8046e-09
2.9 0.833333 5.28815e-09
2.96667 0.833333 6.40815e-09
3.03333 0.833333 7.20192e-09
3.1 0.833333 7.54736e-09
3.16667 0.833333 7.31156e-09
3.23333 0.833333 6.51968e-09
3.3 0.833333 5.38081e-09
3.36667 0.833333 4.16661e-09
3.43333 0.833333 3.07638e-09
3.5 0.833333 2.19693e-09
3.56667 0.833333 1.53286e-09
3.63333 0.833333 1.05175e-09
3.7 0.833333 7.12765e-10
3.76667 0.833333 4.78577e-10
3.83333 0.833333 3.19091e-10
3.9 0.833333 2.11625e-10
3.96667 0.833333 1.39783e-10
4.03333 0.833333 9.20389e-11
4.1 0.833333 6.04495e-11
4.16667 0.833333 3.96169e-11
4.23333 0.833333 2.59115e-11
4.3 0.833333 1.69112e-11
4.36667 0.833333 1.10086e-11
4.43333 0.833333 7.14174e-12
4.5 0.833333 4.611e-12
4.56667 0.833333 2.95686e-12
4.63333 0.833333 1.8782e-12
4.7 0.833333 1.17832e-12
4.76667 0.833333 7.2946e-13
4.83333 0.833333 4.49622e-13
4.9 0.833333 2.8768e-13
4.96667 0.833333 2.14002e-13
0.0333333 0.9 2.5658e-07
0.1 0.9 4.54148e-07
0.166667 0.9 8.54913e-07
0.233333 0.9 1.45683e-06
0.3 0.9 2.23896e-06
0.366667 0.9 3.15207e-06
0.433333 0.9 4.10467e-06
0.5 0.9 4.9701e-06
0.566667 0.9 5.60555e-06
0.633333 0.9 5.88532e-06
0.7 0.9 5.74344e-06
0.766667 0.9 5.20544e-06
0.833333 0.9 4.38715e-06
0.9 0.9 3.45337e-06
0.966667 0.9 2.55736e-06
1.03333 0.9 1.79598e-06
1.1 0.9 1.19852e-06
1.16667 0.9 7.5408e-07
1.23333 0.9 4.3875e-07
1.3 0.9 2.25815e-07
1.36667 0.9 9.36397e-08
1.43333 0.9 2.53092e-08
1.5 0.9 6.51204e-09
1.56667 0.9 2.39163e-08
1.63333 0.9 6.58409e-08
1.7 0.9 1.19608e-07
1.76667 0.9 1.67177e-07
1.83333 0.9 1.89658e-07
1.9 0.9 1.78569e-07
1.96667 0.9 1.40271e-07
2.03333 0.9 9.00829e-08
2.1 0.9 4.32644e-08
2.16667 0.9 9.14472e-09
2.23333 0.9 9.94671e-09
2.3 0.9 1.65649e-08
2.36667 0.9 1.5215e-08
2.43333 0.9 1.01391e-08
2.5 0.9 4.2807e-09
2.56667 0.9 8.19736e-10
2.63333 0.9 4.65855e-09
2.7 0.9 7.30501e-09
2.76667 0.9 9.03677e-09
2.83333 0.9 1.01231e-08
2.9 0.9 1.07278e-08
2.96667 0.9 1.08955e-08
3.03333 0.9 1.05984e-08
3.1 0.9 9.8199e-09
3.16667 0.9 8.62522e-09
3.23333 0.9 7.17435e-09
3.3 0.9 5.67068e-09
3.36667 0.9 4.28869e-09
3.43333 0.9 3.12996e-09
3.5 0.9 2.22248e-09
3.56667 0.9 1.54585e-09
3.63333 0.9 1.05866e-09
3.7 0.9 7.16567e-10
3.76667 0.9 4.80725e-10
3.83333 0.9 3.20331e-10
3.9 0.9 2.12349e-10
3.96667 0.9 1.40202e-10
4.03333 0.9 9.22711e-11
4.1 0.9 6.05622e-11
4.16667 0.9 3.96515e-11
4.23333 0.9 2.58942e-11
4.3 0.9 1.6859e-11
4.36667 0.9 1.0933e-11
4.43333 0.9 7.05032e-12
4.5 0.9 4.50899e-12
4.56667 0.9 2.84777e-12
4.63333 0.9 1.76437e-12
4.7 0.9 1.06131e-12
4.76667 0.9 6.10271e-13
4.83333 0.9 3.28902e-13
4.9 0.9 1.65806e-13
4.96667 0.9 9.1197e-14
0.0333333 0.966667 6.5237e-08
0.1 0.966667 2.63949e-07
0.166667 0.966667 6.68245e-07
0.233333 0.966667 1.28143e-06
0.3 0.966667 2.08717e-06
0.366667 0.966667 3.03211e-06
0.433333 0.966667 4.01488e-06
0.5 0.966667 4.89323e-06
0.566667 0.966667 5.5134e-06
0.633333 0.966667 5.7549e-06
0.7 0.966667 5.57326e-06
0.766667 0.966667 5.01815e-06
0.833333 0.966667 4.2148e-06
0.9 0.966667 3.3173e-06
0.966667 0.966667 2.45875e-06
1.03333 0.966667 1.7207e-06
1.1 0.966667 1.13333e-06
1.16667 0.966667 6.92776e-07
1.23333 0.966667 3.76729e-07
1.3 0.966667 1.57625e-07
1.36667 0.966667 1.35579e-08
1.43333 0.966667 6.37712e-08
1.5 0.966667 7.02813e-08
1.56667 0.966667 4.9571e-09
1.63333 0.966667 1.10719e-07
1.7 0.966667 2.30858e-07
1.76667 0.966667 3.07296e-07
1.83333 0.966667 3.16037e-07
1.9 0.966667 2.65236e-07
1.96667 0.966667 1.82945e-07
2.03333 0.966667 9.90133e-08
2.1 0.966667 3.33329e-08
2.16667 0.966667 6.93998e-09
2.23333 0.966667 2.42791e-08
2.3 0.966667 2.57925e-08
2.36667 0.966667 1.90537e-08
2.43333 0.966667 9.80521e-09
2.5 0.966667 1.36292e-09
2.56667 0.966667 4.9649e-09
2.63333 0.966667 9.11199e-09
2.7 0.966667 1.15597e-08
2.76667 0.966667 1.28741e-08
2.83333 0.966667 1.34738e-08
2.9 0.966667 1.35686e-08
2.96667 0.966667 1.32053e-08
3.03333 0.966667 1.23692e-08
3.1 0.966667 1.10847e-08
3.16667 0.966667 9.4666e-09
3.23333 0.966667 7.70263e-09
3.3 0.966667 5.99116e-09
3.36667 0.966667 4.48098e-09
3.43333 0.966667 3.24551e-09
3.5 0.966667 2.29207e-09
3.56667 0.966667 1.5877e-09
3.63333 0.966667 1.08376e-09
3.7 0.966667 7.31562e-10
3.76667 0.966667 4.89649e-10
3.83333 0.966667 3.25617e-10
3.9 0.966667 2.15462e-10
3.96667 0.966667 1.42021e-10
4.03333 0.966667 9.33213e-11
4.1 0.966667 6.1157e-11
4.16667 0.966667 3.99766e-11
4.23333 0.966667 2.60596e-11
4.3 0.966667 1.69298e-11
4.36667 0.966667 1.09475e-11
4.43333 0.966667 7.03141e-12
4.5 0.966667 4.47015e-12
4.56667 0.966667 2.79702e-12
4.63333 0.966667 1.70651e-12
4.7 0.966667 9.99192e-13
4.76667 0.966667 5.45628e-13
4.83333 0.966667 2.62775e-13
4.9 0.966667 9.88285e-14
4.96667 0.966667 2.37491e-14
