0.0333333 0.0333333 5.64251e-06
0.1 0.0333333 2.00719e-05
0.166667 0.0333333 4.2398e-05
0.233333 0.0333333 6.15758e-05
0.3 0.0333333 6.6511e-05
0.366667 0.0333333 5.21063e-05
0.433333 0.0333333 2.27322e-05
0.5 0.0333333 1.05501e-05
0.566667 0.0333333 3.68943e-05
0.633333 0.0333333 5.08056e-05
0.7 0.0333333 5.25747e-05
0.766667 0.0333333 4.5768e-05
0.833333 0.0333333 3.46741e-05
0.9 0.0333333 2.28446e-05
0.966667 0.0333333 1.25722e-05
1.03333 0.0333333 4.91729e-06
1.1 0.0333333 1.73874e-08
1.16667 0.0333333 2.52501e-06
1.23333 0.0333333 3.32009e-06
1.3 0.0333333 2.99103e-06
1.36667 0.0333333 2.07861e-06
1.43333 0.0333333 1.00473e-06
1.5 0.0333333 6.0411e-08
1.56667 0.0333333 5.93945e-07
1.63333 0.0333333 9.14332e-07
1.7 0.0333333 9.43385e-07
1.76667 0.0333333 7.7076e-07
1.83333 0.0333333 4.95132e-07
1.9 0.0333333 1.97971e-07
1.96667 0.0333333 6.73625e-08
2.03333 0.0333333 2.74355e-07
2.1 0.0333333 4.15951e-07
2.16667 0.0333333 4.96249e-07
2.23333 0.0333333 5.24043e-07
2.3 0.0333333 5.08856e-07
2.36667 0.0333333 4.59045e-07
2.43333 0.0333333 3.81248e-07
2.5 0.0333333 2.80608e-07
2.56667 0.0333333 1.61418e-07
2.63333 0.0333333 2.80115e-08
2.7 0.0333333 1.14198e-07
2.76667 0.0333333 2.57656e-07
2.83333 0.0333333 3.91966e-07
2.9 0.0333333 5.04238e-07
2.96667 0.0333333 5.81215e-07
3.03333 0.0333333 6.13095e-07
3.1 0.0333333 5.97541e-07
3.16667 0.0333333 5.41441e-07
3.23333 0.0333333 4.58925e-07
3.3 0.0333333 3.66536e-07
3.36667 0.0333333 2.78229e-07
3.43333 0.0333333 2.0259e-07
3.5 0.0333333 1.42781e-07
3.56667 0.0333333 9.81768e-08
3.63333 0.0333333 6.62857e-08
3.7 0.0333333 4.41605e-08
3.76667 0.0333333 2.91355e-08
3.83333 0.0333333 1.90866e-08
3.9 0.0333333 1.24387e-08
3.96667 0.0333333 8.07512e-09
4.03333 0.0333333 5.22693e-09
4.1 0.0333333 3.37532e-09
4.16667 0.0333333 2.17497e-09
4.23333 0.0333333 1.39833e-09
4.3 0.0333333 8.9648e-10
4.36667 0.0333333 5.72466e-10
4.43333 0.0333333 3.63376e-10
4.5 0.0333333 2.28504e-10
4.56667 0.0333333 1.41563e-10
4.63333 0.0333333 8.56074e-11
4.7 0.0333333 4.97409e-11
4.76667 0.0333333 2.69885e-11
4.83333 0.0333333 1.29322e-11
4.9 0.0333333 4.84592e-12
4.96667 0.0333333 1.16151e-12
0.0333333 0.1 2.17161e-05
0.1 0.1 2.8603e-05
0.166667 0.1 3.95187e-05
0.233333 0.1 4.93848e-05
0.3 0.1 5.15548e-05
0.366667 0.1 4.15377e-05
0.433333 0.1 2.00349e-05
0.5 0.1 6.51737e-06
0.566667 0.1 2.95691e-05
0.633333 0.1 4.34635e-05
0.7 0.1 4.71203e-05
0.766667 0.1 4.27171e-05
0.833333 0.1 3.36306e-05
0.9 0.1 2.3113e-05
0.966667 0.1 1.35329e-05
1.03333 0.1 6.12464e-06
1.1 0.1 1.16924e-06
1.16667 0.1 1.62456e-06
1.23333 0.1 2.77389e-06
1.3 0.1 2.81396e-06
1.36667 0.1 2.21181e-06
1.43333 0.1 1.34236e-06
1.5 0.1 4.83038e-07
1.56667 0.1 1.88918e-07
1.63333 0.1 5.94023e-07
1.7 0.1 7.35998e-07
1.76667 0.1 6.74001e-07
1.83333 0.1 4.893e-07
1.9 0.1 2.57489e-07
1.96667 0.1 3.32903e-08
2.03333 0.1 1.52232e-07
2.1 0.1 2.86908e-07
2.16667 0.1 3.70429e-07
2.23333 0.1 4.08301e-07
2.3 0.1 4.07848e-07
2.36667 0.1 3.76097e-07
2.43333 0.1 3.18952e-07
2.5 0.1 2.41161e-07
2.56667 0.1 1.46696e-07
2.63333 0.1 3.93546e-08
2.7 0.1 7.6511e-08
2.76667 0.1 1.95218e-07
2.83333 0.1 3.09066e-07
2.9 0.1 4.08102e-07
2.96667 0.1 4.81073e-07
3.03333 0.1 5.18103e-07
3.1 0.1 5.14511e-07
3.16667 0.1 4.73665e-07
3.23333 0.1 4.06551e-07
3.3 0.1 3.27841e-07
3.36667 0.1 2.50795e-07
3.43333 0.1 1.83927e-07
3.5 0.1 1.30591e-07
3.56667 0.1 9.04984e-08
3.63333 0.1 6.1588e-08
3.7 0.1 4.13479e-08
3.76667 0.1 2.74774e-08
3.83333 0.1 1.81198e-08
3.9 0.1 1.18795e-08
3.96667 0.1 7.75365e-09
4.03333 0.1 5.04322e-09
4.1 0.1 3.27107e-09
4.16667 0.1 2.11646e-09
4.23333 0.1 1.36612e-09
4.3 0.1 8.79398e-10
4.36667 0.1 5.64081e-10
4.43333 0.1 3.59999e-10
4.5 0.1 2.28012e-10
4.56667 0.1 1.42734e-10
4.63333 0.1 8.7735e-11
4.7 0.1 5.24158e-11
4.76667 0.1 2.9972e-11
4.83333 0.1 1.60843e-11
4.9 0.1 8.08521e-12
4.96667 0.1 4.44414e-12
0.0333333 0.166667 5.09097e-05
0.1 0.166667 4.47184e-05
0.166667 0.166667 3.50819e-05
0.233333 0.166667 2.48229e-05
0.3 0.166667 1.91426e-05
0.366667 0.166667 1.78114e-05
0.433333 0.166667 1.41816e-05
0.5 0.166667 2.29888e-06
0.566667 0.166667 1.45586e-05
0.633333 0.166667 2.87985e-05
0.7 0.166667 3.66476e-05
0.766667 0.166667 3.73334e-05
0.833333 0.166667 3.23091e-05
0.9 0.166667 2.43053e-05
0.966667 0.166667 1.59691e-05
1.03333 0.166667 8.96318e-06
1.1 0.166667 3.8617e-06
1.16667 0.166667 5.52415e-07
1.23333 0.166667 1.32861e-06
1.3 0.166667 2.15575e-06
1.36667 0.166667 2.24554e-06
1.43333 0.166667 1.86166e-06
1.5 0.166667 1.23351e-06
1.56667 0.166667 5.60963e-07
1.63333 0.166667 1.72819e-09
1.7 0.166667 3.67992e-07
1.76667 0.166667 5.25019e-07
1.83333 0.166667 5.15172e-07
1.9 0.166667 4.03902e-07
1.96667 0.166667 2.52051e-07
2.03333 0.166667 1.02217e-07
2.1 0.166667 2.23915e-08
2.16667 0.166667 1.12979e-07
2.23333 0.166667 1.6927e-07
2.3 0.166667 1.95014e-07
2.36667 0.166667 1.95249e-07
2.43333 0.166667 1.74934e-07
2.5 0.166667 1.38441e-07
2.56667 0.166667 8.95237e-08
2.63333 0.166667 3.1468e-08
2.7 0.166667 3.2726e-08
2.76667 0.166667 1.00201e-07
2.83333 0.166667 1.68025e-07
2.9 0.166667 2.32835e-07
2.96667 0.166667 2.89885e-07
3.03333 0.166667 3.32283e-07
3.1 0.166667 3.52057e-07
3.16667 0.166667 3.44114e-07
3.23333 0.166667 3.10444e-07
3.3 0.166667 2.60205e-07
3.36667 0.166667 2.05106e-07
3.43333 0.166667 1.54211e-07
3.5 0.166667 1.11955e-07
3.56667 0.166667 7.91763e-08
3.63333 0.166667 5.48751e-08
3.7 0.166667 3.744e-08
3.76667 0.166667 2.52333e-08
3.83333 0.166667 1.68444e-08
3.9 0.166667 1.11605e-08
3.96667 0.166667 7.35131e-09
4.03333 0.166667 4.81985e-09
4.1 0.166667 3.14842e-09
4.16667 0.166667 2.05034e-09
4.23333 0.166667 1.33168e-09
4.3 0.166667 8.62693e-10
4.36667 0.166667 5.57316e-10
4.43333 0.166667 3.58807e-10
4.5 0.166667 2.29949e-10
4.56667 0.166667 1.46428e-10
4.63333 0.166667 9.24186e-11
4.7 0.166667 5.7657e-11
4.76667 0.166667 3.55293e-11
4.83333 0.166667 2.1825e-11
4.9 0.166667 1.39411e-11
4.96667 0.166667 1.03851e-11
0.0333333 0.233333 8.49602e-05
0.1 0.233333 6.40287e-05
0.166667 0.233333 2.77337e-05
0.233333 0.233333 7.03788e-06
0.3 0.233333 4.19888e-05
0.366667 0.233333 3.20147e-05
0.433333 0.233333 6.28502e-07
0.5 0.233333 1.50047e-05
0.566667 0.233333 1.00494e-05
0.633333 0.233333 4.32681e-06
0.7 0.233333 1.94805e-05
0.766667 0.233333 2.89071e-05
0.833333 0.233333 3.06299e-05
0.9 0.233333 2.65247e-05
0.966667 0.233333 1.99465e-05
1.03333 0.233333 1.34879e-05
1.1 0.233333 8.22426e-06
1.16667 0.233333 4.22102e-06
1.23333 0.233333 1.28552e-06
1.3 0.233333 7.47918e-07
1.36667 0.233333 1.97842e-06
1.43333 0.233333 2.46665e-06
1.5 0.233333 2.30932e-06
1.56667 0.233333 1.69777e-06
1.63333 0.233333 9.00964e-07
1.7 0.233333 1.74792e-07
1.76667 0.233333 3.27763e-07
1.83333 0.233333 5.79402e-07
1.9 0.233333 6.35851e-07
1.96667 0.233333 5.7681e-07
2.03333 0.233333 4.68456e-07
2.1 0.233333 3.52601e-07
2.16667 0.233333 2.50395e-07
2.23333 0.233333 1.69585e-07
2.3 0.233333 1.10583e-07
2.36667 0.233333 7.04099e-08
2.43333 0.233333 4.48988e-08
2.5 0.233333 2.97695e-08
2.56667 0.233333 2.10954e-08
2.63333 0.233333 1.55505e-08
2.7 0.233333 1.07125e-08
2.76667 0.233333 5.61285e-09
2.83333 0.233333 1.519e-09
2.9 0.233333 2.24058e-09
2.96667 0.233333 1.60825e-08
3.03333 0.233333 5.00957e-08
3.1 0.233333 1.00062e-07
3.16667 0.233333 1.47271e-07
3.23333 0.233333 1.72098e-07
3.3 0.233333 1.69402e-07
3.36667 0.233333 1.47961e-07
3.43333 0.233333 1.19435e-07
3.5 0.233333 9.14606e-08
3.56667 0.233333 6.73592e-08
3.63333 0.233333 4.81758e-08
3.7 0.233333 3.36935e-08
3.76667 0.233333 2.31623e-08
3.83333 0.233333 1.57114e-08
3.9 0.233333 1.0547e-08
3.96667 0.233333 7.02281e-09
4.03333 0.233333 4.6466e-09
4.1 0.233333 3.05916e-09
4.16667 0.233333 2.00625e-09
4.23333 0.233333 1.31176e-09
4.3 0.233333 8.5565e-10
4.36667 0.233333 5.57099e-10
4.43333 0.233333 3.62193e-10
4.5 0.233333 2.3523e-10
4.56667 0.233333 1.52704e-10
4.63333 0.233333 9.92161e-11
4.7 0.233333 6.47327e-11
4.76667 0.233333 4.27616e-11
4.83333 0.233333 2.91598e-11
4.9 0.233333 2.13633e-11
4.96667 0.233333 1.79024e-11
0.0333333 0.3 0.000111243
0.1 0.3 7.99739e-05
0.166667 0.3 2.22785e-05
0.233333 0.3 5.1208e-05
0.3 0.3 9.02354e-05
0.366667 0.3 0.00015888
0.433333 0.3 4.1045e-05
0.5 0.3 3.03413e-05
0.566667 0.3 4.71664e-05
0.633333 0.3 3.32322e-05
0.7 0.3 7.88149e-06
0.766667 0.3 1.49831e-05
0.833333 0.3 2.76437e-05
0.9 0.3 2.93064e-05
0.966667 0.3 2.48132e-05
1.03333 0.3 1.92571e-05
1.1 0.3 1.411e-05
1.16667 0.3 9.47085e-06
1.23333 0.3 5.37876e-06
1.3 0.3 1.8513e-06
1.36667 0.3 9.91396e-07
1.43333 0.3 2.90558e-06
1.5 0.3 3.66095e-06
1.56667 0.3 3.29303e-06
1.63333 0.3 2.19467e-06
1.7 0.3 9.28114e-07
1.76667 0.3 8.11162e-08
1.83333 0.3 6.8509e-07
1.9 0.3 9.42885e-07
1.96667 0.3 9.81434e-07
2.03333 0.3 9.09447e-07
2.1 0.3 7.9572e-07
2.16667 0.3 6.76598e-07
2.23333 0.3 5.6777e-07
2.3 0.3 4.73483e-07
2.36667 0.3 3.92342e-07
2.43333 0.3 3.20554e-07
2.5 0.3 2.53576e-07
2.56667 0.3 1.86911e-07
2.63333 0.3 1.16552e-07
2.7 0.3 3.94332e-08
2.76667 0.3 4.57936e-08
2.83333 0.3 1.37392e-07
2.9 0.3 2.28612e-07
2.96667 0.3 3.10249e-07
3.03333 0.3 3.36589e-07
3.1 0.3 2.7111e-07
3.16667 0.3 1.39321e-07
3.23333 0.3 1.37076e-08
3.3 0.3 5.9843e-08
3.36667 0.3 8.56378e-08
3.43333 0.3 8.53715e-08
3.5 0.3 7.3066e-08
3.56667 0.3 5.75215e-08
3.63333 0.3 4.29649e-08
3.7 0.3 3.09654e-08
3.76667 0.3 2.17548e-08
3.83333 0.3 1.49988e-08
3.9 0.3 1.01953e-08
3.96667 0.3 6.85571e-09
4.03333 0.3 4.57211e-09
4.1 0.3 3.03005e-09
4.16667 0.3 1.99868e-09
4.23333 0.3 1.31397e-09
4.3 0.3 8.61991e-10
4.36667 0.3 5.64976e-10
4.43333 0.3 3.70479e-10
4.5 0.3 2.43487e-10
4.56667 0.3 1.60798e-10
4.63333 0.3 1.0714e-10
4.7 0.3 7.25236e-11
4.76667 0.3 5.04678e-11
4.83333 0.3 3.68314e-11
4.9 0.3 2.90515e-11
4.96667 0.3 2.56652e-11
0.0333333 0.366667 0.000117989
0.1 0.366667 8.472e-05
0.166667 0.366667 2.25984e-05
0.233333 0.366667 5.86603e-05
0.3 0.366667 0.000157818
0.366667 0.366667 5.52292e-05
0.433333 0.366667 6.26955e-05
0.5 0.366667 6.16195e-05
0.566667 0.366667 9.37321e-05
0.633333 0.366667 8.57385e-05
0.7 0.366667 5.11887e-05
0.766667 0.366667 1.14371e-05
0.833333 0.366667 2.14836e-05
0.9 0.366667 3.13753e-05
0.966667 0.366667 2.90459e-05
1.03333 0.366667 2.54551e-05
1.1 0.366667 2.08008e-05
1.16667 0.366667 1.5841e-05
1.23333 0.366667 1.08668e-05
1.3 0.366667 5.9777e-06
1.36667 0.366667 1.27063e-06
1.43333 0.366667 2.74843e-06
1.5 0.366667 5.23049e-06
1.56667 0.366667 5.55825e-06
1.63333 0.366667 4.11541e-06
1.7 0.366667 2.01794e-06
1.76667 0.366667 2.6237e-07
1.83333 0.366667 7.96608e-07
1.9 0.366667 1.27378e-06
1.96667 0.366667 1.40056e-06
2.03333 0.366667 1.35192e-06
2.1 0.366667 1.23097e-06
2.16667 0.366667 1.0903e-06
2.23333 0.366667 9.52818e-07
2.3 0.366667 8.25704e-07
2.36667 0.366667 7.08458e-07
2.43333 0.366667 5.97267e-07
2.5 0.366667 4.8716e-07
2.56667 0.366667 3.73015e-07
2.63333 0.366667 2.5003e-07
2.7 0.366667 1.1405e-07
2.76667 0.366667 3.79759e-08
2.83333 0.366667 2.07068e-07
2.9 0.366667 3.90262e-07
2.96667 0.366667 5.77729e-07
3.03333 0.366667 8.11438e-07
3.1 0.366667 8.32894e-07
3.16667 0.366667 5.739e-07
3.23333 0.366667 2.60043e-07
3.3 0.366667 6.53988e-08
3.36667 0.366667 2.58118e-08
3.43333 0.366667 5.62804e-08
3.5 0.366667 5.88083e-08
3.56667 0.366667 5.05205e-08
3.63333 0.366667 3.95543e-08
3.7 0.366667 2.93356e-08
3.76667 0.366667 2.10023e-08
3.83333 0.366667 1.46716e-08
3.9 0.366667 1.00685e-08
3.96667 0.366667 6.81905e-09
4.03333 0.366667 4.57292e-09
4.1 0.366667 3.04418e-09
4.16667 0.366667 2.01576e-09
4.23333 0.366667 1.33004e-09
4.3 0.366667 8.75945e-10
4.36667 0.366667 5.76838e-10
4.43333 0.366667 3.80643e-10
4.5 0.366667 2.52395e-10
4.56667 0.366667 1.68828e-10
4.63333 0.366667 1.1458e-10
4.7 0.366667 7.95821e-11
4.76667 0.366667 5.72922e-11
4.83333 0.366667 4.35276e-11
4.9 0.366667 3.57028e-11
4.96667 0.366667 3.2353e-11
0.0333333 0.433333 0.000102292
0.1 0.433333 7.45995e-05
0.166667 0.433333 2.51597e-05
0.233333 0.433333 2.8273e-05
0.3 0.433333 7.50986e-05
0.366667 0.433333 8.67859e-05
0.433333 0.433333 1.65183e-05
0.5 0.433333 9.62344e-05
0.566667 0.433333 0.00012959
0.633333 0.433333 0.000135575
0.7 0.433333 0.000105129
0.766667 0.433333 5.38127e-05
0.833333 0.433333 2.16024e-06
0.9 0.433333 2.86756e-05
0.966667 0.433333 3.25197e-05
1.03333 0.433333 3.08578e-05
1.1 0.433333 2.69089e-05
1.16667 0.433333 2.20539e-05
1.23333 0.433333 1.68252e-05
1.3 0.433333 1.13516e-05
1.36667 0.433333 5.53566e-06
1.43333 0.433333 1.07274e-06
1.5 0.433333 6.668e-06
1.56667 0.433333 8.92502e-06
1.63333 0.433333 7.15583e-06
1.7 0.433333 3.66265e-06
1.76667 0.433333 7.60012e-07
1.83333 0.433333 8.60561e-07
1.9 0.433333 1.5546e-06
1.96667 0.433333 1.74877e-06
2.03333 0.433333 1.70747e-06
2.1 0.433333 1.57094e-06
2.16667 0.433333 1.40672e-06
2.23333 0.433333 1.2433e-06
2.3 0.433333 1.08958e-06
2.36667 0.433333 9.45255e-07
2.43333 0.433333 8.06187e-07
2.5 0.433333 6.66939e-07
2.56667 0.433333 5.21918e-07
2.63333 0.433333 3.65829e-07
2.7 0.433333 1.93847e-07
2.76667 0.433333 1.72383e-09
2.83333 0.433333 2.13968e-07
2.9 0.433333 4.55127e-07
2.96667 0.433333 7.17006e-07
3.03333 0.433333 9.77614e-07
3.1 0.433333 1.77683e-06
3.16667 0.433333 1.37507e-06
3.23333 0.433333 5.56292e-07
3.3 0.433333 1.75261e-07
3.36667 0.433333 2.0227e-08
3.43333 0.433333 3.59662e-08
3.5 0.433333 4.95662e-08
3.56667 0.433333 4.6277e-08
3.63333 0.433333 3.76258e-08
3.7 0.433333 2.84883e-08
3.76667 0.433333 2.0656e-08
3.83333 0.433333 1.4551e-08
3.9 0.433333 1.00441e-08
3.96667 0.433333 6.83128e-09
4.03333 0.433333 4.59572e-09
4.1 0.433333 3.06707e-09
4.16667 0.433333 2.03527e-09
4.23333 0.433333 1.34566e-09
4.3 0.433333 8.88221e-10
4.36667 0.433333 5.86553e-10
4.43333 0.433333 3.88525e-10
4.5 0.433333 2.59017e-10
4.56667 0.433333 1.74611e-10
4.63333 0.433333 1.19818e-10
4.7 0.433333 8.44717e-11
4.76667 0.433333 6.19671e-11
4.83333 0.433333 4.80788e-11
4.9 0.433333 4.01985e-11
4.96667 0.433333 3.6859e-11
0.0333333 0.5 7.2199e-05
0.1 0.5 5.3579e-05
0.166667 0.5 2.23589e-05
0.233333 0.5 5.6565e-06
0.3 0.5 1.7582e-05
0.366667 0.5 1.12987e-05
0.433333 0.5 6.33934e-05
0.5 0.5 0.000107057
0.566667 0.5 0.000131221
0.633333 0.5 0.000139106
0.7 0.5 0.000112632
0.766667 0.5 6.12386e-05
0.833333 0.5 1.55787e-06
0.9 0.5 2.90215e-05
0.966667 0.5 3.50007e-05
1.03333 0.5 3.41596e-05
1.1 0.5 3.07363e-05
1.16667 0.5 2.62828e-05
1.23333 0.5 2.14235e-05
1.3 0.5 1.63576e-05
1.36667 0.5 1.10622e-05
1.43333 0.5 5.29613e-06
1.5 0.5 6.59632e-06
1.56667 0.5 1.38939e-05
1.63333 0.5 1.2466e-05
1.7 0.5 6.10139e-06
1.76667 0.5 1.34654e-06
1.83333 0.5 8.59318e-07
1.9 0.5 1.72422e-06
1.96667 0.5 1.95339e-06
2.03333 0.5 1.90341e-06
2.1 0.5 1.74667e-06
2.16667 0.5 1.56136e-06
2.23333 0.5 1.37894e-06
2.3 0.5 1.20862e-06
2.36667 0.5 1.04962e-06
2.43333 0.5 8.97163e-07
2.5 0.5 7.45268e-07
2.56667 0.5 5.87925e-07
2.63333 0.5 4.19524e-07
2.7 0.5 2.34962e-07
2.76667 0.5 2.9626e-08
2.83333 0.5 2.00634e-07
2.9 0.5 4.59089e-07
2.96667 0.5 7.4742e-07
3.03333 0.5 1.00092e-06
3.1 0.5 2.07997e-06
3.16667 0.5 2.07923e-06
3.23333 0.5 6.9172e-07
3.3 0.5 2.20495e-07
3.36667 0.5 3.75145e-08
3.43333 0.5 2.88031e-08
3.5 0.5 4.6486e-08
3.56667 0.5 4.49446e-08
3.63333 0.5 3.70638e-08
3.7 0.5 2.82678e-08
3.76667 0.5 2.05837e-08
3.83333 0.5 1.45396e-08
3.9 0.5 1.00547e-08
3.96667 0.5 6.84738e-09
4.03333 0.5 4.61095e-09
4.1 0.5 3.0795e-09
4.16667 0.5 2.0448e-09
4.23333 0.5 1.35277e-09
4.3 0.5 8.93513e-10
4.36667 0.5 5.90557e-10
4.43333 0.5 3.91649e-10
4.5 0.5 2.61557e-10
4.56667 0.5 1.76771e-10
4.63333 0.5 1.21733e-10
4.7 0.5 8.62331e-11
4.76667 0.5 6.36338e-11
4.83333 0.5 4.96901e-11
4.9 0.5 4.17836e-11
4.96667 0.5 3.84454e-11
0.0333333 0.566667 4.02397e-05
0.1 0.566667 2.98947e-05
0.166667 0.566667 1.32738e-05
0.233333 0.566667 2.50565e-06
0.3 0.566667 8.21748e-06
0.366667 0.566667 3.16792e-05
0.433333 0.566667 6.24349e-05
0.5 0.566667 8.64583e-05
0.566667 0.566667 9.85663e-05
0.633333 0.566667 9.95996e-05
0.7 0.566667 7.59048e-05
0.766667 0.566667 3.46677e-05
0.833333 0.566667 1.21783e-05
0.9 0.566667 3.34897e-05
0.966667 0.566667 3.58966e-05
1.03333 0.566667 3.41639e-05
1.1 0.566667 3.07249e-05
1.16667 0.566667 2.66101e-05
1.23333 0.566667 2.22722e-05
1.3 0.566667 1.79092e-05
1.36667 0.566667 1.37436e-05
1.43333 0.566667 1.02989e-05
1.5 0.566667 1.32545e-05
1.56667 0.566667 2.51981e-05
1.63333 0.566667 2.4611e-05
1.7 0.566667 8.31009e-06
1.76667 0.566667 1.80453e-06
1.83333 0.566667 7.82599e-07
1.9 0.566667 1.72425e-06
1.96667 0.566667 1.95075e-06
2.03333 0.566667 1.88188e-06
2.1 0.566667 1.70739e-06
2.16667 0.566667 1.50946e-06
2.23333 0.566667 1.31965e-06
2.3 0.566667 1.14627e-06
2.36667 0.566667 9.87603e-07
2.43333 0.566667 8.38126e-07
2.5 0.566667 6.91323e-07
2.56667 0.566667 5.40809e-07
2.63333 0.566667 3.80731e-07
2.7 0.566667 2.05883e-07
2.76667 0.566667 1.17697e-08
2.83333 0.566667 2.05165e-07
2.9 0.566667 4.46805e-07
2.96667 0.566667 7.08086e-07
3.03333 0.566667 9.65035e-07
3.1 0.566667 1.76831e-06
3.16667 0.566667 1.37395e-06
3.23333 0.566667 5.56967e-07
3.3 0.566667 1.75658e-07
3.36667 0.566667 2.04338e-08
3.43333 0.566667 3.58626e-08
3.5 0.566667 4.95148e-08
3.56667 0.566667 4.62517e-08
3.63333 0.566667 3.76133e-08
3.7 0.566667 2.84822e-08
3.76667 0.566667 2.06529e-08
3.83333 0.566667 1.45495e-08
3.9 0.566667 1.00433e-08
3.96667 0.566667 6.83092e-09
4.03333 0.566667 4.59554e-09
4.1 0.566667 3.06698e-09
4.16667 0.566667 2.03523e-09
4.23333 0.566667 1.34564e-09
4.3 0.566667 8.8821e-10
4.36667 0.566667 5.86548e-10
4.43333 0.566667 3.88522e-10
4.5 0.566667 2.59016e-10
4.56667 0.566667 1.74611e-10
4.63333 0.566667 1.19817e-10
4.7 0.566667 8.44715e-11
4.76667 0.566667 6.1967e-11
4.83333 0.566667 4.80787e-11
4.9 0.566667 4.01985e-11
4.96667 0.566667 3.6859e-11
0.0333333 0.633333 1.58242e-05
0.1 0.633333 1.12072e-05
0.166667 0.633333 4.21803e-06
0.233333 0.633333 2.34634e-06
0.3 0.633333 9.62452e-06
0.366667 0.633333 2.44034e-05
0.433333 0.633333 4.01709e-05
0.5 0.633333 5.00215e-05
0.566667 0.633333 4.98018e-05
0.633333 0.633333 3.5409e-05
0.7 0.633333 9.77482e-06
0.766667 0.633333 1.58482e-05
0.833333 0.633333 3.61707e-05
0.9 0.633333 3.84552e-05
0.966667 0.633333 3.39092e-05
1.03333 0.633333 3.03952e-05
1.1 0.633333 2.6506e-05
1.16667 0.633333 2.25136e-05
1.23333 0.633333 1.8497e-05
1.3 0.633333 1.44386e-05
1.36667 0.633333 1.0323e-05
1.43333 0.633333 6.53509e-06
1.5 0.633333 3.22339e-06
1.56667 0.633333 2.72343e-05
1.63333 0.633333 2.90585e-05
1.7 0.633333 8.28858e-06
1.76667 0.633333 1.78855e-06
1.83333 0.633333 7.10853e-07
1.9 0.633333 1.56999e-06
1.96667 0.633333 1.74332e-06
2.03333 0.633333 1.6453e-06
2.1 0.633333 1.45868e-06
2.16667 0.633333 1.26025e-06
2.23333 0.633333 1.07789e-06
2.3 0.633333 9.17631e-07
2.36667 0.633333 7.76396e-07
2.43333 0.633333 6.47939e-07
2.5 0.633333 5.2538e-07
2.56667 0.633333 4.02208e-07
2.63333 0.633333 2.72643e-07
2.7 0.633333 1.31852e-07
2.76667 0.633333 2.36822e-08
2.83333 0.633333 1.95311e-07
2.9 0.633333 3.80333e-07
2.96667 0.633333 5.69253e-07
3.03333 0.633333 8.06034e-07
3.1 0.633333 8.31109e-07
3.16667 0.633333 5.74342e-07
3.23333 0.633333 2.61009e-07
3.3 0.633333 6.60318e-08
3.36667 0.633333 2.54732e-08
3.43333 0.633333 5.61074e-08
3.5 0.633333 5.87215e-08
3.56667 0.633333 5.04772e-08
3.63333 0.633333 3.95328e-08
3.7 0.633333 2.93249e-08
3.76667 0.633333 2.09971e-08
3.83333 0.633333 1.4669e-08
3.9 0.633333 1.00672e-08
3.96667 0.633333 6.81841e-09
4.03333 0.633333 4.57261e-09
4.1 0.633333 3.04403e-09
4.16667 0.633333 2.01568e-09
4.23333 0.633333 1.33e-09
4.3 0.633333 8.75926e-10
4.36667 0.633333 5.76829e-10
4.43333 0.633333 3.80639e-10
4.5 0.633333 2.52392e-10
4.56667 0.633333 1.68827e-10
4.63333 0.633333 1.1458e-10
4.7 0.633333 7.95817e-11
4.76667 0.633333 5.7292e-11
4.83333 0.633333 4.35275e-11
4.9 0.633333 3.57028e-11
4.96667 0.633333 3.2353e-11
0.0333333 0.7 1.82824e-06
0.1 0.7 1.80094e-07
0.166667 0.7 2.18055e-06
0.233333 0.7 1.8596e-06
0.3 0.7 2.3773e-06
0.366667 0.7 8.86059e-06
0.433333 0.7 1.40428e-05
0.5 0.7 1.44448e-05
0.566667 0.7 7.93411e-06
0.633333 0.7 4.99123e-06
0.7 0.7 2.02565e-05
0.766667 0.7 3.20388e-05
0.833333 0.7 3.67e-05
0.9 0.7 3.43502e-05
0.966667 0.7 2.8774e-05
1.03333 0.7 2.35077e-05
1.1 0.7 1.90687e-05
1.16667 0.7 1.51015e-05
1.23333 0.7 1.13495e-05
1.3 0.7 7.50191e-06
1.36667 0.7 3.17512e-06
1.43333 0.7 2.45444e-06
1.5 0.7 1.23766e-05
1.56667 0.7 2.10814e-05
1.63333 0.7 1.52959e-05
1.7 0.7 5.94164e-06
1.76667 0.7 1.16907e-06
1.83333 0.7 7.05156e-07
1.9 0.7 1.31029e-06
1.96667 0.7 1.37606e-06
2.03333 0.7 1.23772e-06
2.1 0.7 1.04478e-06
2.16667 0.7 8.58301e-07
2.23333 0.7 6.98388e-07
2.3 0.7 5.67215e-07
2.36667 0.7 4.59972e-07
2.43333 0.7 3.69794e-07
2.5 0.7 2.89799e-07
2.56667 0.7 2.13823e-07
2.63333 0.7 1.3671e-07
2.7 0.7 5.4606e-08
2.76667 0.7 3.43896e-08
2.83333 0.7 1.28954e-07
2.9 0.7 2.22703e-07
2.96667 0.7 3.06855e-07
3.03333 0.7 3.3551e-07
3.1 0.7 2.71635e-07
3.16667 0.7 1.40455e-07
3.23333 0.7 1.47243e-08
3.3 0.7 5.91763e-08
3.36667 0.7 8.52674e-08
3.43333 0.7 8.51776e-08
3.5 0.7 7.2967e-08
3.56667 0.7 5.74716e-08
3.63333 0.7 4.29399e-08
3.7 0.7 3.0953e-08
3.76667 0.7 2.17486e-08
3.83333 0.7 1.49957e-08
3.9 0.7 1.01938e-08
3.96667 0.7 6.85495e-09
4.03333 0.7 4.57173e-09
4.1 0.7 3.02986e-09
4.16667 0.7 1.99859e-09
4.23333 0.7 1.31392e-09
4.3 0.7 8.61968e-10
4.36667 0.7 5.64964e-10
4.43333 0.7 3.70474e-10
4.5 0.7 2.43484e-10
4.56667 0.7 1.60797e-10
4.63333 0.7 1.0714e-10
4.7 0.7 7.25232e-11
4.76667 0.7 5.04676e-11
4.83333 0.7 3.68313e-11
4.9 0.7 2.90515e-11
4.96667 0.7 2.56651e-11
0.0333333 0.766667 3.51829e-06
0.1 0.766667 4.23374e-06
0.166667 0.766667 5.50798e-06
0.233333 0.766667 6.25869e-06
0.3 0.766667 6.32686e-06
0.366667 0.766667 6.62436e-06
0.433333 0.766667 8.54419e-06
0.5 0.766667 1.31109e-05
0.566667 0.766667 2.02093e-05
0.633333 0.766667 2.82146e-05
0.7 0.766667 3.44743e-05
0.766667 0.766667 3.66156e-05
0.833333 0.766667 3.40167e-05
0.9 0.766667 2.81678e-05
0.966667 0.766667 2.13875e-05
1.03333 0.766667 1.53553e-05
1.1 0.766667 1.05971e-05
1.16667 0.766667 6.87989e-06
1.23333 0.766667 3.78017e-06
1.3 0.766667 8.67464e-07
1.36667 0.766667 2.29317e-06
1.43333 0.766667 6.02881e-06
1.5 0.766667 9.25214e-06
1.56667 0.766667 9.28989e-06
1.63333 0.766667 6.17693e-06
1.7 0.766667 2.461e-06
1.76667 0.766667 1.2324e-07
1.83333 0.766667 8.35466e-07
1.9 0.766667 1.05442e-06
1.96667 0.766667 9.57233e-07
2.03333 0.766667 7.60391e-07
2.1 0.766667 5.60346e-07
2.16667 0.766667 3.92916e-07
2.23333 0.766667 2.65836e-07
2.3 0.766667 1.75391e-07
2.36667 0.766667 1.14255e-07
2.43333 0.766667 7.48224e-08
2.5 0.766667 5.038e-08
2.56667 0.766667 3.53742e-08
2.63333 0.766667 2.54186e-08
2.7 0.766667 1.7406e-08
2.76667 0.766667 9.92289e-09
2.83333 0.766667 3.9451e-09
2.9 0.766667 3.10733e-09
2.96667 0.766667 1.57149e-08
3.03333 0.766667 4.89339e-08
3.1 0.766667 9.86244e-08
3.16667 0.766667 1.45979e-07
3.23333 0.766667 1.71155e-07
3.3 0.766667 1.6881e-07
3.36667 0.766667 1.47625e-07
3.43333 0.766667 1.19255e-07
3.5 0.766667 9.13675e-08
3.56667 0.766667 6.73117e-08
3.63333 0.766667 4.81518e-08
3.7 0.766667 3.36815e-08
3.76667 0.766667 2.31562e-08
3.83333 0.766667 1.57084e-08
3.9 0.766667 1.05455e-08
3.96667 0.766667 7.02206e-09
4.03333 0.766667 4.64622e-09
4.1 0.766667 3.05898e-09
4.16667 0.766667 2.00616e-09
4.23333 0.766667 1.31171e-09
4.3 0.766667 8.55627e-10
4.36667 0.766667 5.57087e-10
4.43333 0.766667 3.62187e-10
4.5 0.766667 2.35227e-10
4.56667 0.766667 1.52702e-10
4.63333 0.766667 9.92154e-11
4.7 0.766667 6.47323e-11
4.76667 0.766667 4.27614e-11
4.83333 0.766667 2.91596e-11
4.9 0.766667 2.13632e-11
4.96667 0.766667 1.79023e-11
0.0333333 0.833333 3.7064e-06
0.1 0.833333 4.61326e-06
0.166667 0.833333 6.63084e-06
0.233333 0.833333 9.71536e-06
0.3 0.833333 1.39382e-05
0.366667 0.833333 1.93666e-05
0.433333 0.833333 2.58073e-05
0.5 0.833333 3.25911e-05
0.566667 0.833333 3.85204e-05
0.633333 0.833333 4.20959e-05
0.7 0.833333 4.20557e-05
0.766667 0.833333 3.80495e-05
0.833333 0.833333 3.09607e-05
0.9 0.833333 2.25251e-05
0.966667 0.833333 1.44978e-05
1.03333 0.833333 7.97378e-06
1.1 0.833333 3.2542e-06
1.16667 0.833333 1.1542e-07
1.23333 0.833333 1.86859e-06
1.3 0.833333 3.12708e-06
1.36667 0.833333 3.96463e-06
1.43333 0.833333 4.36945e-06
1.5 0.833333 4.0012e-06
1.56667 0.833333 2.73169e-06
1.63333 0.833333 1.02766e-06
1.7 0.833333 3.50678e-07
1.76667 0.833333 1.02284e-06
1.83333 0.833333 1.10848e-06
1.9 0.833333 8.97574e-07
1.96667 0.833333 6.02198e-07
2.03333 0.833333 3.27777e-07
2.1 0.833333 1.1316e-07
2.16667 0.833333 3.62688e-08
2.23333 0.833333 1.28561e-07
2.3 0.833333 1.75245e-07
2.36667 0.833333 1.87126e-07
2.43333 0.833333 1.72989e-07
2.5 0.833333 1.39591e-07
2.56667 0.833333 9.20956e-08
2.63333 0.833333 3.46006e-08
2.7 0.833333 2.94465e-08
2.76667 0.833333 9.69545e-08
2.83333 0.833333 1.64888e-07
2.9 0.833333 2.29872e-07
2.96667 0.833333 2.87193e-07
3.03333 0.833333 3.29985e-07
3.1 0.833333 3.50249e-07
3.16667 0.833333 3.42818e-07
3.23333 0.833333 3.09595e-07
3.3 0.833333 2.59692e-07
3.36667 0.833333 2.04816e-07
3.43333 0.833333 1.54055e-07
3.5 0.833333 1.11873e-07
3.56667 0.833333 7.91344e-08
3.63333 0.833333 5.48538e-08
3.7 0.833333 3.74292e-08
3.76667 0.833333 2.52279e-08
3.83333 0.833333 1.68417e-08
3.9 0.833333 1.11592e-08
3.96667 0.833333 7.35063e-09
4.03333 0.833333 4.81951e-09
4.1 0.833333 3.14825e-09
4.16667 0.833333 2.05026e-09
4.23333 0.833333 1.33163e-09
4.3 0.833333 8.62672e-10
4.36667 0.833333 5.57305e-10
4.43333 0.833333 3.58801e-10
4.5 0.833333 2.29946e-10
4.56667 0.833333 1.46427e-10
4.63333 0.833333 9.24179e-11
4.7 0.833333 5.76567e-11
4.76667 0.833333 3.55291e-11
4.83333 0.833333 2.18249e-11
4.9 0.833333 1.3941e-11
4.96667 0.833333 1.03851e-11
0.0333333 0.9 1.98574e-06
0.1 0.9 3.44557e-06
0.166667 0.9 6.69174e-06
0.233333 0.9 1.2021e-05
0.3 0.9 1.94116e-05
0.366667 0.9 2.82661e-05
0.433333 0.9 3.73685e-05
0.5 0.9 4.50957e-05
0.566667 0.9 4.98133e-05
0.633333 0.9 5.03468e-05
0.7 0.9 4.63928e-05
0.766667 0.9 3.86913e-05
0.833333 0.9 2.88157e-05
0.9 0.9 1.8626e-05
0.966667 0.9 9.66463e-06
1.03333 0.9 2.80386e-06
1.1 0.9 1.75151e-06
1.16667 0.9 4.23747e-06
1.23333 0.9 5.07968e-06
1.3 0.9 4.72702e-06
1.36667 0.9 3.57526e-06
1.43333 0.9 1.96954e-06
1.5 0.9 2.61109e-07
1.56667 0.9 1.177e-06
1.63333 0.9 2.04367e-06
1.7 0.9 2.25249e-06
1.76667 0.9 1.95528e-06
1.83333 0.9 1.41305e-06
1.9 0.9 8.44549e-07
1.96667 0.9 3.66528e-07
2.03333 0.9 1.40728e-08
2.1 0.9 2.19842e-07
2.16667 0.9 3.5713e-07
2.23333 0.9 4.21058e-07
2.3 0.9 4.31036e-07
2.36667 0.9 4.01562e-07
2.43333 0.9 3.42846e-07
2.5 0.9 2.61969e-07
2.56667 0.9 1.64079e-07
2.63333 0.9 5.35171e-08
2.7 0.9 6.51623e-08
2.76667 0.9 1.86242e-07
2.83333 0.9 3.0206e-07
2.9 0.9 4.02734e-07
2.96667 0.9 4.77069e-07
3.03333 0.9 5.15224e-07
3.1 0.9 5.12537e-07
3.16667 0.9 4.72381e-07
3.23333 0.9 4.05761e-07
3.3 0.9 3.2738e-07
3.36667 0.9 2.50538e-07
3.43333 0.9 1.83789e-07
3.5 0.9 1.30519e-07
3.56667 0.9 9.04608e-08
3.63333 0.9 6.15689e-08
3.7 0.9 4.13381e-08
3.76667 0.9 2.74725e-08
3.83333 0.9 1.81173e-08
3.9 0.9 1.18782e-08
3.96667 0.9 7.75302e-09
4.03333 0.9 5.0429e-09
4.1 0.9 3.27092e-09
4.16667 0.9 2.11639e-09
4.23333 0.9 1.36608e-09
4.3 0.9 8.79378e-10
4.36667 0.9 5.64071e-10
4.43333 0.9 3.59994e-10
4.5 0.9 2.2801e-10
4.56667 0.9 1.42733e-10
4.63333 0.9 8.77343e-11
4.7 0.9 5.24155e-11
4.76667 0.9 2.99718e-11
4.83333 0.9 1.60842e-11
4.9 0.9 8.08517e-12
4.96667 0.9 4.44413e-12
0.0333333 0.966667 5.78795e-07
0.1 0.966667 2.4447e-06
0.166667 0.966667 6.54911e-06
0.233333 0.966667 1.32556e-05
0.3 0.966667 2.24159e-05
0.366667 0.966667 3.30577e-05
0.433333 0.966667 4.34547e-05
0.5 0.966667 5.15532e-05
0.566667 0.966667 5.5575e-05
0.633333 0.966667 5.45673e-05
0.7 0.966667 4.87019e-05
0.766667 0.966667 3.92061e-05
0.833333 0.966667 2.79483e-05
0.9 0.966667 1.68535e-05
0.966667 0.966667 7.3999e-06
1.03333 0.966667 3.84542e-07
1.1 0.966667 4.02506e-06
1.16667 0.966667 6.07755e-06
1.23333 0.966667 6.21678e-06
1.3 0.966667 4.94903e-06
1.36667 0.966667 2.81184e-06
1.43333 0.966667 3.85535e-07
1.5 0.966667 1.74606e-06
1.56667 0.966667 3.1296e-06
1.63333 0.966667 3.59368e-06
1.7 0.966667 3.28108e-06
1.76667 0.966667 2.52117e-06
1.83333 0.966667 1.64423e-06
1.9 0.966667 8.65027e-07
1.96667 0.966667 2.70402e-07
2.03333 0.966667 1.36083e-07
2.1 0.966667 3.86423e-07
2.16667 0.966667 5.19275e-07
2.23333 0.966667 5.67871e-07
2.3 0.966667 5.57032e-07
2.36667 0.966667 5.0392e-07
2.43333 0.966667 4.199e-07
2.5 0.966667 3.12467e-07
2.56667 0.966667 1.86966e-07
2.63333 0.966667 4.81063e-08
2.7 0.966667 9.86412e-08
2.76667 0.966667 2.45802e-07
2.83333 0.966667 3.831e-07
2.9 0.966667 4.97763e-07
2.96667 0.966667 5.76624e-07
3.03333 0.966667 6.09955e-07
3.1 0.966667 5.9548e-07
3.16667 0.966667 5.40147e-07
3.23333 0.966667 4.58149e-07
3.3 0.966667 3.66089e-07
3.36667 0.966667 2.77981e-07
3.43333 0.966667 2.02456e-07
3.5 0.966667 1.42711e-07
3.56667 0.966667 9.81404e-08
3.63333 0.966667 6.62671e-08
3.7 0.966667 4.41511e-08
3.76667 0.966667 2.91307e-08
3.83333 0.966667 1.90842e-08
3.9 0.966667 1.24375e-08
3.96667 0.966667 8.07451e-09
4.03333 0.966667 5.22662e-09
4.1 0.966667 3.37516e-09
4.16667 0.966667 2.17489e-09
4.23333 0.966667 1.39829e-09
4.3 0.966667 8.9646e-10
4.36667 0.966667 5.72456e-10
4.43333 0.966667 3.63371e-10
4.5 0.966667 2.28501e-10
4.56667 0.966667 1.41562e-10
4.63333 0.966667 8.56068e-11
4.7 0.966667 4.97406e-11
4.76667 0.966667 2.69884e-11
4.83333 0.966667 1.29321e-11
4.9 0.966667 4.8459e-12
4.96667 0.966667 1.16151e-12
