0.0333333 0.0333333 1.52806e-07
0.1 0.0333333 5.91337e-07
0.166667 0.0333333 1.40275e-06
0.233333 0.0333333 2.46043e-06
0.3 0.0333333 3.58408e-06
0.366667 0.0333333 4.56224e-06
0.433333 0.0333333 5.20392e-06
0.5 0.0333333 5.40264e-06
0.566667 0.0333333 5.16901e-06
0.633333 0.0333333 4.60795e-06
0.7 0.0333333 3.86319e-06
0.766667 0.0333333 3.06803e-06
0.833333 0.0333333 2.32051e-06
0.9 0.0333333 1.67835e-06
0.966667 0.0333333 1.16444e-06
1.03333 0.0333333 7.7676e-07
1.1 0.0333333 4.98869e-07
1.16667 0.0333333 3.08481e-07
1.23333 0.0333333 1.83314e-07
1.3 0.0333333 1.04131e-07
1.36667 0.0333333 5.5772e-08
1.43333 0.0333333 2.70462e-08
1.5 0.0333333 1.01666e-08
1.56667 0.0333333 4.95505e-11
1.63333 0.0333333 6.3724e-09
1.7 0.0333333 1.0775e-08
1.76667 0.0333333 1.39701e-08
1.83333 0.0333333 1.63064e-08
1.9 0.0333333 1.79335e-08
1.96667 0.0333333 1.89439e-08
2.03333 0.0333333 1.94301e-08
2.1 0.0333333 1.94953e-08
2.16667 0.0333333 1.92454e-08
2.23333 0.0333333 1.87789e-08
2.3 0.0333333 1.81802e-08
2.36667 0.0333333 1.75164e-08
2.43333 0.0333333 1.68363e-08
2.5 0.0333333 1.61707e-08
2.56667 0.0333333 1.55331e-08
2.63333 0.0333333 1.49187e-08
2.7 0.0333333 1.43051e-08
2.76667 0.0333333 1.36527e-08
2.83333 0.0333333 1.29096e-08
2.9 0.0333333 1.20222e-08
2.96667 0.0333333 1.09525e-08
3.03333 0.0333333 9.69731e-09
3.1 0.0333333 8.30012e-09
3.16667 0.0333333 6.84565e-09
3.23333 0.0333333 5.43718e-09
3.3 0.0333333 4.16667e-09
3.36667 0.0333333 3.09273e-09
3.43333 0.0333333 2.23454e-09
3.5 0.0333333 1.57972e-09
3.56667 0.0333333 1.09794e-09
3.63333 0.0333333 7.53187e-10
3.7 0.0333333 5.11576e-10
3.76667 0.0333333 3.44847e-10
3.83333 0.0333333 2.31105e-10
3.9 0.0333333 1.54173e-10
3.96667 0.0333333 1.02473e-10
4.03333 0.0333333 6.78975e-11
4.1 0.0333333 4.48615e-11
4.16667 0.0333333 2.9558e-11
4.23333 0.0333333 1.94144e-11
4.3 0.0333333 1.27032e-11
4.36667 0.0333333 8.2695e-12
4.43333 0.0333333 5.34419e-12
4.5 0.0333333 3.41661e-12
4.56667 0.0333333 2.14857e-12
4.63333 0.0333333 1.31665e-12
4.7 0.0333333 7.73822e-13
4.76667 0.0333333 4.23865e-13
4.83333 0.0333333 2.04625e-13
4.9 0.0333333 7.70938e-14
4.96667 0.0333333 1.85483e-14
0.0333333 0.1 5.93261e-07
0.1 0.1 9.70208e-07
0.166667 0.1 1.6682e-06
0.233333 0.1 2.5714e-06
0.3 0.1 3.51086e-06
0.366667 0.1 4.29758e-06
0.433333 0.1 4.78384e-06
0.5 0.1 4.90883e-06
0.566667 0.1 4.69803e-06
0.633333 0.1 4.22966e-06
0.7 0.1 3.60113e-06
0.766667 0.1 2.90914e-06
0.833333 0.1 2.2363e-06
0.9 0.1 1.64084e-06
0.966667 0.1 1.15278e-06
1.03333 0.1 7.77687e-07
1.1 0.1 5.04696e-07
1.16667 0.1 3.1506e-07
1.23333 0.1 1.88616e-07
1.3 0.1 1.0742e-07
1.36667 0.1 5.70876e-08
1.43333 0.1 2.68549e-08
1.5 0.1 9.09809e-09
1.56667 0.1 1.29036e-09
1.63333 0.1 7.51432e-09
1.7 0.1 1.14294e-08
1.76667 0.1 1.40169e-08
1.83333 0.1 1.57543e-08
1.9 0.1 1.68696e-08
1.96667 0.1 1.74899e-08
2.03333 0.1 1.77109e-08
2.1 0.1 1.76213e-08
2.16667 0.1 1.73049e-08
2.23333 0.1 1.68382e-08
2.3 0.1 1.62862e-08
2.36667 0.1 1.57004e-08
2.43333 0.1 1.51186e-08
2.5 0.1 1.45645e-08
2.56667 0.1 1.40471e-08
2.63333 0.1 1.35611e-08
2.7 0.1 1.3085e-08
2.76667 0.1 1.25813e-08
2.83333 0.1 1.19985e-08
2.9 0.1 1.12793e-08
2.96667 0.1 1.0376e-08
3.03333 0.1 9.27287e-09
3.1 0.1 8.00202e-09
3.16667 0.1 6.64306e-09
3.23333 0.1 5.30138e-09
3.3 0.1 4.07567e-09
3.36667 0.1 3.03181e-09
3.43333 0.1 2.19428e-09
3.5 0.1 1.55375e-09
3.56667 0.1 1.08166e-09
3.63333 0.1 7.43267e-10
3.7 0.1 5.05667e-10
3.76667 0.1 3.41393e-10
3.83333 0.1 2.29119e-10
3.9 0.1 1.53049e-10
3.96667 0.1 1.01849e-10
4.03333 0.1 6.75618e-11
4.1 0.1 4.46911e-11
4.16667 0.1 2.94822e-11
4.23333 0.1 1.93929e-11
4.3 0.1 1.27129e-11
4.36667 0.1 8.2972e-12
4.43333 0.1 5.38235e-12
4.5 0.1 3.46089e-12
4.56667 0.1 2.19645e-12
4.63333 0.1 1.36667e-12
4.7 0.1 8.25109e-13
4.76667 0.1 4.75909e-13
4.83333 0.1 2.57112e-13
4.9 0.1 1.29824e-13
4.96667 0.1 7.13856e-14
0.0333333 0.166667 1.40881e-06
0.1 0.166667 1.6676e-06
0.166667 0.166667 2.15222e-06
0.233333 0.166667 2.76504e-06
0.3 0.166667 3.34112e-06
0.366667 0.166667 3.7288e-06
0.433333 0.166667 3.88566e-06
0.5 0.166667 3.87146e-06
0.566667 0.166667 3.73548e-06
0.633333 0.166667 3.47702e-06
0.7 0.166667 3.0917e-06
0.766667 0.166667 2.60738e-06
0.833333 0.166667 2.08084e-06
0.9 0.166667 1.57446e-06
0.966667 0.166667 1.13439e-06
1.03333 0.166667 7.8201e-07
1.1 0.166667 5.17594e-07
1.16667 0.166667 3.2901e-07
1.23333 0.166667 1.99933e-07
1.3 0.166667 1.14739e-07
1.36667 0.166667 6.04778e-08
1.43333 0.166667 2.7202e-08
1.5 0.166667 7.63005e-09
1.56667 0.166667 3.37034e-09
1.63333 0.166667 9.26996e-09
1.7 0.166667 1.22927e-08
1.76667 0.166667 1.37675e-08
1.83333 0.166667 1.44267e-08
1.9 0.166667 1.46432e-08
1.96667 0.166667 1.45982e-08
2.03333 0.166667 1.43832e-08
2.1 0.166667 1.40529e-08
2.16667 0.166667 1.36489e-08
2.23333 0.166667 1.32064e-08
2.3 0.166667 1.27561e-08
2.36667 0.166667 1.23229e-08
2.43333 0.166667 1.19253e-08
2.5 0.166667 1.15741e-08
2.56667 0.166667 1.12717e-08
2.63333 0.166667 1.10112e-08
2.7 0.166667 1.07744e-08
2.76667 0.166667 1.053e-08
2.83333 0.166667 1.02323e-08
2.9 0.166667 9.82174e-09
2.96667 0.166667 9.23636e-09
3.03333 0.166667 8.43405e-09
3.1 0.166667 7.41926e-09
3.16667 0.166667 6.25495e-09
3.23333 0.166667 5.04726e-09
3.3 0.166667 3.9086e-09
3.36667 0.166667 2.92138e-09
3.43333 0.166667 2.12195e-09
3.5 0.166667 1.50745e-09
3.56667 0.166667 1.05284e-09
3.63333 0.166667 7.25775e-10
3.7 0.166667 4.95276e-10
3.76667 0.166667 3.35329e-10
3.83333 0.166667 2.25633e-10
3.9 0.166667 1.51077e-10
3.96667 0.166667 1.00754e-10
4.03333 0.166667 6.69735e-11
4.1 0.166667 4.43934e-11
4.16667 0.166667 2.93512e-11
4.23333 0.166667 1.93576e-11
4.3 0.166667 1.27328e-11
4.36667 0.166667 8.34895e-12
4.43333 0.166667 5.45267e-12
4.5 0.166667 3.5421e-12
4.56667 0.166667 2.28408e-12
4.63333 0.166667 1.45812e-12
4.7 0.166667 9.18845e-13
4.76667 0.166667 5.71004e-13
4.83333 0.166667 3.53003e-13
4.9 0.166667 2.26153e-13
4.96667 0.166667 1.67909e-13
0.0333333 0.233333 2.4621e-06
0.1 0.233333 2.55791e-06
0.166667 0.233333 2.75369e-06
0.233333 0.233333 2.98391e-06
0.3 0.233333 3.0512e-06
0.366667 0.233333 2.77599e-06
0.433333 0.233333 2.39191e-06
0.5 0.233333 2.23237e-06
0.566667 0.233333 2.28785e-06
0.633333 0.233333 2.38057e-06
0.7 0.233333 2.36701e-06
0.766667 0.233333 2.19038e-06
0.833333 0.233333 1.87505e-06
0.9 0.233333 1.49242e-06
0.966667 0.233333 1.11588e-06
1.03333 0.233333 7.92371e-07
1.1 0.233333 5.38493e-07
1.16667 0.233333 3.50865e-07
1.23333 0.233333 2.17973e-07
1.3 0.233333 1.27097e-07
1.36667 0.233333 6.71406e-08
1.43333 0.233333 2.93132e-08
1.5 0.233333 6.91104e-09
1.56667 0.233333 5.15294e-09
1.63333 0.233333 1.07221e-08
1.7 0.233333 1.25945e-08
1.76667 0.233333 1.2643e-08
1.83333 0.233333 1.19725e-08
1.9 0.233333 1.11371e-08
1.96667 0.233333 1.03607e-08
2.03333 0.233333 9.70405e-09
2.1 0.233333 9.16497e-09
2.16667 0.233333 8.72584e-09
2.23333 0.233333 8.37077e-09
2.3 0.233333 8.08937e-09
2.36667 0.233333 7.87557e-09
2.43333 0.233333 7.72547e-09
2.5 0.233333 7.63517e-09
2.56667 0.233333 7.59913e-09
2.63333 0.233333 7.6087e-09
2.7 0.233333 7.65065e-09
2.76667 0.233333 7.70531e-09
2.83333 0.233333 7.7429e-09
2.9 0.233333 7.71686e-09
2.96667 0.233333 7.55893e-09
3.03333 0.233333 7.19245e-09
3.1 0.233333 6.56919e-09
3.16667 0.233333 5.70788e-09
3.23333 0.233333 4.70332e-09
3.3 0.233333 3.68933e-09
3.36667 0.233333 2.77912e-09
3.43333 0.233333 2.03021e-09
3.5 0.233333 1.4496e-09
3.56667 0.233333 1.01724e-09
3.63333 0.233333 7.0434e-10
3.7 0.233333 4.82605e-10
3.76667 0.233333 3.27952e-10
3.83333 0.233333 2.21399e-10
3.9 0.233333 1.48682e-10
3.96667 0.233333 9.94263e-11
4.03333 0.233333 6.62607e-11
4.1 0.233333 4.40344e-11
4.16667 0.233333 2.91955e-11
4.23333 0.233333 1.93189e-11
4.3 0.233333 1.27616e-11
4.36667 0.233333 8.41701e-12
4.43333 0.233333 5.54362e-12
4.5 0.233333 3.64652e-12
4.56667 0.233333 2.39648e-12
4.63333 0.233333 1.57528e-12
4.7 0.233333 1.03885e-12
4.76667 0.233333 6.9271e-13
4.83333 0.233333 4.75709e-13
4.9 0.233333 3.49411e-13
4.96667 0.233333 2.91409e-13
0.0333333 0.3 3.54812e-06
0.1 0.3 3.45426e-06
0.166667 0.3 3.31106e-06
0.233333 0.3 3.09311e-06
0.3 0.3 2.5797e-06
0.366667 0.3 1.29711e-06
0.433333 0.3 2.9409e-07
0.5 0.3 1.59459e-07
0.566667 0.3 5.36008e-07
0.633333 0.3 1.06129e-06
0.7 0.3 1.49883e-06
0.766667 0.3 1.70085e-06
0.833333 0.3 1.64565e-06
0.9 0.3 1.40947e-06
0.966667 0.3 1.10261e-06
1.03333 0.3 8.09335e-07
1.1 0.3 5.66375e-07
1.16667 0.3 3.79615e-07
1.23333 0.3 2.42426e-07
1.3 0.3 1.44992e-07
1.36667 0.3 7.81374e-08
1.43333 0.3 3.44655e-08
1.5 0.3 8.18943e-09
1.56667 0.3 5.50029e-09
1.63333 0.3 1.08585e-08
1.7 0.3 1.1497e-08
1.76667 0.3 1.00616e-08
1.83333 0.3 8.12055e-09
1.9 0.3 6.38547e-09
1.96667 0.3 5.06476e-09
2.03333 0.3 4.1463e-09
2.1 0.3 3.55196e-09
2.16667 0.3 3.20081e-09
2.23333 0.3 3.02802e-09
2.3 0.3 2.98643e-09
2.36667 0.3 3.04296e-09
2.43333 0.3 3.17438e-09
2.5 0.3 3.36378e-09
2.56667 0.3 3.59803e-09
2.63333 0.3 3.86629e-09
2.7 0.3 4.15935e-09
2.76667 0.3 4.46959e-09
2.83333 0.3 4.79061e-09
2.9 0.3 5.112e-09
2.96667 0.3 5.39811e-09
3.03333 0.3 5.55934e-09
3.1 0.3 5.46752e-09
3.16667 0.3 5.03635e-09
3.23333 0.3 4.30742e-09
3.3 0.3 3.44604e-09
3.36667 0.3 2.6251e-09
3.43333 0.3 1.93351e-09
3.5 0.3 1.38999e-09
3.56667 0.3 9.81156e-10
3.63333 0.3 6.82847e-10
3.7 0.3 4.69982e-10
3.76667 0.3 3.2063e-10
3.83333 0.3 2.17203e-10
3.9 0.3 1.4631e-10
3.96667 0.3 9.81125e-11
4.03333 0.3 6.55569e-11
4.1 0.3 4.36817e-11
4.16667 0.3 2.9045e-11
4.23333 0.3 1.92851e-11
4.3 0.3 1.27954e-11
4.36667 0.3 8.49008e-12
4.43333 0.3 5.63973e-12
4.5 0.3 3.75622e-12
4.56667 0.3 2.51426e-12
4.63333 0.3 1.69789e-12
4.7 0.3 1.16437e-12
4.76667 0.3 8.19979e-13
4.83333 0.3 6.04005e-13
4.9 0.3 4.78273e-13
4.96667 0.3 4.20521e-13
0.0333333 0.366667 4.42916e-06
0.1 0.366667 4.14754e-06
0.166667 0.366667 3.66034e-06
0.233333 0.366667 2.93733e-06
0.3 0.366667 1.68009e-06
0.366667 0.366667 4.14258e-07
0.433333 0.366667 1.64807e-06
0.5 0.366667 1.63859e-06
0.566667 0.366667 1.02884e-06
0.633333 0.366667 1.84753e-07
0.7 0.366667 6.49032e-07
0.766667 0.366667 1.21602e-06
0.833333 0.366667 1.42758e-06
0.9 0.366667 1.33954e-06
0.966667 0.366667 1.09663e-06
1.03333 0.366667 8.30195e-07
1.1 0.366667 5.97192e-07
1.16667 0.366667 4.11585e-07
1.23333 0.366667 2.70814e-07
1.3 0.366667 1.67365e-07
1.36667 0.366667 9.35672e-08
1.43333 0.366667 4.33481e-08
1.5 0.366667 1.22671e-08
1.56667 0.366667 3.66746e-09
1.63333 0.366667 8.99979e-09
1.7 0.366667 8.4716e-09
1.76667 0.366667 5.78526e-09
1.83333 0.366667 2.98174e-09
1.9 0.366667 7.98387e-10
1.96667 0.366667 6.70176e-10
2.03333 0.366667 1.54205e-09
2.1 0.366667 1.96929e-09
2.16667 0.366667 2.0819e-09
2.23333 0.366667 1.97771e-09
2.3 0.366667 1.72661e-09
2.36667 0.366667 1.37775e-09
2.43333 0.366667 9.65836e-10
2.5 0.366667 5.15866e-10
2.56667 0.366667 4.62521e-11
2.63333 0.366667 4.29483e-10
2.7 0.366667 9.02529e-10
2.76667 0.366667 1.37047e-09
2.83333 0.366667 1.84146e-09
2.9 0.366667 2.34153e-09
2.96667 0.366667 2.91477e-09
3.03333 0.366667 3.56693e-09
3.1 0.366667 4.13844e-09
3.16667 0.366667 4.29954e-09
3.23333 0.366667 3.90764e-09
3.3 0.366667 3.20934e-09
3.36667 0.366667 2.4818e-09
3.43333 0.366667 1.84716e-09
3.5 0.366667 1.33828e-09
3.56667 0.366667 9.50442e-10
3.63333 0.366667 6.64768e-10
3.7 0.366667 4.59438e-10
3.76667 0.366667 3.14538e-10
3.83333 0.366667 2.13719e-10
3.9 0.366667 1.44343e-10
3.96667 0.366667 9.70237e-11
4.03333 0.366667 6.49748e-11
4.1 0.366667 4.33916e-11
4.16667 0.366667 2.89232e-11
4.23333 0.366667 1.92607e-11
4.3 0.366667 1.28274e-11
4.36667 0.366667 8.55512e-12
4.43333 0.366667 5.72416e-12
4.5 0.366667 3.85211e-12
4.56667 0.366667 2.617e-12
4.63333 0.366667 1.80475e-12
4.7 0.366667 1.2737e-12
4.76667 0.366667 9.30804e-13
4.83333 0.366667 7.1571e-13
4.9 0.366667 5.90464e-13
4.96667 0.366667 5.32927e-13
0.0333333 0.433333 4.90252e-06
0.1 0.433333 4.48112e-06
0.166667 0.433333 3.73527e-06
0.233333 0.433333 2.63888e-06
0.3 0.433333 1.02284e-06
0.366667 0.433333 9.62674e-07
0.433333 0.433333 2.20007e-06
0.5 0.433333 2.33922e-06
0.566667 0.433333 1.79891e-06
0.633333 0.433333 9.04627e-07
0.7 0.433333 1.04816e-07
0.766667 0.433333 8.85021e-07
0.833333 0.433333 1.27627e-06
0.9 0.433333 1.29457e-06
0.966667 0.433333 1.09668e-06
1.03333 0.433333 8.49001e-07
1.1 0.433333 6.23775e-07
1.16667 0.433333 4.40041e-07
1.23333 0.433333 2.97647e-07
1.3 0.433333 1.90421e-07
1.36667 0.433333 1.11451e-07
1.43333 0.433333 5.52709e-08
1.5 0.433333 1.88342e-08
1.56667 0.433333 9.24884e-11
1.63333 0.433333 5.3088e-09
1.7 0.433333 3.7508e-09
1.76667 0.433333 3.43511e-10
1.83333 0.433333 2.63377e-09
1.9 0.433333 4.66527e-09
1.96667 0.433333 5.8358e-09
2.03333 0.433333 6.35715e-09
2.1 0.433333 6.42596e-09
2.16667 0.433333 6.19264e-09
2.23333 0.433333 5.76437e-09
2.3 0.433333 5.21553e-09
2.36667 0.433333 4.59768e-09
2.43333 0.433333 3.94704e-09
2.5 0.433333 3.2898e-09
2.56667 0.433333 2.64556e-09
2.63333 0.433333 2.0292e-09
2.7 0.433333 1.45125e-09
2.76667 0.433333 9.16322e-10
2.83333 0.433333 4.18367e-10
2.9 0.433333 7.05306e-11
2.96667 0.433333 6.30056e-10
3.03333 0.433333 1.44138e-09
3.1 0.433333 2.64651e-09
3.16667 0.433333 3.59788e-09
3.23333 0.433333 3.56764e-09
3.3 0.433333 3.02295e-09
3.36667 0.433333 2.37683e-09
3.43333 0.433333 1.78668e-09
3.5 0.433333 1.30306e-09
3.56667 0.433333 9.29876e-10
3.63333 0.433333 6.52788e-10
3.7 0.433333 4.52493e-10
3.76667 0.433333 3.10539e-10
3.83333 0.433333 2.11436e-10
3.9 0.433333 1.43056e-10
3.96667 0.433333 9.63115e-11
4.03333 0.433333 6.45946e-11
4.1 0.433333 4.32028e-11
4.16667 0.433333 2.8845e-11
4.23333 0.433333 1.92465e-11
4.3 0.433333 1.28505e-11
4.36667 0.433333 8.59995e-12
4.43333 0.433333 5.78181e-12
4.5 0.433333 3.91738e-12
4.56667 0.433333 2.68682e-12
4.63333 0.433333 1.87731e-12
4.7 0.433333 1.34792e-12
4.76667 0.433333 1.00602e-12
4.83333 0.433333 7.91517e-13
4.9 0.433333 6.66599e-13
4.96667 0.433333 6.09205e-13
0.0333333 0.5 4.87211e-06
0.1 0.5 4.40538e-06
0.166667 0.5 3.58614e-06
0.233333 0.5 2.44652e-06
0.3 0.5 1.00526e-06
0.366667 0.5 4.85404e-07
0.433333 0.5 1.53082e-06
0.5 0.5 1.84716e-06
0.566667 0.5 1.5429e-06
0.633333 0.5 8.21661e-07
0.7 0.5 9.57823e-08
0.766667 0.5 8.50487e-07
0.833333 0.5 1.25095e-06
0.9 0.5 1.28519e-06
0.966667 0.5 1.09826e-06
1.03333 0.5 8.57798e-07
1.1 0.5 6.37418e-07
1.16667 0.5 4.56406e-07
1.23333 0.5 3.14943e-07
1.3 0.5 2.07197e-07
1.36667 0.5 1.26438e-07
1.43333 0.5 6.70237e-08
1.5 0.5 2.58706e-08
1.56667 0.5 3.85652e-09
1.63333 0.5 1.3116e-09
1.7 0.5 1.1549e-09
1.76667 0.5 4.5963e-09
1.83333 0.5 7.11876e-09
1.9 0.5 8.56688e-09
1.96667 0.5 9.17346e-09
2.03333 0.5 9.20102e-09
2.1 0.5 8.85466e-09
2.16667 0.5 8.27834e-09
2.23333 0.5 7.56881e-09
2.3 0.5 6.79014e-09
2.36667 0.5 5.98503e-09
2.43333 0.5 5.18262e-09
2.5 0.5 4.40372e-09
2.56667 0.5 3.66401e-09
2.63333 0.5 2.97591e-09
2.7 0.5 2.34892e-09
2.76667 0.5 1.78847e-09
2.83333 0.5 1.29214e-09
2.9 0.5 8.40612e-10
2.96667 0.5 3.73555e-10
3.03333 0.5 3.24641e-10
3.1 0.5 1.75068e-09
3.16667 0.5 3.21959e-09
3.23333 0.5 3.42033e-09
3.3 0.5 2.94972e-09
3.36667 0.5 2.33782e-09
3.43333 0.5 1.76486e-09
3.5 0.5 1.29058e-09
3.56667 0.5 9.22665e-10
3.63333 0.5 6.48612e-10
3.7 0.5 4.50081e-10
3.76667 0.5 3.09153e-10
3.83333 0.5 2.10645e-10
3.9 0.5 1.4261e-10
3.96667 0.5 9.60651e-11
4.03333 0.5 6.44631e-11
4.1 0.5 4.31377e-11
4.16667 0.5 2.88183e-11
4.23333 0.5 1.9242e-11
4.3 0.5 1.28589e-11
4.36667 0.5 8.61595e-12
4.43333 0.5 5.80228e-12
4.5 0.5 3.94051e-12
4.56667 0.5 2.71154e-12
4.63333 0.5 1.90298e-12
4.7 0.5 1.37418e-12
4.76667 0.5 1.03263e-12
4.83333 0.5 8.18331e-13
4.9 0.5 6.93527e-13
4.96667 0.5 6.36185e-13
0.0333333 0.566667 4.37805e-06
0.1 0.566667 3.97292e-06
0.166667 0.566667 3.28061e-06
0.233333 0.566667 2.37735e-06
0.3 0.566667 1.34309e-06
0.366667 0.566667 3.44666e-07
0.433333 0.566667 3.88442e-07
0.5 0.566667 6.93015e-07
0.566667 0.566667 5.61155e-07
0.633333 0.566667 8.70167e-08
0.7 0.566667 5.61323e-07
0.766667 0.566667 1.09094e-06
0.833333 0.566667 1.34297e-06
0.9 0.566667 1.30446e-06
0.966667 0.566667 1.09389e-06
1.03333 0.566667 8.49495e-07
1.1 0.566667 6.31071e-07
1.16667 0.566667 4.53373e-07
1.23333 0.566667 3.15083e-07
1.3 0.566667 2.09815e-07
1.36667 0.566667 1.30544e-07
1.43333 0.566667 7.14368e-08
1.5 0.566667 2.82784e-08
1.56667 0.566667 3.01696e-09
1.63333 0.566667 3.93652e-10
1.7 0.566667 3.26654e-09
1.76667 0.566667 6.58414e-09
1.83333 0.566667 8.57804e-09
1.9 0.566667 9.44459e-09
1.96667 0.566667 9.54935e-09
2.03333 0.566667 9.18368e-09
2.1 0.566667 8.5472e-09
2.16667 0.566667 7.76736e-09
2.23333 0.566667 6.9226e-09
2.3 0.566667 6.06019e-09
2.36667 0.566667 5.20853e-09
2.43333 0.566667 4.38503e-09
2.5 0.566667 3.60102e-09
2.56667 0.566667 2.86455e-09
2.63333 0.566667 2.18163e-09
2.7 0.566667 1.55607e-09
2.76667 0.566667 9.87411e-10
2.83333 0.566667 4.65787e-10
2.9 0.566667 3.9547e-11
2.96667 0.566667 6.10401e-10
3.03333 0.566667 1.42981e-09
3.1 0.566667 2.64122e-09
3.16667 0.566667 3.5965e-09
3.23333 0.566667 3.56773e-09
3.3 0.566667 3.02331e-09
3.36667 0.566667 2.37714e-09
3.43333 0.566667 1.78689e-09
3.5 0.566667 1.30319e-09
3.56667 0.566667 9.29952e-10
3.63333 0.566667 6.5283e-10
3.7 0.566667 4.52517e-10
3.76667 0.566667 3.10552e-10
3.83333 0.566667 2.11443e-10
3.9 0.566667 1.4306e-10
3.96667 0.566667 9.63136e-11
4.03333 0.566667 6.45957e-11
4.1 0.566667 4.32034e-11
4.16667 0.566667 2.88453e-11
4.23333 0.566667 1.92467e-11
4.3 0.566667 1.28506e-11
4.36667 0.566667 8.6e-12
4.43333 0.566667 5.78184e-12
4.5 0.566667 3.9174e-12
4.56667 0.566667 2.68683e-12
4.63333 0.566667 1.87731e-12
4.7 0.566667 1.34793e-12
4.76667 0.566667 1.00602e-12
4.83333 0.566667 7.91519e-13
4.9 0.566667 6.666e-13
4.96667 0.566667 6.09206e-13
0.0333333 0.633333 3.56481e-06
0.1 0.633333 3.29693e-06
0.166667 0.633333 2.85644e-06
0.233333 0.633333 2.31264e-06
0.3 0.633333 1.72351e-06
0.366667 0.633333 1.17203e-06
0.433333 0.633333 7.6312e-07
0.5 0.633333 5.79594e-07
0.566667 0.633333 6.42475e-07
0.633333 0.633333 9.03289e-07
0.7 0.633333 1.23682e-06
0.766667 0.633333 1.46049e-06
0.833333 0.633333 1.4872e-06
0.9 0.633333 1.32911e-06
0.966667 0.633333 1.07662e-06
1.03333 0.633333 8.21513e-07
1.1 0.633333 6.02828e-07
1.16667 0.633333 4.28639e-07
1.23333 0.633333 2.95026e-07
1.3 0.633333 1.94395e-07
1.36667 0.633333 1.19045e-07
1.43333 0.633333 6.25489e-08
1.5 0.633333 2.01054e-08
1.56667 0.633333 4.20312e-09
1.63333 0.633333 4.84962e-09
1.7 0.633333 4.73114e-10
1.76667 0.633333 4.0589e-09
1.83333 0.633333 5.8853e-09
1.9 0.633333 6.51737e-09
1.96667 0.633333 6.43446e-09
2.03333 0.633333 5.96152e-09
2.1 0.633333 5.29703e-09
2.16667 0.633333 4.55458e-09
2.23333 0.633333 3.79537e-09
2.3 0.633333 3.05003e-09
2.36667 0.633333 2.33248e-09
2.43333 0.633333 1.64813e-09
2.5 0.633333 9.98552e-10
2.56667 0.633333 3.83882e-10
2.63333 0.633333 1.9639e-10
2.7 0.633333 7.44117e-10
2.76667 0.633333 1.26492e-09
2.83333 0.633333 1.77296e-09
2.9 0.633333 2.29876e-09
2.96667 0.633333 2.88983e-09
3.03333 0.633333 3.5543e-09
3.1 0.633333 4.13377e-09
3.16667 0.633333 4.29898e-09
3.23333 0.633333 3.90845e-09
3.3 0.633333 3.21026e-09
3.36667 0.633333 2.48248e-09
3.43333 0.633333 1.8476e-09
3.5 0.633333 1.33855e-09
3.56667 0.633333 9.50595e-10
3.63333 0.633333 6.64854e-10
3.7 0.633333 4.59486e-10
3.76667 0.633333 3.14564e-10
3.83333 0.633333 2.13733e-10
3.9 0.633333 1.44351e-10
3.96667 0.633333 9.70279e-11
4.03333 0.633333 6.4977e-11
4.1 0.633333 4.33927e-11
4.16667 0.633333 2.89239e-11
4.23333 0.633333 1.9261e-11
4.3 0.633333 1.28276e-11
4.36667 0.633333 8.55522e-12
4.43333 0.633333 5.72421e-12
4.5 0.633333 3.85214e-12
4.56667 0.633333 2.61702e-12
4.63333 0.633333 1.80476e-12
4.7 0.633333 1.27371e-12
4.76667 0.633333 9.30807e-13
4.83333 0.633333 7.15712e-13
4.9 0.633333 5.90466e-13
4.96667 0.633333 5.32928e-13
0.0333333 0.7 2.61525e-06
0.1 0.7 2.51047e-06
0.166667 0.7 2.3545e-06
0.233333 0.7 2.17787e-06
0.3 0.7 1.99447e-06
0.366667 0.7 1.82436e-06
0.433333 0.7 1.69945e-06
0.5 0.7 1.64963e-06
0.566667 0.7 1.68156e-06
0.633333 0.7 1.76255e-06
0.7 0.7 1.81875e-06
0.766667 0.7 1.77292e-06
0.833333 0.7 1.6015e-06
0.9 0.7 1.33793e-06
0.966667 0.7 1.04559e-06
1.03333 0.7 7.77742e-07
1.1 0.7 5.5742e-07
1.16667 0.7 3.86658e-07
1.23333 0.7 2.58698e-07
1.3 0.7 1.64449e-07
1.36667 0.7 9.53744e-08
1.43333 0.7 4.47552e-08
1.5 0.7 9.308e-09
1.56667 0.7 8.6451e-09
1.63333 0.7 1.00612e-08
1.7 0.7 5.76961e-09
1.76667 0.7 2.31492e-09
1.83333 0.7 5.03861e-10
1.9 0.7 1.78272e-10
1.96667 0.7 2.20721e-10
2.03333 0.7 5.4194e-11
2.1 0.7 4.6186e-10
2.16667 0.7 9.0745e-10
2.23333 0.7 1.34841e-09
2.3 0.7 1.77017e-09
2.36667 0.7 2.17162e-09
2.43333 0.7 2.55705e-09
2.5 0.7 2.9318e-09
2.56667 0.7 3.30013e-09
2.63333 0.7 3.66456e-09
2.7 0.7 4.02593e-09
2.76667 0.7 4.38417e-09
2.83333 0.7 4.73851e-09
2.9 0.7 5.08266e-09
2.96667 0.7 5.3839e-09
3.03333 0.7 5.55456e-09
3.1 0.7 5.46776e-09
3.16667 0.7 5.03848e-09
3.23333 0.7 4.30969e-09
3.3 0.7 3.44777e-09
3.36667 0.7 2.62625e-09
3.43333 0.7 1.93421e-09
3.5 0.7 1.3904e-09
3.56667 0.7 9.81389e-10
3.63333 0.7 6.82977e-10
3.7 0.7 4.70053e-10
3.76667 0.7 3.20669e-10
3.83333 0.7 2.17224e-10
3.9 0.7 1.46322e-10
3.96667 0.7 9.81186e-11
4.03333 0.7 6.55602e-11
4.1 0.7 4.36835e-11
4.16667 0.7 2.9046e-11
4.23333 0.7 1.92856e-11
4.3 0.7 1.27956e-11
4.36667 0.7 8.49022e-12
4.43333 0.7 5.63981e-12
4.5 0.7 3.75626e-12
4.56667 0.7 2.51428e-12
4.63333 0.7 1.6979e-12
4.7 0.7 1.16438e-12
4.76667 0.7 8.19983e-13
4.83333 0.7 6.04008e-13
4.9 0.7 4.78276e-13
4.96667 0.7 4.20523e-13
0.0333333 0.766667 1.69424e-06
0.1 0.766667 1.73849e-06
0.166667 0.766667 1.83724e-06
0.233333 0.766667 1.97626e-06
0.3 0.766667 2.12564e-06
0.366667 0.766667 2.25747e-06
0.433333 0.766667 2.35502e-06
0.5 0.766667 2.41125e-06
0.566667 0.766667 2.419e-06
0.633333 0.766667 2.36236e-06
0.7 0.766667 2.22023e-06
0.766667 0.766667 1.98468e-06
0.833333 0.766667 1.67534e-06
0.9 0.766667 1.3344e-06
0.966667 0.766667 1.00775e-06
1.03333 0.766667 7.27208e-07
1.1 0.766667 5.04528e-07
1.16667 0.766667 3.36966e-07
1.23333 0.766667 2.15272e-07
1.3 0.766667 1.28877e-07
1.36667 0.766667 6.84112e-08
1.43333 0.766667 2.69566e-08
1.5 0.766667 8.04268e-10
1.56667 0.766667 1.17629e-08
1.63333 0.766667 1.42808e-08
1.7 0.766667 1.24103e-08
1.76667 0.766667 1.01785e-08
1.83333 0.766667 8.78067e-09
1.9 0.766667 8.10465e-09
1.96667 0.766667 7.83304e-09
2.03333 0.766667 7.73811e-09
2.1 0.766667 7.69727e-09
2.16667 0.766667 7.65871e-09
2.23333 0.766667 7.60956e-09
2.3 0.766667 7.55498e-09
2.36667 0.766667 7.50632e-09
2.43333 0.766667 7.47491e-09
2.5 0.766667 7.46908e-09
2.56667 0.766667 7.49256e-09
2.63333 0.766667 7.5436e-09
2.7 0.766667 7.61403e-09
2.76667 0.766667 7.68784e-09
2.83333 0.766667 7.73786e-09
2.9 0.766667 7.71939e-09
2.96667 0.766667 7.56545e-09
3.03333 0.766667 7.20027e-09
3.1 0.766667 6.57651e-09
3.16667 0.766667 5.71373e-09
3.23333 0.766667 4.70749e-09
3.3 0.766667 3.69206e-09
3.36667 0.766667 2.7808e-09
3.43333 0.766667 2.03119e-09
3.5 0.766667 1.45016e-09
3.56667 0.766667 1.01755e-09
3.63333 0.766667 7.04513e-10
3.7 0.766667 4.827e-10
3.76667 0.766667 3.28003e-10
3.83333 0.766667 2.21426e-10
3.9 0.766667 1.48696e-10
3.96667 0.766667 9.94342e-11
4.03333 0.766667 6.62649e-11
4.1 0.766667 4.40366e-11
4.16667 0.766667 2.91967e-11
4.23333 0.766667 1.93196e-11
4.3 0.766667 1.27619e-11
4.36667 0.766667 8.41719e-12
4.43333 0.766667 5.54372e-12
4.5 0.766667 3.64657e-12
4.56667 0.766667 2.39651e-12
4.63333 0.766667 1.57529e-12
4.7 0.766667 1.03885e-12
4.76667 0.766667 6.92714e-13
4.83333 0.766667 4.75712e-13
4.9 0.766667 3.49413e-13
4.96667 0.766667 2.9141e-13
0.0333333 0.833333 9.22745e-07
0.1 0.833333 1.08142e-06
0.166667 0.833333 1.37576e-06
0.233333 0.833333 1.75451e-06
0.3 0.833333 2.15193e-06
0.366667 0.833333 2.5044e-06
0.433333 0.833333 2.76197e-06
0.5 0.833333 2.89364e-06
0.566667 0.833333 2.88626e-06
0.633333 0.833333 2.74144e-06
0.7 0.833333 2.47552e-06
0.766667 0.833333 2.12086e-06
0.833333 0.833333 1.72225e-06
0.9 0.833333 1.3269e-06
0.966667 0.833333 9.72554e-07
1.03333 0.833333 6.80365e-07
1.1 0.833333 4.55055e-07
1.16667 0.833333 2.90284e-07
1.23333 0.833333 1.74797e-07
1.3 0.833333 9.66855e-08
1.36667 0.833333 4.5589e-08
1.43333 0.833333 1.35714e-08
1.5 0.833333 4.93005e-09
1.56667 0.833333 1.40041e-08
1.63333 0.833333 1.7225e-08
1.7 0.833333 1.76522e-08
1.76667 0.833333 1.72453e-08
1.83333 0.833333 1.67868e-08
1.9 0.833333 1.63922e-08
1.96667 0.833333 1.59911e-08
2.03333 0.833333 1.55288e-08
2.1 0.833333 1.49974e-08
2.16667 0.833333 1.44184e-08
2.23333 0.833333 1.38234e-08
2.3 0.833333 1.32432e-08
2.36667 0.833333 1.27025e-08
2.43333 0.833333 1.2218e-08
2.5 0.833333 1.1798e-08
2.56667 0.833333 1.1442e-08
2.63333 0.833333 1.11403e-08
2.7 0.833333 1.08719e-08
2.76667 0.833333 1.06036e-08
2.83333 0.833333 1.02875e-08
2.9 0.833333 9.86281e-09
2.96667 0.833333 9.26643e-09
3.03333 0.833333 8.4555e-09
3.1 0.833333 7.43401e-09
3.16667 0.833333 6.26469e-09
3.23333 0.833333 5.0534e-09
3.3 0.833333 3.91233e-09
3.36667 0.833333 2.92357e-09
3.43333 0.833333 2.12319e-09
3.5 0.833333 1.50815e-09
3.56667 0.833333 1.05323e-09
3.63333 0.833333 7.25985e-10
3.7 0.833333 4.9539e-10
3.76667 0.833333 3.3539e-10
3.83333 0.833333 2.25666e-10
3.9 0.833333 1.51094e-10
3.96667 0.833333 1.00764e-10
4.03333 0.833333 6.69785e-11
4.1 0.833333 4.4396e-11
4.16667 0.833333 2.93526e-11
4.23333 0.833333 1.93584e-11
4.3 0.833333 1.27332e-11
4.36667 0.833333 8.34916e-12
4.43333 0.833333 5.45278e-12
4.5 0.833333 3.54216e-12
4.56667 0.833333 2.28411e-12
4.63333 0.833333 1.45814e-12
4.7 0.833333 9.18854e-13
4.76667 0.833333 5.71009e-13
4.83333 0.833333 3.53006e-13
4.9 0.833333 2.26155e-13
4.96667 0.833333 1.6791e-13
0.0333333 0.9 3.76341e-07
0.1 0.9 6.09181e-07
0.166667 0.9 1.03186e-06
0.233333 0.9 1.56855e-06
0.3 0.9 2.12878e-06
0.366667 0.9 2.625e-06
0.433333 0.9 2.98643e-06
0.5 0.9 3.1682e-06
0.566667 0.9 3.15524e-06
0.633333 0.9 2.96167e-06
0.7 0.9 2.62607e-06
0.766667 0.9 2.20293e-06
0.833333 0.9 1.75087e-06
0.9 0.9 1.32061e-06
0.966667 0.9 9.4673e-07
1.03333 0.9 6.45484e-07
1.1 0.9 4.1783e-07
1.16667 0.9 2.55139e-07
1.23333 0.9 1.44705e-07
1.3 0.9 7.34901e-08
1.36667 0.9 3.00298e-08
1.43333 0.9 5.07463e-09
1.5 0.9 8.39392e-09
1.56667 0.9 1.53594e-08
1.63333 0.9 1.90121e-08
1.7 0.9 2.10785e-08
1.76667 0.9 2.22883e-08
1.83333 0.9 2.28753e-08
1.9 0.9 2.29282e-08
1.96667 0.9 2.25384e-08
2.03333 0.9 2.18201e-08
2.1 0.9 2.08918e-08
2.16667 0.9 1.98572e-08
2.23333 0.9 1.87967e-08
2.3 0.9 1.77678e-08
2.36667 0.9 1.68078e-08
2.43333 0.9 1.59375e-08
2.5 0.9 1.51642e-08
2.56667 0.9 1.44823e-08
2.63333 0.9 1.3874e-08
2.7 0.9 1.33077e-08
2.76667 0.9 1.27381e-08
2.83333 0.9 1.21075e-08
2.9 0.9 1.13538e-08
2.96667 0.9 1.0426e-08
3.03333 0.9 9.30562e-09
3.1 0.9 8.0229e-09
3.16667 0.9 6.65598e-09
3.23333 0.9 5.30915e-09
3.3 0.9 4.08022e-09
3.36667 0.9 3.03441e-09
3.43333 0.9 2.19574e-09
3.5 0.9 1.55455e-09
3.56667 0.9 1.0821e-09
3.63333 0.9 7.43505e-10
3.7 0.9 5.05795e-10
3.76667 0.9 3.41462e-10
3.83333 0.9 2.29156e-10
3.9 0.9 1.53069e-10
3.96667 0.9 1.01859e-10
4.03333 0.9 6.75674e-11
4.1 0.9 4.4694e-11
4.16667 0.9 2.94838e-11
4.23333 0.9 1.93938e-11
4.3 0.9 1.27133e-11
4.36667 0.9 8.29743e-12
4.43333 0.9 5.38247e-12
4.5 0.9 3.46095e-12
4.56667 0.9 2.19648e-12
4.63333 0.9 1.36669e-12
4.7 0.9 8.25118e-13
4.76667 0.9 4.75913e-13
4.83333 0.9 2.57114e-13
4.9 0.9 1.29825e-13
4.96667 0.9 7.13861e-14
0.0333333 0.966667 9.50691e-08
0.1 0.966667 3.6351e-07
0.166667 0.966667 8.48812e-07
0.233333 0.966667 1.46332e-06
0.3 0.966667 2.10404e-06
0.366667 0.966667 2.67141e-06
0.433333 0.966667 3.08441e-06
0.5 0.966667 3.29172e-06
0.566667 0.966667 3.2779e-06
0.633333 0.966667 3.06324e-06
0.7 0.966667 2.69654e-06
0.766667 0.966667 2.24217e-06
0.833333 0.966667 1.76495e-06
0.9 0.966667 1.3175e-06
0.966667 0.966667 9.33454e-07
1.03333 0.966667 6.27216e-07
1.1 0.966667 3.98154e-07
1.16667 0.966667 2.36556e-07
1.23333 0.966667 1.28945e-07
1.3 0.966667 6.15956e-08
1.36667 0.966667 2.23004e-08
1.43333 0.966667 1.00212e-09
1.5 0.966667 1.0002e-08
1.56667 0.966667 1.59698e-08
1.63333 0.966667 1.9837e-08
1.7 0.966667 2.27475e-08
1.76667 0.966667 2.487e-08
1.83333 0.966667 2.61164e-08
1.9 0.966667 2.64971e-08
1.96667 0.966667 2.61625e-08
2.03333 0.966667 2.53227e-08
2.1 0.966667 2.41772e-08
2.16667 0.966667 2.28841e-08
2.23333 0.966667 2.15566e-08
2.3 0.966667 2.02695e-08
2.36667 0.966667 1.90681e-08
2.43333 0.966667 1.79758e-08
2.5 0.966667 1.69987e-08
2.56667 0.966667 1.61284e-08
2.63333 0.966667 1.5342e-08
2.7 0.966667 1.46024e-08
2.76667 0.966667 1.38586e-08
2.83333 0.966667 1.30499e-08
2.9 0.966667 1.2116e-08
2.96667 0.966667 1.10138e-08
3.03333 0.966667 9.73644e-09
3.1 0.966667 8.32444e-09
3.16667 0.966667 6.86038e-09
3.23333 0.966667 5.44587e-09
3.3 0.966667 4.17168e-09
3.36667 0.966667 3.09556e-09
3.43333 0.966667 2.23611e-09
3.5 0.966667 1.58058e-09
3.56667 0.966667 1.09841e-09
3.63333 0.966667 7.53441e-10
3.7 0.966667 5.11713e-10
3.76667 0.966667 3.4492e-10
3.83333 0.966667 2.31144e-10
3.9 0.966667 1.54194e-10
3.96667 0.966667 1.02484e-10
4.03333 0.966667 6.79034e-11
4.1 0.966667 4.48646e-11
4.16667 0.966667 2.95596e-11
4.23333 0.966667 1.94153e-11
4.3 0.966667 1.27037e-11
4.36667 0.966667 8.26974e-12
4.43333 0.966667 5.34431e-12
4.5 0.966667 3.41668e-12
4.56667 0.966667 2.1486e-12
4.63333 0.966667 1.31667e-12
4.7 0.966667 7.7383e-13
4.76667 0.966667 4.23869e-13
4.83333 0.966667 2.04627e-13
4.9 0.966667 7.70944e-14
4.96667 0.966667 1.85484e-14
