0
0
0
0
0
0
0
0
0
0
0
0
-0.042572300000000
-0.000026492500000
0.002832700000000
1.239450000000000
-0.005637850000000
1.224660000000000
0
0
0
0
0
0
0
0
0
0
0
0
0.003905090000000
-0.000050955100000
0.000564575000000
1.754140000000000
-0.007778940000000
1.191050000000000
0
0
0
0
0
0
0.016180500000000
-0.000049086900000
-0.008967610000000
-0.279683000000000
-0.003184990000000
-0.234791000000000
0
0
0
0
0
0
0.022635700000000
-0.000015312300000
-0.019988000000000
-2.240640000000000
0.004356870000000
-1.604390000000000
0
0
0
0
0
0
0.016914300000000
0.000081541700000
-0.020766900000000
-2.095880000000000
0.008096700000000
-1.516680000000000
0
0
0
0
0
0
0
0
0
0
0
0
-0.093211900000000
-0.000050658700000
0.005153200000000
2.209410000000000
-0.013335700000000
2.433400000000000
0
0
0
0
0
0
0.013733100000000
-0.000118543000000
-0.000515856000000
3.374660000000000
-0.019643800000000
2.248220000000000
0.026948300000000
-0.000086998100000
-0.022641500000000
-0.646586000000000
-0.004244330000000
-0.875912000000000
0.046585800000000
0.000008162000000
-0.044790900000000
-4.240000000000000
0.015864400000000
-3.398490000000000
0.033817000000000
0.000252832000000
-0.044296400000000
-3.923360000000000
0.017903400000000
-2.774560000000000
0
0
0
0
0
0
-0.123940000000000
-0.000069865500000
0.006639850000000
2.951870000000000
-0.026221900000000
3.380280000000000
0
0
0
0
0
0
0.011544600000000
-0.000218886000000
-0.004692360000000
4.226240000000000
-0.038366000000000
2.735360000000000
0.021686900000000
0.000016865800000
-0.045294000000000
-1.172550000000000
0.011700100000000
-2.198420000000000
0.052422300000000
0.000254723000000
-0.072664300000000
-5.719530000000000
0.041221900000000
-4.900550000000000
0.038740800000000
0.000487321000000
-0.064702000000000
-5.106560000000000
0.016435000000000
-3.073230000000000
0
0
0
0
0
0
-0.111277000000000
-0.000106036000000
0.006724210000000
3.020550000000000
-0.039306800000000
3.397140000000000
0
0
0
0
0
0
-0.006111640000000
-0.000172372000000
-0.009991010000000
3.710640000000000
-0.035728900000000
1.900890000000000
0.003939510000000
0.000860003000000
-0.064726400000000
-1.567970000000000
0.049293400000000
-3.378100000000000
0.032699000000000
0.000487396000000
-0.083216100000000
-5.767960000000000
0.043092900000000
-4.605960000000000
0.028561200000000
0.000559143000000
-0.067024700000000
-4.874200000000000
-0.006124470000000
-2.095870000000000
0
0
0
0
0
0
-0.057551700000000
-0.000061611900000
0.003945260000000
1.950390000000000
-0.025422700000000
2.011160000000000
0
0
0
0
0
0
-0.014729800000000
-0.000110090000000
-0.007400360000000
1.941920000000000
0.015095800000000
0.279898000000000
-0.006242610000000
0.000199524000000
-0.040572000000000
-1.258870000000000
0.036382700000000
-2.533260000000000
0.006701970000000
0.000354220000000
-0.055199600000000
-3.606700000000000
-0.005299660000000
-2.247230000000000
0.010175300000000
0.000338116000000
-0.042691200000000
-2.893450000000000
-0.008466680000000
-0.875534000000000
0
0
0
0
0
0
0
0
0
0
0
0
0
0
0
0
0
0
0
0
0
0
0
0
0
0
0
0
0
0
0
0
0
0
0
0
0
0
0
0
0
0
0
0
0
0
0
0
