0
0
0
0
0
0
0
0
0
0
0
0
-0.042572326634911
-0.000026492540707
0.002832700163780
1.239449676078609
-0.005637853117595
1.224658802881282
0
0
0
0
0
0
0
0
0
0
0
0
0.003905091150017
-0.000050955086926
0.000564574763721
1.754138027743332
-0.007778942305644
1.191050080291108
0
0
0
0
0
0
0.016180511757954
-0.000049086907430
-0.008967610335766
-0.279682532678296
-0.003184992380434
-0.234791180196795
0
0
0
0
0
0
0.022635694378151
-0.000015312337263
-0.019988019530894
-2.240638893909266
0.004356871485490
-1.604389358394643
0
0
0
0
0
0
0.016914310235572
0.000081541686706
-0.020766902070039
-2.095876803223929
0.008096704966228
-1.516680395428826
0
0
0
0
0
0
0
0
0
0
0
0
-0.093211942200672
-0.000050658682771
0.005153199570302
2.209409674104900
-0.013335700504775
2.433398224809684
0
0
0
0
0
0
0.013733103953512
-0.000118543283086
-0.000515855518689
3.374657926889506
-0.019643774243142
2.248215343936553
0.026948252699380
-0.000086998122543
-0.022641528553654
-0.646585625242262
-0.004244325379809
-0.875912301053885
0.046585839738775
0.000008162003425
-0.044790905704282
-4.240000402719394
0.015864447383578
-3.398488304825615
0.033816978698397
0.000252832393051
-0.044296448019387
-3.923356137186196
0.017903440161755
-2.774560582379308
0
0
0
0
0
0
-0.123939978278026
-0.000069865505074
0.006639847510316
2.951871561351441
-0.026221856282275
3.380275834206308
0
0
0
0
0
0
0.011544611173611
-0.000218886456346
-0.004692363531627
4.226242661293549
-0.038366049754868
2.735359184693689
0.021686930433035
0.000016865754777
-0.045294045030090
-1.172551427374463
0.011700113888827
-2.198420359174136
0.052422317565551
0.000254723262248
-0.072664283483963
-5.719527875058628
0.041221949491939
-4.900548257086241
0.038740845580235
0.000487320799654
-0.064701952837193
-5.106555409156566
0.016434962409094
-3.073225595368694
0
0
0
0
0
0
-0.111277363230577
-0.000106035996467
0.006724208845606
3.020554491618713
-0.039306757034150
3.397136776998969
0
0
0
0
0
0
-0.006111642360974
-0.000172371594765
-0.009991011548235
3.710643834401484
-0.035728910820992
1.900888959928934
0.003939512181078
0.000860002913057
-0.064726434344232
-1.567969896924849
0.049293436897236
-3.378096778060833
0.032698952155751
0.000487396282648
-0.083216127559713
-5.767962115032772
0.043092895012953
-4.605956039174296
0.028561220560444
0.000559143486496
-0.067024705134460
-4.874202859353467
-0.006124473071212
-2.095869682448949
0
0
0
0
0
0
-0.057551709278349
-0.000061611942970
0.003945257364279
1.950393245153536
-0.025422702901180
2.011162884232035
0
0
0
0
0
0
-0.014729775439691
-0.000110090358149
-0.007400359123048
1.941920779034554
0.015095772471297
0.279897761730761
-0.006242606883502
0.000199523623545
-0.040572004507210
-1.258866974866593
0.036382704220626
-2.533257845266987
0.006701969190882
0.000354219899663
-0.055199598436197
-3.606699375510225
-0.005299659759008
-2.247234895799928
0.010175280061479
0.000338116364873
-0.042691225795282
-2.893450943142336
-0.008466680963984
-0.875534178246384
0
0
0
0
0
0
0
0
0
0
0
0
0
0
0
0
0
0
0
0
0
0
0
0
0
0
0
0
0
0
0
0
0
0
0
0
0
0
0
0
0
0
0
0
0
0
0
0
