0.0333333 0.0333333 8.32464e-07
0.1 0.0333333 2.87257e-06
0.166667 0.0333333 5.74834e-06
0.233333 0.0333333 7.43583e-06
0.3 0.0333333 5.98148e-06
0.366667 0.0333333 7.0086e-07
0.433333 0.0333333 7.18833e-06
0.5 0.0333333 1.521e-05
0.566667 0.0333333 2.09853e-05
0.633333 0.0333333 2.32688e-05
0.7 0.0333333 2.21946e-05
0.766667 0.0333333 1.87822e-05
0.833333 0.0333333 1.41195e-05
0.9 0.0333333 8.79486e-06
0.966667 0.0333333 3.0427e-06
1.03333 0.0333333 2.6843e-06
1.1 0.0333333 7.43781e-06
1.16667 0.0333333 1.01157e-05
1.23333 0.0333333 1.01245e-05
1.3 0.0333333 7.78134e-06
1.36667 0.0333333 4.17828e-06
1.43333 0.0333333 6.59802e-07
1.5 0.0333333 1.74694e-06
1.56667 0.0333333 2.66418e-06
1.63333 0.0333333 2.33188e-06
1.7 0.0333333 1.30888e-06
1.76667 0.0333333 1.41267e-07
1.83333 0.0333333 8.14774e-07
1.9 0.0333333 1.39884e-06
1.96667 0.0333333 1.57153e-06
2.03333 0.0333333 1.34116e-06
2.1 0.0333333 7.24994e-07
2.16667 0.0333333 2.42799e-07
2.23333 0.0333333 1.46429e-06
2.3 0.0333333 2.73005e-06
2.36667 0.0333333 3.72336e-06
2.43333 0.0333333 4.13856e-06
2.5 0.0333333 3.8687e-06
2.56667 0.0333333 3.08689e-06
2.63333 0.0333333 2.12474e-06
2.7 0.0333333 1.26823e-06
2.76667 0.0333333 6.4832e-07
2.83333 0.0333333 2.63722e-07
2.9 0.0333333 5.73777e-08
2.96667 0.0333333 3.1785e-08
3.03333 0.0333333 5.28817e-08
3.1 0.0333333 4.14822e-08
3.16667 0.0333333 2.04615e-08
3.23333 0.0333333 2.00224e-09
3.3 0.0333333 9.56818e-09
3.36667 0.0333333 1.45384e-08
3.43333 0.0333333 1.50144e-08
3.5 0.0333333 1.31671e-08
3.56667 0.0333333 1.05276e-08
3.63333 0.0333333 7.93825e-09
3.7 0.0333333 5.75441e-09
3.76667 0.0333333 4.05769e-09
3.83333 0.0333333 2.80467e-09
3.9 0.0333333 1.91001e-09
3.96667 0.0333333 1.28607e-09
4.03333 0.0333333 8.58281e-10
4.1 0.0333333 5.68648e-10
4.16667 0.0333333 3.74422e-10
4.23333 0.0333333 2.45134e-10
4.3 0.0333333 1.59567e-10
4.36667 0.0333333 1.03194e-10
4.43333 0.0333333 6.61913e-11
4.5 0.0333333 4.19802e-11
4.56667 0.0333333 2.61864e-11
4.63333 0.0333333 1.59213e-11
4.7 0.0333333 9.28912e-12
4.76667 0.0333333 5.05552e-12
4.83333 0.0333333 2.42776e-12
4.9 0.0333333 9.11122e-13
4.96667 0.0333333 2.18617e-13
0.0333333 0.1 3.23361e-06
0.1 0.1 4.11847e-06
0.166667 0.1 5.53353e-06
0.233333 0.1 6.57322e-06
0.3 0.1 6.05973e-06
0.366667 0.1 3.35518e-06
0.433333 0.1 1.21464e-06
0.5 0.1 6.55178e-06
0.566667 0.1 1.13821e-05
0.633333 0.1 1.42551e-05
0.7 0.1 1.41933e-05
0.766667 0.1 1.18122e-05
0.833333 0.1 8.33608e-06
0.9 0.1 4.70362e-06
0.966667 0.1 1.33497e-06
1.03333 0.1 1.759e-06
1.1 0.1 4.4624e-06
1.16667 0.1 6.34308e-06
1.23333 0.1 6.91589e-06
1.3 0.1 6.07895e-06
1.36667 0.1 4.26625e-06
1.43333 0.1 2.25376e-06
1.5 0.1 7.49688e-07
1.56667 0.1 8.10173e-08
1.63333 0.1 1.38229e-07
1.7 0.1 5.91521e-07
1.76667 0.1 1.12358e-06
1.83333 0.1 1.52287e-06
1.9 0.1 1.68861e-06
1.96667 0.1 1.59347e-06
2.03333 0.1 1.24021e-06
2.1 0.1 6.47127e-07
2.16667 0.1 1.5485e-07
2.23333 0.1 1.1356e-06
2.3 0.1 2.16577e-06
2.36667 0.1 3.0156e-06
2.43333 0.1 3.44439e-06
2.5 0.1 3.3233e-06
2.56667 0.1 2.73312e-06
2.63333 0.1 1.93401e-06
2.7 0.1 1.19534e-06
2.76667 0.1 6.47395e-07
2.83333 0.1 2.98232e-07
2.9 0.1 9.69417e-08
2.96667 0.1 3.3567e-09
3.03333 0.1 3.91613e-08
3.1 0.1 3.93198e-08
3.16667 0.1 2.47011e-08
3.23333 0.1 8.37237e-09
3.3 0.1 3.51749e-09
3.36667 0.1 9.74777e-09
3.43333 0.1 1.15837e-08
3.5 0.1 1.0864e-08
3.56667 0.1 9.05073e-09
3.63333 0.1 7.023e-09
3.7 0.1 5.20136e-09
3.76667 0.1 3.72973e-09
3.83333 0.1 2.61292e-09
3.9 0.1 1.79911e-09
3.96667 0.1 1.22251e-09
4.03333 0.1 8.22155e-10
4.1 0.1 5.48313e-10
4.16667 0.1 3.63131e-10
4.23333 0.1 2.39002e-10
4.3 0.1 1.56372e-10
4.36667 0.1 1.01669e-10
4.43333 0.1 6.56137e-11
4.5 0.1 4.19395e-11
4.56667 0.1 2.64493e-11
4.63333 0.1 1.63549e-11
4.7 0.1 9.81764e-12
4.76667 0.1 5.63541e-12
4.83333 0.1 3.03374e-12
4.9 0.1 1.52842e-12
4.96667 0.1 8.38896e-13
0.0333333 0.166667 7.67766e-06
0.1 0.166667 6.54601e-06
0.166667 0.166667 5.53241e-06
0.233333 0.166667 4.68955e-06
0.3 0.166667 5.14891e-06
0.366667 0.166667 7.19809e-06
0.433333 0.166667 8.86568e-06
0.5 0.166667 8.113e-06
0.566667 0.166667 4.67266e-06
0.633333 0.166667 1.36467e-07
0.7 0.166667 3.22319e-06
0.766667 0.166667 3.10114e-06
0.833333 0.166667 5.18111e-07
0.9 0.166667 1.80193e-06
0.966667 0.166667 2.21189e-06
1.03333 0.166667 9.63675e-07
1.1 0.166667 3.5045e-07
1.16667 0.166667 3.95756e-07
1.23333 0.166667 9.12121e-07
1.3 0.166667 2.77306e-06
1.36667 0.166667 4.34249e-06
1.43333 0.166667 5.26068e-06
1.5 0.166667 5.47031e-06
1.56667 0.166667 4.93454e-06
1.63333 0.166667 4.09317e-06
1.7 0.166667 3.34448e-06
1.76667 0.166667 2.75499e-06
1.83333 0.166667 2.26593e-06
1.9 0.166667 1.80987e-06
1.96667 0.166667 1.33772e-06
2.03333 0.166667 8.24414e-07
2.1 0.166667 2.77549e-07
2.16667 0.166667 2.53744e-07
2.23333 0.166667 7.89288e-07
2.3 0.166667 1.32663e-06
2.36667 0.166667 1.75553e-06
2.43333 0.166667 2.15089e-06
2.5 0.166667 2.38829e-06
2.56667 0.166667 2.25374e-06
2.63333 0.166667 1.76902e-06
2.7 0.166667 1.17261e-06
2.76667 0.166667 7.14545e-07
2.83333 0.166667 3.97981e-07
2.9 0.166667 1.88267e-07
2.96667 0.166667 5.73727e-08
3.03333 0.166667 1.18413e-08
3.1 0.166667 3.65464e-08
3.16667 0.166667 3.42791e-08
3.23333 0.166667 2.08867e-08
3.3 0.166667 7.24918e-09
3.36667 0.166667 1.9361e-09
3.43333 0.166667 6.38088e-09
3.5 0.166667 7.56578e-09
3.56667 0.166667 7.02991e-09
3.63333 0.166667 5.81706e-09
3.7 0.166667 4.497e-09
3.76667 0.166667 3.32567e-09
3.83333 0.166667 2.3847e-09
3.9 0.166667 1.67204e-09
3.96667 0.166667 1.15277e-09
4.03333 0.166667 7.84499e-10
4.1 0.166667 5.28421e-10
4.16667 0.166667 3.52976e-10
4.23333 0.166667 2.34138e-10
4.3 0.166667 1.54355e-10
4.36667 0.166667 1.0117e-10
4.43333 0.166667 6.59166e-11
4.5 0.166667 4.26602e-11
4.56667 0.166667 2.73843e-11
4.63333 0.166667 1.73972e-11
4.7 0.166667 1.09116e-11
4.76667 0.166667 6.75244e-12
4.83333 0.166667 4.15949e-12
4.9 0.166667 2.65609e-12
4.96667 0.166667 1.96526e-12
0.0333333 0.233333 1.29253e-05
0.1 0.233333 9.44579e-06
0.166667 0.233333 4.55594e-06
0.233333 0.233333 1.90399e-07
0.3 0.233333 3.35643e-06
0.366667 0.233333 6.68245e-06
0.433333 0.233333 2.14108e-05
0.5 0.233333 2.50452e-05
0.566667 0.233333 2.34811e-05
0.633333 0.233333 1.87505e-05
0.7 0.233333 5.86935e-06
0.766667 0.233333 1.16894e-06
0.833333 0.233333 3.1959e-06
0.9 0.233333 6.66837e-06
0.966667 0.233333 6.17164e-06
1.03333 0.233333 2.19066e-07
1.1 0.233333 7.04092e-06
1.16667 0.233333 1.05704e-05
1.23333 0.233333 8.57858e-06
1.3 0.233333 2.87193e-06
1.36667 0.233333 3.71775e-06
1.43333 0.233333 9.21825e-06
1.5 0.233333 1.27242e-05
1.56667 0.233333 1.09658e-05
1.63333 0.233333 8.03438e-06
1.7 0.233333 5.44566e-06
1.76667 0.233333 3.50154e-06
1.83333 0.233333 2.10252e-06
1.9 0.233333 1.0995e-06
1.96667 0.233333 3.49416e-07
2.03333 0.233333 1.93212e-07
2.1 0.233333 5.90712e-07
2.16667 0.233333 8.50578e-07
2.23333 0.233333 7.82536e-07
2.3 0.233333 3.39625e-07
2.36667 0.233333 3.1701e-07
2.43333 0.233333 1.04251e-06
2.5 0.233333 3.16948e-07
2.56667 0.233333 1.62924e-06
2.63333 0.233333 1.56864e-06
2.7 0.233333 1.23118e-06
2.76667 0.233333 8.67733e-07
2.83333 0.233333 5.69695e-07
2.9 0.233333 3.35264e-07
2.96667 0.233333 1.52305e-07
3.03333 0.233333 2.63867e-08
3.1 0.233333 3.98619e-08
3.16667 0.233333 5.5815e-08
3.23333 0.233333 4.32096e-08
3.3 0.233333 2.34757e-08
3.36667 0.233333 8.20771e-09
3.43333 0.233333 4.03318e-10
3.5 0.233333 4.11206e-09
3.56667 0.233333 5.05951e-09
3.63333 0.233333 4.70736e-09
3.7 0.233333 3.88128e-09
3.76667 0.233333 2.9899e-09
3.83333 0.233333 2.20527e-09
3.9 0.233333 1.5785e-09
3.96667 0.233333 1.10557e-09
4.03333 0.233333 7.61801e-10
4.1 0.233333 5.18377e-10
4.16667 0.233333 3.49283e-10
4.23333 0.233333 2.33514e-10
4.3 0.233333 1.55137e-10
4.36667 0.233333 1.02541e-10
4.43333 0.233333 6.74945e-11
4.5 0.233333 4.42782e-11
4.56667 0.233333 2.89782e-11
4.63333 0.233333 1.89492e-11
4.7 0.233333 1.24229e-11
4.76667 0.233333 8.23071e-12
4.83333 0.233333 5.61365e-12
4.9 0.233333 4.09423e-12
4.96667 0.233333 3.39359e-12
0.0333333 0.3 1.68335e-05
0.1 0.3 1.1654e-05
0.166667 0.3 3.03208e-06
0.233333 0.3 1.1878e-05
0.3 0.3 3.35864e-05
0.366667 0.3 1.21175e-05
0.433333 0.3 2.96053e-05
0.5 0.3 3.53312e-05
0.566667 0.3 3.61198e-05
0.633333 0.3 3.61446e-05
0.7 0.3 1.38868e-05
0.766667 0.3 2.55793e-06
0.833333 0.3 4.41836e-06
0.9 0.3 4.89564e-06
0.966667 0.3 1.03929e-05
1.03333 0.3 2.25638e-06
1.1 0.3 1.39333e-05
1.16667 0.3 2.38613e-05
1.23333 0.3 2.21741e-05
1.3 0.3 1.19219e-05
1.36667 0.3 9.80513e-07
1.43333 0.3 1.24234e-05
1.5 0.3 2.01877e-05
1.56667 0.3 1.61391e-05
1.63333 0.3 1.00801e-05
1.7 0.3 5.29235e-06
1.76667 0.3 2.14327e-06
1.83333 0.3 2.23347e-07
1.9 0.3 8.89957e-07
1.96667 0.3 1.56365e-06
2.03333 0.3 1.93009e-06
2.1 0.3 2.0942e-06
2.16667 0.3 2.07675e-06
2.23333 0.3 1.5764e-06
2.3 0.3 2.58016e-08
2.36667 0.3 2.72784e-06
2.43333 0.3 6.42549e-06
2.5 0.3 6.44281e-06
2.56667 0.3 4.7854e-07
2.63333 0.3 1.28203e-06
2.7 0.3 1.33654e-06
2.76667 0.3 1.06955e-06
2.83333 0.3 7.88207e-07
2.9 0.3 5.35697e-07
2.96667 0.3 2.93053e-07
3.03333 0.3 8.01838e-08
3.1 0.3 5.74343e-08
3.16667 0.3 1.01028e-07
3.23333 0.3 8.11573e-08
3.3 0.3 4.5673e-08
3.36667 0.3 1.92461e-08
3.43333 0.3 5.05608e-09
3.5 0.3 1.38466e-09
3.56667 0.3 3.68789e-09
3.63333 0.3 4.02091e-09
3.7 0.3 3.54481e-09
3.76667 0.3 2.83185e-09
3.83333 0.3 2.13673e-09
3.9 0.3 1.55338e-09
3.96667 0.3 1.10033e-09
4.03333 0.3 7.64748e-10
4.1 0.3 5.23981e-10
4.16667 0.3 3.55129e-10
4.23333 0.3 2.38704e-10
4.3 0.3 1.59461e-10
4.36667 0.3 1.06072e-10
4.43333 0.3 7.0391e-11
4.5 0.3 4.67029e-11
4.56667 0.3 3.1068e-11
4.63333 0.3 2.08088e-11
4.7 0.3 1.4128e-11
4.76667 0.3 9.83455e-12
4.83333 0.3 7.15288e-12
4.9 0.3 5.59411e-12
4.96667 0.3 4.8722e-12
0.0333333 0.366667 1.73582e-05
0.1 0.366667 1.20326e-05
0.166667 0.366667 2.96056e-06
0.233333 0.366667 1.32401e-05
0.3 0.366667 5.08189e-05
0.366667 0.366667 3.16953e-05
0.433333 0.366667 2.65809e-05
0.5 0.366667 3.58583e-05
0.566667 0.366667 3.44012e-05
0.633333 0.366667 2.84931e-05
0.7 0.366667 7.70398e-06
0.766667 0.366667 4.22346e-05
0.833333 0.366667 5.7e-05
0.9 0.366667 3.34315e-05
0.966667 0.366667 1.09321e-05
1.03333 0.366667 1.38631e-05
1.1 0.366667 1.13365e-05
1.16667 0.366667 3.42302e-05
1.23333 0.366667 3.35029e-05
1.3 0.366667 1.81602e-05
1.36667 0.366667 1.06361e-06
1.43333 0.366667 1.708e-05
1.5 0.366667 2.58364e-05
1.56667 0.366667 1.83605e-05
1.63333 0.366667 8.35159e-06
1.7 0.366667 1.43336e-06
1.76667 0.366667 2.13598e-06
1.83333 0.366667 3.58645e-06
1.9 0.366667 4.03261e-06
1.96667 0.366667 4.1381e-06
2.03333 0.366667 4.11456e-06
2.1 0.366667 3.98932e-06
2.16667 0.366667 3.68222e-06
2.23333 0.366667 3.06061e-06
2.3 0.366667 1.07959e-06
2.36667 0.366667 2.65947e-06
2.43333 0.366667 1.16775e-05
2.5 0.366667 1.84486e-05
2.56667 0.366667 2.03834e-06
2.63333 0.366667 1.04876e-06
2.7 0.366667 1.41126e-06
2.76667 0.366667 1.23085e-06
2.83333 0.366667 9.83963e-07
2.9 0.366667 7.51084e-07
2.96667 0.366667 5.0639e-07
3.03333 0.366667 1.76354e-07
3.1 0.366667 1.05312e-07
3.16667 0.366667 1.9872e-07
3.23333 0.366667 1.49176e-07
3.3 0.366667 7.22185e-08
3.36667 0.366667 2.98658e-08
3.43333 0.366667 9.43119e-09
3.5 0.366667 4.57118e-10
3.56667 0.366667 2.91183e-09
3.63333 0.366667 3.70614e-09
3.7 0.366667 3.43173e-09
3.76667 0.366667 2.80518e-09
3.83333 0.366667 2.14439e-09
3.9 0.366667 1.57206e-09
3.96667 0.366667 1.12009e-09
4.03333 0.366667 7.81895e-10
4.1 0.366667 5.37599e-10
4.16667 0.366667 3.6546e-10
4.23333 0.366667 2.46365e-10
4.3 0.366667 1.65111e-10
4.36667 0.366667 1.10274e-10
4.43333 0.366667 7.35843e-11
4.5 0.366667 4.92107e-11
4.56667 0.366667 3.31185e-11
4.63333 0.366667 2.25586e-11
4.7 0.366667 1.56827e-11
4.76667 0.366667 1.1264e-11
4.83333 0.366667 8.5031e-12
4.9 0.366667 6.89586e-12
4.96667 0.366667 6.14793e-12
0.0333333 0.433333 1.41382e-05
0.1 0.433333 1.01846e-05
0.166667 0.433333 4.34645e-06
0.233333 0.433333 1.98335e-06
0.3 0.433333 6.50983e-06
0.366667 0.433333 7.6326e-06
0.433333 0.433333 2.82509e-05
0.5 0.433333 3.01611e-05
0.566667 0.433333 2.46683e-05
0.633333 0.433333 1.15179e-05
0.7 0.433333 3.71443e-05
0.766667 0.433333 9.06235e-05
0.833333 0.433333 0.000132436
0.9 0.433333 0.000140167
0.966667 0.433333 1.58517e-05
1.03333 0.433333 0.000120128
1.1 0.433333 1.40904e-05
1.16667 0.433333 3.67986e-05
1.23333 0.433333 3.86288e-05
1.3 0.433333 1.86235e-05
1.36667 0.433333 6.42053e-06
1.43333 0.433333 2.53162e-05
1.5 0.433333 3.14794e-05
1.56667 0.433333 1.67342e-05
1.63333 0.433333 9.67962e-07
1.7 0.433333 7.36192e-06
1.76667 0.433333 9.29463e-06
1.83333 0.433333 8.61486e-06
1.9 0.433333 7.63957e-06
1.96667 0.433333 6.80691e-06
2.03333 0.433333 6.15215e-06
2.1 0.433333 5.58854e-06
2.16667 0.433333 4.99222e-06
2.23333 0.433333 4.20406e-06
2.3 0.433333 2.59838e-06
2.36667 0.433333 1.30121e-07
2.43333 0.433333 4.62868e-06
2.5 0.433333 1.07845e-05
2.56667 0.433333 1.77992e-06
2.63333 0.433333 9.4135e-07
2.7 0.433333 1.37418e-06
2.76667 0.433333 1.26629e-06
2.83333 0.433333 1.075e-06
2.9 0.433333 8.91429e-07
2.96667 0.433333 7.19933e-07
3.03333 0.433333 5.38689e-07
3.1 0.433333 1.96978e-07
3.16667 0.433333 5.07157e-07
3.23333 0.433333 2.28246e-07
3.3 0.433333 9.60134e-08
3.36667 0.433333 3.79162e-08
3.43333 0.433333 1.22995e-08
3.5 0.433333 1.49878e-09
3.56667 0.433333 2.54638e-09
3.63333 0.433333 3.59675e-09
3.7 0.433333 3.41795e-09
3.76667 0.433333 2.82395e-09
3.83333 0.433333 2.17085e-09
3.9 0.433333 1.59693e-09
3.96667 0.433333 1.14049e-09
4.03333 0.433333 7.97543e-10
4.1 0.433333 5.49156e-10
4.16667 0.433333 3.73814e-10
4.23333 0.433333 2.52349e-10
4.3 0.433333 1.69405e-10
4.36667 0.433333 1.13396e-10
4.43333 0.433333 7.59109e-11
4.5 0.433333 5.10065e-11
4.56667 0.433333 3.45647e-11
4.63333 0.433333 2.37772e-11
4.7 0.433333 1.67542e-11
4.76667 0.433333 1.22413e-11
4.83333 0.433333 9.42042e-12
4.9 0.433333 7.77603e-12
4.96667 0.433333 7.00811e-12
0.0333333 0.5 8.83653e-06
0.1 0.5 6.75086e-06
0.166667 0.5 4.47927e-06
0.233333 0.5 4.09312e-06
0.3 0.5 7.09251e-06
0.366667 0.5 1.58339e-05
0.433333 0.5 2.34694e-05
0.5 0.5 2.34431e-05
0.566667 0.5 1.74948e-05
0.633333 0.5 2.7478e-06
0.7 0.5 4.83716e-05
0.766667 0.5 0.000107336
0.833333 0.5 0.000158224
0.9 0.5 0.000213895
0.966667 0.5 1.76569e-06
1.03333 0.5 0.000331571
1.1 0.5 4.17265e-05
1.16667 0.5 3.27547e-05
1.23333 0.5 3.67711e-05
1.3 0.5 1.35728e-05
1.36667 0.5 1.6292e-05
1.43333 0.5 4.08144e-05
1.5 0.5 4.08592e-05
1.56667 0.5 1.13666e-05
1.63333 0.5 1.58857e-05
1.7 0.5 2.21586e-05
1.76667 0.5 1.71844e-05
1.83333 0.5 1.33039e-05
1.9 0.5 1.05541e-05
1.96667 0.5 8.65982e-06
2.03333 0.5 7.30756e-06
2.1 0.5 6.24997e-06
2.16667 0.5 5.28374e-06
2.23333 0.5 4.16955e-06
2.3 0.5 2.73921e-06
2.36667 0.5 5.58437e-07
2.43333 0.5 3.16366e-06
2.5 0.5 2.66367e-06
2.56667 0.5 5.85059e-07
2.63333 0.5 8.34932e-07
2.7 0.5 1.197e-06
2.76667 0.5 1.14787e-06
2.83333 0.5 1.01116e-06
2.9 0.5 8.68576e-07
2.96667 0.5 7.38875e-07
3.03333 0.5 7.237e-07
3.1 0.5 3.38304e-07
3.16667 0.5 7.68219e-07
3.23333 0.5 2.62938e-07
3.3 0.5 1.04865e-07
3.36667 0.5 4.01718e-08
3.43333 0.5 1.28281e-08
3.5 0.5 1.5558e-09
3.56667 0.5 2.60261e-09
3.63333 0.5 3.66559e-09
3.7 0.5 3.47471e-09
3.76667 0.5 2.86575e-09
3.83333 0.5 2.20025e-09
3.9 0.5 1.61714e-09
3.96667 0.5 1.15423e-09
4.03333 0.5 8.06813e-10
4.1 0.5 5.55389e-10
4.16667 0.5 3.78005e-10
4.23333 0.5 2.5518e-10
4.3 0.5 1.71338e-10
4.36667 0.5 1.14741e-10
4.43333 0.5 7.6874e-11
4.5 0.5 5.17232e-11
4.56667 0.5 3.51234e-11
4.63333 0.5 2.42352e-11
4.7 0.5 1.71483e-11
4.76667 0.5 1.25949e-11
4.83333 0.5 9.74851e-12
4.9 0.5 8.08844e-12
4.96667 0.5 7.31219e-12
0.0333333 0.566667 3.75927e-06
0.1 0.566667 3.04855e-06
0.166667 0.566667 2.61647e-06
0.233333 0.566667 3.7772e-06
0.3 0.566667 7.37362e-06
0.366667 0.566667 1.25529e-05
0.433333 0.566667 1.67327e-05
0.5 0.566667 1.77397e-05
0.566667 0.566667 1.52045e-05
0.633333 0.566667 5.535e-06
0.7 0.566667 3.59268e-05
0.766667 0.566667 8.1378e-05
0.833333 0.566667 0.00011105
0.9 0.566667 9.68996e-05
0.966667 0.566667 0.000112486
1.03333 0.566667 0.000280586
1.1 0.566667 3.75456e-05
1.16667 0.566667 2.87024e-05
1.23333 0.566667 3.08095e-05
1.3 0.566667 6.62289e-06
1.36667 0.566667 2.49556e-05
1.43333 0.566667 5.52657e-05
1.5 0.566667 8.5706e-05
1.56667 0.566667 9.14942e-06
1.63333 0.566667 6.04405e-05
1.7 0.566667 3.32673e-05
1.76667 0.566667 2.21301e-05
1.83333 0.566667 1.56519e-05
1.9 0.566667 1.16371e-05
1.96667 0.566667 8.99408e-06
2.03333 0.566667 7.13933e-06
2.1 0.566667 5.71288e-06
2.16667 0.566667 4.47298e-06
2.23333 0.566667 3.24295e-06
2.3 0.566667 1.72331e-06
2.36667 0.566667 1.60619e-07
2.43333 0.566667 1.0512e-06
2.5 0.566667 8.40092e-07
2.56667 0.566667 5.11611e-08
2.63333 0.566667 6.61954e-07
2.7 0.566667 9.24786e-07
2.76667 0.566667 9.15101e-07
2.83333 0.566667 8.13635e-07
2.9 0.566667 6.81523e-07
2.96667 0.566667 5.26225e-07
3.03333 0.566667 2.97194e-07
3.1 0.566667 3.83916e-07
3.16667 0.566667 5.56255e-07
3.23333 0.566667 2.27952e-07
3.3 0.566667 9.37041e-08
3.36667 0.566667 3.61831e-08
3.43333 0.566667 1.12524e-08
3.5 0.566667 9.03058e-10
3.56667 0.566667 2.87655e-09
3.63333 0.566667 3.77724e-09
3.7 0.566667 3.51578e-09
3.76667 0.566667 2.87665e-09
3.83333 0.566667 2.19911e-09
3.9 0.566667 1.61202e-09
3.96667 0.566667 1.14852e-09
4.03333 0.566667 8.01806e-10
4.1 0.566667 5.51414e-10
4.16667 0.566667 3.75008e-10
4.23333 0.566667 2.5298e-10
4.3 0.566667 1.69738e-10
4.36667 0.566667 1.13573e-10
4.43333 0.566667 7.60055e-11
4.5 0.566667 5.10575e-11
4.56667 0.566667 3.45926e-11
4.63333 0.566667 2.37929e-11
4.7 0.566667 1.67634e-11
4.76667 0.566667 1.2247e-11
4.83333 0.566667 9.42426e-12
4.9 0.566667 7.77892e-12
4.96667 0.566667 7.0106e-12
0.0333333 0.633333 3.52076e-07
0.1 0.633333 3.23385e-07
0.166667 0.633333 5.81257e-07
0.233333 0.633333 1.85177e-06
0.3 0.633333 4.33691e-06
0.366667 0.633333 7.50424e-06
0.433333 0.633333 1.04506e-05
0.5 0.633333 1.24533e-05
0.566667 0.633333 1.35533e-05
0.633333 0.633333 1.12492e-05
0.7 0.633333 1.50492e-05
0.766667 0.633333 3.97867e-05
0.833333 0.633333 4.25529e-05
0.9 0.633333 2.53861e-06
0.966667 0.633333 6.6953e-05
1.03333 0.633333 5.7257e-05
1.1 0.633333 9.91107e-06
1.16667 0.633333 2.61494e-05
1.23333 0.633333 2.32125e-05
1.3 0.633333 1.38852e-06
1.36667 0.633333 2.59972e-05
1.43333 0.633333 5.29882e-05
1.5 0.633333 8.70802e-05
1.56667 0.633333 7.4575e-06
1.63333 0.633333 5.93598e-05
1.7 0.633333 3.2253e-05
1.76667 0.633333 2.08854e-05
1.83333 0.633333 1.44475e-05
1.9 0.633333 1.03822e-05
1.96667 0.633333 7.67116e-06
2.03333 0.633333 5.75328e-06
2.1 0.633333 4.29122e-06
2.16667 0.633333 3.08438e-06
2.23333 0.633333 2.06244e-06
2.3 0.633333 8.53701e-07
2.36667 0.633333 2.75208e-07
2.43333 0.633333 5.22599e-07
2.5 0.633333 2.45964e-07
2.56667 0.633333 1.14767e-07
2.63333 0.633333 4.71625e-07
2.7 0.633333 6.46747e-07
2.76667 0.633333 6.48889e-07
2.83333 0.633333 5.67433e-07
2.9 0.633333 4.37596e-07
2.96667 0.633333 2.5855e-07
3.03333 0.633333 6.12695e-09
3.1 0.633333 1.90426e-07
3.16667 0.633333 2.24421e-07
3.23333 0.633333 1.48993e-07
3.3 0.633333 6.825e-08
3.36667 0.633333 2.6898e-08
3.43333 0.633333 7.59665e-09
3.5 0.633333 6.03701e-10
3.56667 0.633333 3.50712e-09
3.63333 0.633333 4.03467e-09
3.7 0.633333 3.61111e-09
3.76667 0.633333 2.90238e-09
3.83333 0.633333 2.19674e-09
3.9 0.633333 1.60012e-09
3.96667 0.633333 1.13507e-09
4.03333 0.633333 7.89866e-10
4.1 0.633333 5.41829e-10
4.16667 0.633333 3.677e-10
4.23333 0.633333 2.47551e-10
4.3 0.633333 1.65738e-10
4.36667 0.633333 1.10606e-10
4.43333 0.633333 7.37617e-11
4.5 0.633333 4.93061e-11
4.56667 0.633333 3.31705e-11
4.63333 0.633333 2.25876e-11
4.7 0.633333 1.56994e-11
4.76667 0.633333 1.12742e-11
4.83333 0.633333 8.50989e-12
4.9 0.633333 6.90088e-12
4.96667 0.633333 6.15222e-12
0.0333333 0.7 1.20289e-06
0.1 0.7 1.06806e-06
0.166667 0.7 7.76668e-07
0.233333 0.7 2.97495e-09
0.3 0.7 1.35243e-06
0.366667 0.7 3.09391e-06
0.433333 0.7 5.05856e-06
0.5 0.7 6.73427e-06
0.566667 0.7 8.41497e-06
0.633333 0.7 9.40156e-06
0.7 0.7 5.0182e-06
0.766667 0.7 1.42309e-05
0.833333 0.7 8.98159e-06
0.9 0.7 8.16774e-06
0.966667 0.7 1.79929e-05
1.03333 0.7 8.55217e-06
1.1 0.7 1.11047e-05
1.16667 0.7 2.05323e-05
1.23333 0.7 1.4294e-05
1.3 0.7 1.9935e-06
1.36667 0.7 2.01965e-05
1.43333 0.7 3.50341e-05
1.5 0.7 3.65258e-05
1.56667 0.7 4.96057e-06
1.63333 0.7 1.89979e-05
1.7 0.7 1.95625e-05
1.76667 0.7 1.42272e-05
1.83333 0.7 1.00935e-05
1.9 0.7 7.14884e-06
1.96667 0.7 5.06053e-06
2.03333 0.7 3.56168e-06
2.1 0.7 2.46512e-06
2.16667 0.7 1.60855e-06
2.23333 0.7 9.43263e-07
2.3 0.7 2.60711e-07
2.36667 0.7 2.76815e-07
2.43333 0.7 2.86231e-07
2.5 0.7 7.02823e-08
2.56667 0.7 1.63784e-07
2.63333 0.7 3.47591e-07
2.7 0.7 4.29396e-07
2.76667 0.7 4.17003e-07
2.83333 0.7 3.44153e-07
2.9 0.7 2.32637e-07
2.96667 0.7 9.90166e-08
3.03333 0.7 2.66168e-08
3.1 0.7 1.02945e-07
3.16667 0.7 1.11927e-07
3.23333 0.7 7.87542e-08
3.3 0.7 4.09261e-08
3.36667 0.7 1.5637e-08
3.43333 0.7 2.77243e-09
3.5 0.7 2.73285e-09
3.56667 0.7 4.45682e-09
3.63333 0.7 4.45068e-09
3.7 0.7 3.78181e-09
3.76667 0.7 2.96128e-09
3.83333 0.7 2.20688e-09
3.9 0.7 1.59118e-09
3.96667 0.7 1.12059e-09
4.03333 0.7 7.75565e-10
4.1 0.7 5.29737e-10
4.16667 0.7 3.58185e-10
4.23333 0.7 2.40323e-10
4.3 0.7 1.60319e-10
4.36667 0.7 1.06527e-10
4.43333 0.7 7.06328e-11
4.5 0.7 4.68323e-11
4.56667 0.7 3.11379e-11
4.63333 0.7 2.08473e-11
4.7 0.7 1.41498e-11
4.76667 0.7 9.84749e-12
4.83333 0.7 7.16114e-12
4.9 0.7 5.60001e-12
4.96667 0.7 4.87712e-12
0.0333333 0.766667 1.43618e-06
0.1 0.766667 1.40234e-06
0.166667 0.766667 1.37719e-06
0.233333 0.766667 1.24574e-06
0.3 0.766667 9.67811e-07
0.366667 0.766667 5.13402e-07
0.433333 0.766667 2.50291e-07
0.5 0.766667 6.90517e-07
0.566667 0.766667 3.21538e-07
0.633333 0.766667 3.24853e-06
0.7 0.766667 1.15319e-05
0.766667 0.766667 1.24924e-05
0.833333 0.766667 7.753e-06
0.9 0.766667 1.69384e-06
0.966667 0.766667 7.80273e-09
1.03333 0.766667 4.30408e-06
1.1 0.766667 9.56967e-06
1.16667 0.766667 9.83155e-06
1.23333 0.766667 3.74534e-06
1.3 0.766667 5.54444e-06
1.36667 0.766667 1.39346e-05
1.43333 0.766667 1.81291e-05
1.5 0.766667 1.58708e-05
1.56667 0.766667 6.21871e-06
1.63333 0.766667 2.23295e-06
1.7 0.766667 5.7898e-06
1.76667 0.766667 5.56482e-06
1.83333 0.766667 4.16447e-06
1.9 0.766667 2.81256e-06
1.96667 0.766667 1.76783e-06
2.03333 0.766667 1.02714e-06
2.1 0.766667 5.43722e-07
2.16667 0.766667 2.00608e-07
2.23333 0.766667 3.54595e-08
2.3 0.766667 1.95671e-07
2.36667 0.766667 2.42886e-07
2.43333 0.766667 1.2993e-07
2.5 0.766667 4.51068e-08
2.56667 0.766667 1.94425e-07
2.63333 0.766667 2.76005e-07
2.7 0.766667 2.87811e-07
2.76667 0.766667 2.48076e-07
2.83333 0.766667 1.79059e-07
2.9 0.766667 9.85497e-08
2.96667 0.766667 2.19958e-08
3.03333 0.766667 3.47239e-08
3.1 0.766667 6.04925e-08
3.16667 0.766667 5.7074e-08
3.23333 0.766667 3.80298e-08
3.3 0.766667 1.79473e-08
3.36667 0.766667 4.14464e-09
3.43333 0.766667 2.99093e-09
3.5 0.766667 5.65738e-09
3.56667 0.766667 5.95027e-09
3.63333 0.766667 5.20959e-09
3.7 0.766667 4.16018e-09
3.76667 0.766667 3.14305e-09
3.83333 0.766667 2.28865e-09
3.9 0.766667 1.62358e-09
3.96667 0.766667 1.12981e-09
4.03333 0.766667 7.74771e-10
4.1 0.766667 5.25291e-10
4.16667 0.766667 3.52958e-10
4.23333 0.766667 2.35462e-10
4.3 0.766667 1.56168e-10
4.36667 0.766667 1.03087e-10
4.43333 0.766667 6.77837e-11
4.5 0.766667 4.44317e-11
4.56667 0.766667 2.90601e-11
4.63333 0.766667 1.89934e-11
4.7 0.766667 1.24471e-11
4.76667 0.766667 8.24444e-12
4.83333 0.766667 5.62188e-12
4.9 0.766667 4.09971e-12
4.96667 0.766667 3.39793e-12
0.0333333 0.833333 1.02039e-06
0.1 0.833333 1.1624e-06
0.166667 0.833333 1.47279e-06
0.233333 0.833333 1.93356e-06
0.3 0.833333 2.53112e-06
0.366667 0.833333 3.17987e-06
0.433333 0.833333 3.69294e-06
0.5 0.833333 4.35075e-06
0.566667 0.833333 5.5845e-06
0.633333 0.833333 7.3479e-06
0.7 0.833333 8.57746e-06
0.766667 0.833333 7.569e-06
0.833333 0.833333 4.89909e-06
0.9 0.833333 2.53076e-06
0.966667 0.833333 1.78611e-06
1.03333 0.833333 2.28443e-06
1.1 0.833333 2.36735e-06
1.16667 0.833333 7.54394e-07
1.23333 0.833333 2.27402e-06
1.3 0.833333 5.40104e-06
1.36667 0.833333 7.43121e-06
1.43333 0.833333 7.89155e-06
1.5 0.833333 6.96115e-06
1.56667 0.833333 5.15474e-06
1.63333 0.833333 3.43065e-06
1.7 0.833333 2.31051e-06
1.76667 0.833333 1.79286e-06
1.83333 0.833333 1.66485e-06
1.9 0.833333 1.65984e-06
1.96667 0.833333 1.61412e-06
2.03333 0.833333 1.48166e-06
2.1 0.833333 1.27821e-06
2.16667 0.833333 1.04397e-06
2.23333 0.833333 7.77142e-07
2.3 0.833333 5.0267e-07
2.36667 0.833333 2.50342e-07
2.43333 0.833333 2.44192e-08
2.5 0.833333 1.42317e-07
2.56667 0.833333 2.29903e-07
2.63333 0.833333 2.43406e-07
2.7 0.833333 2.05293e-07
2.76667 0.833333 1.4222e-07
2.83333 0.833333 7.56081e-08
2.9 0.833333 1.91236e-08
2.96667 0.833333 1.96974e-08
3.03333 0.833333 3.80939e-08
3.1 0.833333 3.82569e-08
3.16667 0.833333 2.68568e-08
3.23333 0.833333 1.21505e-08
3.3 0.833333 2.14357e-10
3.36667 0.833333 6.74646e-09
3.43333 0.833333 9.38938e-09
3.5 0.833333 9.35213e-09
3.56667 0.833333 8.05746e-09
3.63333 0.833333 6.39577e-09
3.7 0.833333 4.81808e-09
3.76667 0.833333 3.50184e-09
3.83333 0.833333 2.48053e-09
3.9 0.833333 1.72381e-09
3.96667 0.833333 1.18058e-09
4.03333 0.833333 7.99369e-10
4.1 0.833333 5.36341e-10
4.16667 0.833333 3.57181e-10
4.23333 0.833333 2.36364e-10
4.3 0.833333 1.55531e-10
4.36667 0.833333 1.0179e-10
4.43333 0.833333 6.62432e-11
4.5 0.833333 4.2832e-11
4.56667 0.833333 2.74745e-11
4.63333 0.833333 1.74447e-11
4.7 0.833333 1.09366e-11
4.76667 0.833333 6.76568e-12
4.83333 0.833333 4.16666e-12
4.9 0.833333 2.66026e-12
4.96667 0.833333 1.96821e-12
0.0333333 0.9 4.76803e-07
0.1 0.9 7.75029e-07
0.166667 0.9 1.39149e-06
0.233333 0.9 2.3313e-06
0.3 0.9 3.55054e-06
0.366667 0.9 4.93134e-06
0.433333 0.9 6.31283e-06
0.5 0.9 7.53362e-06
0.566667 0.9 8.38329e-06
0.633333 0.9 8.5e-06
0.7 0.9 7.58992e-06
0.766667 0.9 5.82338e-06
0.833333 0.9 3.75643e-06
0.9 0.9 1.85586e-06
0.966667 0.9 1.46693e-07
1.03333 0.9 1.56986e-06
1.1 0.9 3.2374e-06
1.16667 0.9 4.40929e-06
1.23333 0.9 4.61351e-06
1.3 0.9 3.86234e-06
1.36667 0.9 2.79452e-06
1.43333 0.9 2.29339e-06
1.5 0.9 2.8638e-06
1.56667 0.9 4.26995e-06
1.63333 0.9 5.74164e-06
1.7 0.9 6.60844e-06
1.76667 0.9 6.6941e-06
1.83333 0.9 6.20505e-06
1.9 0.9 5.42075e-06
1.96667 0.9 4.52883e-06
2.03333 0.9 3.62893e-06
2.1 0.9 2.77406e-06
2.16667 0.9 1.99142e-06
2.23333 0.9 1.30031e-06
2.3 0.9 7.2186e-07
2.36667 0.9 2.72871e-07
2.43333 0.9 3.80599e-08
2.5 0.9 2.11546e-07
2.56667 0.9 2.66157e-07
2.63333 0.9 2.37385e-07
2.7 0.9 1.65488e-07
2.76667 0.9 8.47346e-08
2.83333 0.9 1.77195e-08
2.9 0.9 2.50417e-08
2.96667 0.9 4.25851e-08
3.03333 0.9 4.02511e-08
3.1 0.9 2.64768e-08
3.16667 0.9 9.70153e-09
3.23333 0.9 4.09582e-09
3.3 0.9 1.23974e-08
3.36667 0.9 1.55116e-08
3.43333 0.9 1.51043e-08
3.5 0.9 1.29285e-08
3.56667 0.9 1.02284e-08
3.63333 0.9 7.68198e-09
3.7 0.9 5.565e-09
3.76667 0.9 3.92833e-09
3.83333 0.9 2.72051e-09
3.9 0.9 1.85703e-09
3.96667 0.9 1.25354e-09
4.03333 0.9 8.38701e-10
4.1 0.9 5.57106e-10
4.16667 0.9 3.67788e-10
4.23333 0.9 2.41462e-10
4.3 0.9 1.57668e-10
4.36667 0.9 1.02349e-10
4.43333 0.9 6.59698e-11
4.5 0.9 4.21251e-11
4.56667 0.9 2.65454e-11
4.63333 0.9 1.64042e-11
4.7 0.9 9.84257e-12
4.76667 0.9 5.64771e-12
4.83333 0.9 3.03957e-12
4.9 0.9 1.5311e-12
4.96667 0.9 8.40283e-13
0.0333333 0.966667 1.30379e-07
0.1 0.966667 5.24902e-07
0.166667 0.966667 1.33469e-06
0.233333 0.966667 2.5724e-06
0.3 0.966667 4.19145e-06
0.366667 0.966667 6.04262e-06
0.433333 0.966667 7.85776e-06
0.5 0.966667 9.25776e-06
0.566667 0.966667 9.81575e-06
0.633333 0.966667 9.25312e-06
0.7 0.966667 7.68031e-06
0.766667 0.966667 5.57203e-06
0.833333 0.966667 3.36094e-06
0.9 0.966667 1.06772e-06
0.966667 0.966667 1.51586e-06
1.03333 0.966667 4.24038e-06
1.1 0.966667 6.32793e-06
1.16667 0.966667 6.83157e-06
1.23333 0.966667 5.4367e-06
1.3 0.966667 2.87506e-06
1.36667 0.966667 5.91663e-07
1.43333 0.966667 9.1609e-08
1.5 0.966667 1.25339e-06
1.56667 0.966667 3.96816e-06
1.63333 0.966667 6.80741e-06
1.7 0.966667 8.72147e-06
1.76667 0.966667 9.32894e-06
1.83333 0.966667 8.84561e-06
1.9 0.966667 7.72221e-06
1.96667 0.966667 6.35074e-06
2.03333 0.966667 4.969e-06
2.1 0.966667 3.69117e-06
2.16667 0.966667 2.56598e-06
2.23333 0.966667 1.61647e-06
2.3 0.966667 8.57739e-07
2.36667 0.966667 2.98687e-07
2.43333 0.966667 6.33159e-08
2.5 0.966667 2.46535e-07
2.56667 0.966667 2.88589e-07
2.63333 0.966667 2.4012e-07
2.7 0.966667 1.51137e-07
2.76667 0.966667 6.07934e-08
2.83333 0.966667 7.15942e-09
2.9 0.966667 4.38486e-08
2.96667 0.966667 5.17725e-08
3.03333 0.966667 4.01106e-08
3.1 0.966667 1.99644e-08
3.16667 0.966667 4.86478e-10
3.23333 0.966667 1.31886e-08
3.3 0.966667 1.99161e-08
3.36667 0.966667 2.10954e-08
3.43333 0.966667 1.89641e-08
3.5 0.966667 1.54623e-08
3.56667 0.966667 1.18277e-08
3.63333 0.966667 8.66146e-09
3.7 0.966667 6.15143e-09
3.76667 0.966667 4.27353e-09
3.83333 0.966667 2.92114e-09
3.9 0.966667 1.9725e-09
3.96667 0.966667 1.31944e-09
4.03333 0.966667 8.76029e-10
4.1 0.966667 5.78057e-10
4.16667 0.966667 3.79395e-10
4.23333 0.966667 2.47754e-10
4.3 0.966667 1.60943e-10
4.36667 0.966667 1.03914e-10
4.43333 0.966667 6.65671e-11
4.5 0.966667 4.21749e-11
4.56667 0.966667 2.62863e-11
4.63333 0.966667 1.59718e-11
4.7 0.966667 9.31399e-12
4.76667 0.966667 5.06718e-12
4.83333 0.966667 2.43271e-12
4.9 0.966667 9.12822e-13
4.96667 0.966667 2.19002e-13
