0.0333333 0.0333333 8.40218e-06
0.1 0.0333333 2.40244e-05
0.166667 0.0333333 4.50793e-05
0.233333 0.0333333 5.29223e-05
0.3 0.0333333 3.95549e-05
0.366667 0.0333333 8.09597e-06
0.433333 0.0333333 2.92414e-05
0.5 0.0333333 5.94018e-05
0.566667 0.0333333 7.2582e-05
0.633333 0.0333333 7.16237e-05
0.7 0.0333333 6.13517e-05
0.766667 0.0333333 4.58949e-05
0.833333 0.0333333 2.94212e-05
0.9 0.0333333 1.41978e-05
0.966667 0.0333333 1.47219e-06
1.03333 0.0333333 8.18566e-06
1.1 0.0333333 1.46405e-05
1.16667 0.0333333 1.80202e-05
1.23333 0.0333333 1.8617e-05
1.3 0.0333333 1.68607e-05
1.36667 0.0333333 1.33286e-05
1.43333 0.0333333 8.7359e-06
1.5 0.0333333 3.86569e-06
1.56667 0.0333333 5.62818e-07
1.63333 0.0333333 4.0396e-06
1.7 0.0333333 6.3557e-06
1.76667 0.0333333 7.59745e-06
1.83333 0.0333333 8.05221e-06
1.9 0.0333333 8.07765e-06
1.96667 0.0333333 7.99253e-06
2.03333 0.0333333 8.01895e-06
2.1 0.0333333 8.27344e-06
2.16667 0.0333333 8.78607e-06
2.23333 0.0333333 9.52706e-06
2.3 0.0333333 1.04288e-05
2.36667 0.0333333 1.13993e-05
2.43333 0.0333333 1.23289e-05
2.5 0.0333333 1.30923e-05
2.56667 0.0333333 1.35513e-05
2.63333 0.0333333 1.35601e-05
2.7 0.0333333 1.29806e-05
2.76667 0.0333333 1.17125e-05
2.83333 0.0333333 9.73974e-06
2.9 0.0333333 7.18214e-06
2.96667 0.0333333 4.31916e-06
3.03333 0.0333333 1.54808e-06
3.1 0.0333333 7.30491e-07
3.16667 0.0333333 2.25013e-06
3.23333 0.0333333 2.96038e-06
3.3 0.0333333 3.00726e-06
3.36667 0.0333333 2.63689e-06
3.43333 0.0333333 2.08886e-06
3.5 0.0333333 1.53262e-06
3.56667 0.0333333 1.05651e-06
3.63333 0.0333333 6.88184e-07
3.7 0.0333333 4.21745e-07
3.76667 0.0333333 2.38019e-07
3.83333 0.0333333 1.15914e-07
3.9 0.0333333 3.72482e-08
3.96667 0.0333333 1.19528e-08
4.03333 0.0333333 4.17415e-08
4.1 0.0333333 5.90421e-08
4.16667 0.0333333 6.84815e-08
4.23333 0.0333333 7.3083e-08
4.3 0.0333333 7.47877e-08
4.36667 0.0333333 7.48242e-08
4.43333 0.0333333 7.39602e-08
4.5 0.0333333 7.26702e-08
4.56667 0.0333333 7.12442e-08
4.63333 0.0333333 6.98573e-08
4.7 0.0333333 6.86138e-08
4.76667 0.0333333 6.75752e-08
4.83333 0.0333333 6.67765e-08
4.9 0.0333333 6.62371e-08
4.96667 0.0333333 6.59659e-08
0.0333333 0.1 2.47826e-05
0.1 0.1 1.10557e-05
0.166667 0.1 2.06738e-05
0.233333 0.1 1.81298e-05
0.3 0.1 1.08659e-05
0.366667 0.1 4.66825e-06
0.433333 0.1 3.93575e-06
0.5 0.1 9.60771e-06
0.566667 0.1 1.78517e-05
0.633333 0.1 2.42775e-05
0.7 0.1 2.64802e-05
0.766667 0.1 2.42893e-05
0.833333 0.1 1.88731e-05
0.9 0.1 1.18263e-05
0.966667 0.1 4.54459e-06
1.03333 0.1 2.02517e-06
1.1 0.1 7.37718e-06
1.16667 0.1 1.13008e-05
1.23333 0.1 1.37287e-05
1.3 0.1 1.46597e-05
1.36667 0.1 1.4166e-05
1.43333 0.1 1.24413e-05
1.5 0.1 9.83471e-06
1.56667 0.1 6.81814e-06
1.63333 0.1 3.88262e-06
1.7 0.1 1.40758e-06
1.76667 0.1 4.25358e-07
1.83333 0.1 1.63416e-06
1.9 0.1 2.36877e-06
1.96667 0.1 2.82371e-06
2.03333 0.1 3.17278e-06
2.1 0.1 3.53949e-06
2.16667 0.1 3.99483e-06
2.23333 0.1 4.56782e-06
2.3 0.1 5.25791e-06
2.36667 0.1 6.04469e-06
2.43333 0.1 6.89365e-06
2.5 0.1 7.75879e-06
2.56667 0.1 8.58282e-06
2.63333 0.1 9.29566e-06
2.7 0.1 9.81166e-06
2.76667 0.1 1.00264e-05
2.83333 0.1 9.8201e-06
2.9 0.1 9.0833e-06
2.96667 0.1 7.77776e-06
3.03333 0.1 6.00749e-06
3.1 0.1 4.0365e-06
3.16667 0.1 2.20701e-06
3.23333 0.1 7.95536e-07
3.3 0.1 9.13215e-08
3.36667 0.1 5.14486e-07
3.43333 0.1 6.20907e-07
3.5 0.1 5.57937e-07
3.56667 0.1 4.30146e-07
3.63333 0.1 2.95951e-07
3.7 0.1 1.81068e-07
3.76667 0.1 9.27187e-08
3.83333 0.1 2.93608e-08
3.9 0.1 1.37171e-08
3.96667 0.1 4.16487e-08
4.03333 0.1 5.88695e-08
4.1 0.1 6.88188e-08
4.16667 0.1 7.39992e-08
4.23333 0.1 7.61567e-08
4.3 0.1 7.64728e-08
4.36667 0.1 7.57288e-08
4.43333 0.1 7.44315e-08
4.5 0.1 7.29044e-08
4.56667 0.1 7.13508e-08
4.63333 0.1 6.98967e-08
4.7 0.1 6.86188e-08
4.76667 0.1 6.75632e-08
4.83333 0.1 6.67567e-08
4.9 0.1 6.62144e-08
4.96667 0.1 6.59437e-08
0.0333333 0.166667 5.18388e-05
0.1 0.166667 3.94036e-05
0.166667 0.166667 9.26523e-05
0.233333 0.166667 9.71552e-05
0.3 0.166667 5.23751e-05
0.366667 0.166667 1.64593e-05
0.433333 0.166667 3.24206e-05
0.5 0.166667 4.71058e-05
0.566667 0.166667 3.42063e-05
0.633333 0.166667 1.38096e-05
0.7 0.166667 3.27162e-06
0.766667 0.166667 1.36289e-05
0.833333 0.166667 1.75002e-05
0.9 0.166667 1.66187e-05
0.966667 0.166667 1.29832e-05
1.03333 0.166667 8.10594e-06
1.1 0.166667 2.82461e-06
1.16667 0.166667 2.47383e-06
1.23333 0.166667 7.52396e-06
1.3 0.166667 1.19629e-05
1.36667 0.166667 1.52939e-05
1.43333 0.166667 1.70209e-05
1.5 0.166667 1.68864e-05
1.56667 0.166667 1.50611e-05
1.63333 0.166667 1.21304e-05
1.7 0.166667 8.86873e-06
1.76667 0.166667 5.94111e-06
1.83333 0.166667 3.71557e-06
1.9 0.166667 2.25187e-06
1.96667 0.166667 1.41277e-06
2.03333 0.166667 9.92969e-07
2.1 0.166667 8.0128e-07
2.16667 0.166667 6.91151e-07
2.23333 0.166667 5.60441e-07
2.3 0.166667 3.39738e-07
2.36667 0.166667 2.07034e-08
2.43333 0.166667 5.61572e-07
2.5 0.166667 1.3214e-06
2.56667 0.166667 2.33895e-06
2.63333 0.166667 3.64894e-06
2.7 0.166667 5.26633e-06
2.76667 0.166667 7.15054e-06
2.83333 0.166667 9.13891e-06
2.9 0.166667 1.08646e-05
2.96667 0.166667 1.17819e-05
3.03333 0.166667 1.14079e-05
3.1 0.166667 9.68581e-06
3.16667 0.166667 7.11828e-06
3.23333 0.166667 4.48492e-06
3.3 0.166667 2.38842e-06
3.36667 0.166667 1.02683e-06
3.43333 0.166667 2.8755e-07
3.5 0.166667 4.37621e-08
3.56667 0.166667 1.5017e-07
3.63333 0.166667 1.49847e-07
3.7 0.166667 1.08893e-07
3.76667 0.166667 5.98973e-08
3.83333 0.166667 1.65767e-08
3.9 0.166667 1.69103e-08
3.96667 0.166667 4.06928e-08
4.03333 0.166667 5.64651e-08
4.1 0.166667 6.62124e-08
4.16667 0.166667 7.16963e-08
4.23333 0.166667 7.43048e-08
4.3 0.166667 7.50616e-08
4.36667 0.166667 7.46891e-08
4.43333 0.166667 7.36824e-08
4.5 0.166667 7.23721e-08
4.56667 0.166667 7.09754e-08
4.63333 0.166667 6.96323e-08
4.7 0.166667 6.84318e-08
4.76667 0.166667 6.74297e-08
4.83333 0.166667 6.66607e-08
4.9 0.166667 6.61464e-08
4.96667 0.166667 6.59012e-08
0.0333333 0.233333 7.68322e-05
0.1 0.233333 6.7751e-05
0.166667 0.233333 0.000186483
0.233333 0.233333 0.000272312
0.3 0.233333 0.000163054
0.366667 0.233333 4.99832e-05
0.433333 0.233333 5.54517e-05
0.5 0.233333 0.000101994
0.566667 0.233333 0.000100719
0.633333 0.233333 4.06032e-05
0.7 0.233333 8.54672e-06
0.766667 0.233333 1.34667e-05
0.833333 0.233333 2.51463e-05
0.9 0.233333 2.85938e-05
0.966667 0.233333 2.68965e-05
1.03333 0.233333 2.25189e-05
1.1 0.233333 1.66339e-05
1.16667 0.233333 9.49947e-06
1.23333 0.233333 1.26136e-06
1.3 0.233333 7.57787e-06
1.36667 0.233333 1.59662e-05
1.43333 0.233333 2.24282e-05
1.5 0.233333 2.56373e-05
1.56667 0.233333 2.51503e-05
1.63333 0.233333 2.16722e-05
1.7 0.233333 1.67029e-05
1.76667 0.233333 1.18374e-05
1.83333 0.233333 8.09333e-06
1.9 0.233333 5.75543e-06
1.96667 0.233333 4.62845e-06
2.03333 0.233333 4.3512e-06
2.1 0.233333 4.58316e-06
2.16667 0.233333 5.06353e-06
2.23333 0.233333 5.60631e-06
2.3 0.233333 6.07648e-06
2.36667 0.233333 6.36512e-06
2.43333 0.233333 6.36914e-06
2.5 0.233333 5.97678e-06
2.56667 0.233333 5.05903e-06
2.63333 0.233333 3.46863e-06
2.7 0.233333 1.05156e-06
2.76667 0.233333 2.31656e-06
2.83333 0.233333 6.64148e-06
2.9 0.233333 1.15932e-05
2.96667 0.233333 1.6058e-05
3.03333 0.233333 1.83385e-05
3.1 0.233333 1.72709e-05
3.16667 0.233333 1.33958e-05
3.23333 0.233333 8.59339e-06
3.3 0.233333 4.58941e-06
3.36667 0.233333 2.01633e-06
3.43333 0.233333 6.46838e-07
3.5 0.233333 2.47035e-08
3.56667 0.233333 1.97833e-07
3.63333 0.233333 2.31714e-07
3.7 0.233333 1.9006e-07
3.76667 0.233333 1.27952e-07
3.83333 0.233333 6.91436e-08
3.9 0.233333 2.17677e-08
3.96667 0.233333 1.313e-08
4.03333 0.233333 3.72602e-08
4.1 0.233333 5.30505e-08
4.16667 0.233333 6.27876e-08
4.23333 0.233333 6.83323e-08
4.3 0.233333 7.10866e-08
4.36667 0.233333 7.2058e-08
4.43333 0.233333 7.19472e-08
4.5 0.233333 7.12302e-08
4.56667 0.233333 7.02239e-08
4.63333 0.233333 6.91367e-08
4.7 0.233333 6.81034e-08
4.76667 0.233333 6.72111e-08
4.83333 0.233333 6.65154e-08
4.9 0.233333 6.60531e-08
4.96667 0.233333 6.58508e-08
0.0333333 0.3 8.7476e-05
0.1 0.3 9.98285e-05
0.166667 0.3 0.000268916
0.233333 0.3 0.000451132
0.3 0.3 0.000646455
0.366667 0.3 1.75711e-05
0.433333 0.3 0.000101036
0.5 0.3 0.000163747
0.566667 0.3 0.000151907
0.633333 0.3 7.17248e-05
0.7 0.3 1.36763e-05
0.766667 0.3 2.10039e-05
0.833333 0.3 4.13571e-05
0.9 0.3 4.73928e-05
0.966667 0.3 4.4855e-05
1.03333 0.3 3.93521e-05
1.1 0.3 2.92385e-05
1.16667 0.3 2.61151e-05
1.23333 0.3 1.47856e-05
1.3 0.3 9.90351e-07
1.36667 0.3 1.40505e-05
1.43333 0.3 2.76563e-05
1.5 0.3 3.09573e-05
1.56667 0.3 3.61196e-05
1.63333 0.3 3.67199e-05
1.7 0.3 2.57432e-05
1.76667 0.3 1.75624e-05
1.83333 0.3 1.1529e-05
1.9 0.3 8.10915e-06
1.96667 0.3 6.7908e-06
2.03333 0.3 6.85662e-06
2.1 0.3 7.72266e-06
2.16667 0.3 8.98211e-06
2.23333 0.3 1.03649e-05
2.3 0.3 1.16843e-05
2.36667 0.3 1.27925e-05
2.43333 0.3 1.35481e-05
2.5 0.3 1.37943e-05
2.56667 0.3 1.33443e-05
2.63333 0.3 1.19719e-05
2.7 0.3 9.40806e-06
2.76667 0.3 5.3428e-06
2.83333 0.3 5.5946e-07
2.9 0.3 8.598e-06
2.96667 0.3 1.85704e-05
3.03333 0.3 2.6724e-05
3.1 0.3 2.82904e-05
3.16667 0.3 2.24486e-05
3.23333 0.3 1.3623e-05
3.3 0.3 6.50431e-06
3.36667 0.3 2.41869e-06
3.43333 0.3 4.79792e-07
3.5 0.3 2.95509e-07
3.56667 0.3 5.11754e-07
3.63333 0.3 4.89299e-07
3.7 0.3 3.84817e-07
3.76667 0.3 2.68508e-07
3.83333 0.3 1.6759e-07
3.9 0.3 8.92979e-08
3.96667 0.3 3.24876e-08
4.03333 0.3 6.80342e-09
4.1 0.3 3.29009e-08
4.16667 0.3 4.95532e-08
4.23333 0.3 5.96896e-08
4.3 0.3 6.54679e-08
4.36667 0.3 6.84177e-08
4.43333 0.3 6.95943e-08
4.5 0.3 6.97113e-08
4.56667 0.3 6.92436e-08
4.63333 0.3 6.85033e-08
4.7 0.3 6.76935e-08
4.76667 0.3 6.69458e-08
4.83333 0.3 6.63456e-08
4.9 0.3 6.59501e-08
4.96667 0.3 6.58011e-08
0.0333333 0.366667 9.52374e-05
0.1 0.366667 8.30751e-05
0.166667 0.366667 0.000248959
0.233333 0.366667 0.000375276
0.3 0.366667 0.000514228
0.366667 0.366667 0.00141565
0.433333 0.366667 0.000208734
0.5 0.366667 0.000208002
0.566667 0.366667 0.000194456
0.633333 0.366667 0.000184541
0.7 0.366667 9.6465e-05
0.766667 0.366667 4.96615e-05
0.833333 0.366667 1.33126e-05
0.9 0.366667 7.62203e-05
0.966667 0.366667 7.22488e-05
1.03333 0.366667 6.55956e-05
1.1 0.366667 5.08943e-05
1.16667 0.366667 4.42584e-05
1.23333 0.366667 2.48675e-05
1.3 0.366667 1.72715e-05
1.36667 0.366667 5.01489e-06
1.43333 0.366667 2.91457e-05
1.5 0.366667 3.47395e-05
1.56667 0.366667 5.45372e-05
1.63333 0.366667 5.61148e-05
1.7 0.366667 4.0179e-05
1.76667 0.366667 2.36813e-05
1.83333 0.366667 1.43325e-05
1.9 0.366667 9.59844e-06
1.96667 0.366667 8.10819e-06
2.03333 0.366667 8.57286e-06
2.1 0.366667 1.00987e-05
2.16667 0.366667 1.21283e-05
2.23333 0.366667 1.43219e-05
2.3 0.366667 1.64609e-05
2.36667 0.366667 1.83812e-05
2.43333 0.366667 1.99308e-05
2.5 0.366667 2.09431e-05
2.56667 0.366667 2.12217e-05
2.63333 0.366667 2.05307e-05
2.7 0.366667 1.85868e-05
2.76667 0.366667 1.50426e-05
2.83333 0.366667 9.43546e-06
2.9 0.366667 1.02669e-06
2.96667 0.366667 1.19013e-05
3.03333 0.366667 3.34395e-05
3.1 0.366667 4.52509e-05
3.16667 0.366667 3.72218e-05
3.23333 0.366667 2.03484e-05
3.3 0.366667 8.168e-06
3.36667 0.366667 2.44663e-06
3.43333 0.366667 6.95127e-08
3.5 0.366667 7.49273e-07
3.56667 0.366667 8.92993e-07
3.63333 0.366667 7.78569e-07
3.7 0.366667 5.93243e-07
3.76667 0.366667 4.14097e-07
3.83333 0.366667 2.67192e-07
3.9 0.366667 1.56418e-07
3.96667 0.366667 7.71999e-08
4.03333 0.366667 2.27111e-08
4.1 0.366667 1.35614e-08
4.16667 0.366667 3.69569e-08
4.23333 0.366667 5.15252e-08
4.3 0.366667 6.01968e-08
4.36667 0.366667 6.50249e-08
4.43333 0.366667 6.74152e-08
4.5 0.366667 6.83136e-08
4.56667 0.366667 6.83474e-08
4.63333 0.366667 6.79284e-08
4.7 0.366667 6.73246e-08
4.76667 0.366667 6.67098e-08
4.83333 0.366667 6.61971e-08
4.9 0.366667 6.58626e-08
4.96667 0.366667 6.57615e-08
0.0333333 0.433333 5.89107e-05
0.1 0.433333 5.39602e-05
0.166667 0.433333 0.000119711
0.233333 0.433333 0.000144191
0.3 0.433333 4.55678e-05
0.366667 0.433333 0.000134901
0.433333 0.433333 0.000262953
0.5 0.433333 0.000243544
0.566667 0.433333 0.000228902
0.633333 0.433333 0.000249573
0.7 0.433333 0.000201976
0.766667 0.433333 0.000140922
0.833333 0.433333 8.53834e-05
0.9 0.433333 0.000100561
0.966667 0.433333 9.71067e-05
1.03333 0.433333 9.13652e-05
1.1 0.433333 8.3141e-05
1.16667 0.433333 7.01087e-05
1.23333 0.433333 4.6939e-05
1.3 0.433333 2.94951e-05
1.36667 0.433333 1.84997e-05
1.43333 0.433333 1.86035e-05
1.5 0.433333 3.57223e-05
1.56667 0.433333 7.95613e-05
1.63333 0.433333 8.49094e-05
1.7 0.433333 6.40818e-05
1.76667 0.433333 3.04111e-05
1.83333 0.433333 1.67583e-05
1.9 0.433333 1.0541e-05
1.96667 0.433333 8.819e-06
2.03333 0.433333 9.56626e-06
2.1 0.433333 1.15762e-05
2.16667 0.433333 1.41612e-05
2.23333 0.433333 1.69321e-05
2.3 0.433333 1.96547e-05
2.36667 0.433333 2.21642e-05
2.43333 0.433333 2.43143e-05
2.5 0.433333 2.59505e-05
2.56667 0.433333 2.68979e-05
2.63333 0.433333 2.69601e-05
2.7 0.433333 2.59262e-05
2.76667 0.433333 2.35816e-05
2.83333 0.433333 1.97193e-05
2.9 0.433333 1.41158e-05
2.96667 0.433333 6.46254e-06
3.03333 0.433333 7.90044e-06
3.1 0.433333 7.39027e-05
3.16667 0.433333 7.08355e-05
3.23333 0.433333 2.7113e-05
3.3 0.433333 9.42178e-06
3.36667 0.433333 2.38074e-06
3.43333 0.433333 2.76047e-07
3.5 0.433333 1.09286e-06
3.56667 0.433333 1.16786e-06
3.63333 0.433333 9.81132e-07
3.7 0.433333 7.36453e-07
3.76667 0.433333 5.12852e-07
3.83333 0.433333 3.3415e-07
3.9 0.433333 2.0125e-07
3.96667 0.433333 1.06924e-07
4.03333 0.433333 4.22605e-08
4.1 0.433333 7.89207e-10
4.16667 0.433333 2.86586e-08
4.23333 0.433333 4.61586e-08
4.3 0.433333 5.67391e-08
4.36667 0.433333 6.28037e-08
4.43333 0.433333 6.59916e-08
4.5 0.433333 6.74023e-08
4.56667 0.433333 6.77644e-08
4.63333 0.433333 6.75554e-08
4.7 0.433333 6.7086e-08
4.76667 0.433333 6.65578e-08
4.83333 0.433333 6.61023e-08
4.9 0.433333 6.58074e-08
4.96667 0.433333 6.57371e-08
0.0333333 0.5 3.09194e-05
0.1 0.5 4.22561e-05
0.166667 0.5 6.43006e-05
0.233333 0.5 2.34863e-05
0.3 0.5 3.10157e-05
0.366667 0.5 8.11085e-05
0.433333 0.5 0.00021805
0.5 0.5 0.000241002
0.566667 0.5 0.000217051
0.633333 0.5 0.000239597
0.7 0.5 0.000223677
0.766667 0.5 0.000142939
0.833333 0.5 8.24269e-05
0.9 0.5 0.000114634
0.966667 0.5 0.000113368
1.03333 0.5 0.000109992
1.1 0.5 0.000104261
1.16667 0.5 9.41113e-05
1.23333 0.5 7.91457e-05
1.3 0.5 5.40961e-05
1.36667 0.5 4.10535e-05
1.43333 0.5 2.94259e-05
1.5 0.5 1.98031e-05
1.56667 0.5 0.000118741
1.63333 0.5 0.000133618
1.7 0.5 9.02629e-05
1.76667 0.5 3.66711e-05
1.83333 0.5 1.85294e-05
1.9 0.5 1.09649e-05
1.96667 0.5 8.97093e-06
2.03333 0.5 9.8227e-06
2.1 0.5 1.20551e-05
2.16667 0.5 1.48889e-05
2.23333 0.5 1.79059e-05
2.3 0.5 2.0867e-05
2.36667 0.5 2.36108e-05
2.43333 0.5 2.59982e-05
2.5 0.5 2.78846e-05
2.56667 0.5 2.91103e-05
2.63333 0.5 2.95051e-05
2.7 0.5 2.89051e-05
2.76667 0.5 2.71893e-05
2.83333 0.5 2.43541e-05
2.9 0.5 2.07161e-05
2.96667 0.5 1.75063e-05
3.03333 0.5 2.42029e-05
3.1 0.5 3.24522e-05
3.16667 0.5 9.43115e-05
3.23333 0.5 2.98922e-05
3.3 0.5 9.83701e-06
3.36667 0.5 2.29806e-06
3.43333 0.5 4.41108e-07
3.5 0.5 1.24147e-06
3.56667 0.5 1.28184e-06
3.63333 0.5 1.06313e-06
3.7 0.5 7.93532e-07
3.76667 0.5 5.51793e-07
3.83333 0.5 3.60347e-07
3.9 0.5 2.18689e-07
3.96667 0.5 1.18433e-07
4.03333 0.5 4.98025e-08
4.1 0.5 4.12365e-09
4.16667 0.5 2.54745e-08
4.23333 0.5 4.41037e-08
4.3 0.5 5.54176e-08
4.36667 0.5 6.19561e-08
4.43333 0.5 6.5449e-08
4.5 0.5 6.70555e-08
4.56667 0.5 6.75428e-08
4.63333 0.5 6.74137e-08
4.7 0.5 6.69955e-08
4.76667 0.5 6.65003e-08
4.83333 0.5 6.60665e-08
4.9 0.5 6.57867e-08
4.96667 0.5 6.57282e-08
0.0333333 0.566667 7.68123e-06
0.1 0.566667 1.89319e-05
0.166667 0.566667 9.76754e-06
0.233333 0.566667 3.52492e-05
0.3 0.566667 5.4113e-05
0.366667 0.566667 0.000133909
0.433333 0.566667 0.000181637
0.5 0.566667 0.000218159
0.566667 0.566667 0.000147567
0.633333 0.566667 0.000176728
0.7 0.566667 0.000188057
0.766667 0.566667 0.000130909
0.833333 0.566667 7.91709e-05
0.9 0.566667 0.000114612
0.966667 0.566667 0.000114102
1.03333 0.566667 0.000112991
1.1 0.566667 0.000109852
1.16667 0.566667 0.000103594
1.23333 0.566667 9.30353e-05
1.3 0.566667 7.96624e-05
1.36667 0.566667 6.36284e-05
1.43333 0.566667 8.46149e-05
1.5 0.566667 0.000132679
1.56667 0.566667 0.000215638
1.63333 0.566667 0.00023634
1.7 0.566667 0.000108004
1.76667 0.566667 4.5433e-05
1.83333 0.566667 1.98221e-05
1.9 0.566667 1.12149e-05
1.96667 0.566667 8.82092e-06
2.03333 0.566667 9.45729e-06
2.1 0.566667 1.15193e-05
2.16667 0.566667 1.41838e-05
2.23333 0.566667 1.70197e-05
2.3 0.566667 1.97854e-05
2.36667 0.566667 2.2319e-05
2.43333 0.566667 2.44799e-05
2.5 0.566667 2.61187e-05
2.56667 0.566667 2.70645e-05
2.63333 0.566667 2.7124e-05
2.7 0.566667 2.60881e-05
2.76667 0.566667 2.37448e-05
2.83333 0.566667 1.98899e-05
2.9 0.566667 1.43056e-05
2.96667 0.566667 6.69836e-06
3.03333 0.566667 7.51977e-06
3.1 0.566667 7.35976e-05
3.16667 0.566667 7.07692e-05
3.23333 0.566667 2.71266e-05
3.3 0.566667 9.43221e-06
3.36667 0.566667 2.38695e-06
3.43333 0.566667 2.72625e-07
3.5 0.566667 1.09102e-06
3.56667 0.566667 1.16689e-06
3.63333 0.566667 9.80621e-07
3.7 0.566667 7.36189e-07
3.76667 0.566667 5.12719e-07
3.83333 0.566667 3.34084e-07
3.9 0.566667 2.0122e-07
3.96667 0.566667 1.06911e-07
4.03333 0.566667 4.22568e-08
4.1 0.566667 7.88735e-10
4.16667 0.566667 2.86564e-08
4.23333 0.566667 4.61558e-08
4.3 0.566667 5.67364e-08
4.36667 0.566667 6.28013e-08
4.43333 0.566667 6.59894e-08
4.5 0.566667 6.74005e-08
4.56667 0.566667 6.77629e-08
4.63333 0.566667 6.75541e-08
4.7 0.566667 6.70849e-08
4.76667 0.566667 6.65569e-08
4.83333 0.566667 6.61014e-08
4.9 0.566667 6.58066e-08
4.96667 0.566667 6.57364e-08
0.0333333 0.633333 7.11539e-06
0.1 0.633333 4.56668e-06
0.166667 0.633333 1.50749e-05
0.233333 0.633333 4.91119e-05
0.3 0.633333 7.92273e-05
0.366667 0.633333 0.000105636
0.433333 0.633333 0.000151642
0.5 0.633333 0.000137556
0.566667 0.633333 6.86661e-05
0.633333 0.633333 7.35175e-05
0.7 0.633333 6.73843e-05
0.766667 0.633333 3.07519e-05
0.833333 0.633333 1.61741e-06
0.9 0.633333 9.87389e-05
0.966667 0.633333 9.90394e-05
1.03333 0.633333 9.91996e-05
1.1 0.633333 9.62645e-05
1.16667 0.633333 9.15518e-05
1.23333 0.633333 8.43649e-05
1.3 0.633333 7.34871e-05
1.36667 0.633333 5.68117e-05
1.43333 0.633333 7.35988e-05
1.5 0.633333 0.000104054
1.56667 0.633333 0.000228581
1.63333 0.633333 0.000258306
1.7 0.633333 0.000105917
1.76667 0.633333 4.9635e-05
1.83333 0.633333 1.991e-05
1.9 0.633333 1.10535e-05
1.96667 0.633333 8.28775e-06
2.03333 0.633333 8.47025e-06
2.1 0.633333 1.00336e-05
2.16667 0.633333 1.21731e-05
2.23333 0.633333 1.44661e-05
2.3 0.633333 1.66736e-05
2.36667 0.633333 1.86333e-05
2.43333 0.633333 2.02006e-05
2.5 0.633333 2.12167e-05
2.56667 0.633333 2.14912e-05
2.63333 0.633333 2.07926e-05
2.7 0.633333 1.88407e-05
2.76667 0.633333 1.52903e-05
2.83333 0.633333 9.68026e-06
2.9 0.633333 1.27287e-06
2.96667 0.633333 1.16521e-05
3.03333 0.633333 3.32423e-05
3.1 0.633333 4.51504e-05
3.16667 0.633333 3.72031e-05
3.23333 0.633333 2.03646e-05
3.3 0.633333 8.18351e-06
3.36667 0.633333 2.45619e-06
3.43333 0.633333 7.49254e-08
3.5 0.633333 7.4632e-07
3.56667 0.633333 8.91414e-07
3.63333 0.633333 7.77738e-07
3.7 0.633333 5.92814e-07
3.76667 0.633333 4.13881e-07
3.83333 0.633333 2.67088e-07
3.9 0.633333 1.56371e-07
3.96667 0.633333 7.71822e-08
4.03333 0.633333 2.27076e-08
4.1 0.633333 1.35587e-08
4.16667 0.633333 3.69516e-08
4.23333 0.633333 5.15194e-08
4.3 0.633333 6.01913e-08
4.36667 0.633333 6.50199e-08
4.43333 0.633333 6.7411e-08
4.5 0.633333 6.831e-08
4.56667 0.633333 6.83444e-08
4.63333 0.633333 6.79259e-08
4.7 0.633333 6.73225e-08
4.76667 0.633333 6.67079e-08
4.83333 0.633333 6.61955e-08
4.9 0.633333 6.58611e-08
4.96667 0.633333 6.57601e-08
0.0333333 0.7 1.36369e-05
0.1 0.7 1.39603e-06
0.166667 0.7 2.09031e-05
0.233333 0.7 4.36681e-05
0.3 0.7 6.41891e-05
0.366667 0.7 6.61635e-05
0.433333 0.7 9.46017e-05
0.5 0.7 6.09688e-05
0.566667 0.7 3.87848e-05
0.633333 0.7 1.1325e-05
0.7 0.7 1.74122e-05
0.766667 0.7 4.1481e-05
0.833333 0.7 5.67738e-05
0.9 0.7 6.77539e-05
0.966667 0.7 7.18713e-05
1.03333 0.7 7.16333e-05
1.1 0.7 6.78262e-05
1.16667 0.7 5.4458e-05
1.23333 0.7 5.61776e-05
1.3 0.7 4.70457e-05
1.36667 0.7 2.20612e-05
1.43333 0.7 8.02467e-06
1.5 0.7 2.73188e-05
1.56667 0.7 0.000153051
1.63333 0.7 0.000148233
1.7 0.7 8.50278e-05
1.76667 0.7 3.8929e-05
1.83333 0.7 1.85238e-05
1.9 0.7 1.04094e-05
1.96667 0.7 7.38019e-06
2.03333 0.7 6.93291e-06
2.1 0.7 7.72915e-06
2.16667 0.7 9.0546e-06
2.23333 0.7 1.05218e-05
2.3 0.7 1.19063e-05
2.36667 0.7 1.3054e-05
2.43333 0.7 1.38278e-05
2.5 0.7 1.40772e-05
2.56667 0.7 1.36209e-05
2.63333 0.7 1.22366e-05
2.7 0.7 9.65779e-06
2.76667 0.7 5.57532e-06
2.83333 0.7 3.46998e-07
2.9 0.7 8.41176e-06
2.96667 0.7 1.84262e-05
3.03333 0.7 2.66361e-05
3.1 0.7 2.82573e-05
3.16667 0.7 2.24512e-05
3.23333 0.7 1.36382e-05
3.3 0.7 6.51841e-06
3.36667 0.7 2.42792e-06
3.43333 0.7 4.8519e-07
3.5 0.7 2.92505e-07
3.56667 0.7 5.10132e-07
3.63333 0.7 4.88444e-07
3.7 0.7 3.84379e-07
3.76667 0.7 2.68291e-07
3.83333 0.7 1.6749e-07
3.9 0.7 8.92572e-08
3.96667 0.7 3.24762e-08
4.03333 0.7 6.80114e-09
4.1 0.7 3.2893e-08
4.16667 0.7 4.95436e-08
4.23333 0.7 5.96801e-08
4.3 0.7 6.54593e-08
4.36667 0.7 6.84103e-08
4.43333 0.7 6.9588e-08
4.5 0.7 6.97061e-08
4.56667 0.7 6.92392e-08
4.63333 0.7 6.84996e-08
4.7 0.7 6.76904e-08
4.76667 0.7 6.69431e-08
4.83333 0.7 6.63433e-08
4.9 0.7 6.5948e-08
4.96667 0.7 6.57991e-08
0.0333333 0.766667 1.38623e-05
0.1 0.766667 2.27552e-06
0.166667 0.766667 1.68173e-05
0.233333 0.766667 3.02475e-05
0.3 0.766667 4.07828e-05
0.366667 0.766667 4.55528e-05
0.433333 0.766667 4.29198e-05
0.5 0.766667 3.30019e-05
0.566667 0.766667 1.76549e-05
0.633333 0.766667 1.09203e-07
0.7 0.766667 1.68678e-05
0.766667 0.766667 2.97363e-05
0.833333 0.766667 3.73364e-05
0.9 0.766667 4.08223e-05
0.966667 0.766667 3.98526e-05
1.03333 0.766667 3.80823e-05
1.1 0.766667 3.46645e-05
1.16667 0.766667 2.36049e-05
1.23333 0.766667 2.54213e-05
1.3 0.766667 1.40155e-05
1.36667 0.766667 3.98329e-06
1.43333 0.766667 2.67978e-05
1.5 0.766667 5.05409e-05
1.56667 0.766667 8.06778e-05
1.63333 0.766667 7.88975e-05
1.7 0.766667 5.16032e-05
1.76667 0.766667 2.69186e-05
1.83333 0.766667 1.46382e-05
1.9 0.766667 8.29029e-06
1.96667 0.766667 5.4706e-06
2.03333 0.766667 4.57059e-06
2.1 0.766667 4.63576e-06
2.16667 0.766667 5.11865e-06
2.23333 0.766667 5.70984e-06
2.3 0.766667 6.22723e-06
2.36667 0.766667 6.54813e-06
2.43333 0.766667 6.56869e-06
2.5 0.766667 6.18036e-06
2.56667 0.766667 5.25773e-06
2.63333 0.766667 3.65623e-06
2.7 0.766667 1.22346e-06
2.76667 0.766667 2.16446e-06
2.83333 0.766667 6.51375e-06
2.9 0.766667 1.14954e-05
2.96667 0.766667 1.59944e-05
3.03333 0.766667 1.8308e-05
3.1 0.766667 1.72657e-05
3.16667 0.766667 1.34043e-05
3.23333 0.766667 8.60548e-06
3.3 0.766667 4.59957e-06
3.36667 0.766667 2.02317e-06
3.43333 0.766667 6.50934e-07
3.5 0.766667 2.70111e-08
3.56667 0.766667 1.96586e-07
3.63333 0.766667 2.31064e-07
3.7 0.766667 1.89736e-07
3.76667 0.766667 1.27802e-07
3.83333 0.766667 6.90827e-08
3.9 0.766667 2.17513e-08
3.96667 0.766667 1.31257e-08
4.03333 0.766667 3.72474e-08
4.1 0.766667 5.30351e-08
4.16667 0.766667 6.27726e-08
4.23333 0.766667 6.83188e-08
4.3 0.766667 7.10749e-08
4.36667 0.766667 7.20482e-08
4.43333 0.766667 7.19391e-08
4.5 0.766667 7.12234e-08
4.56667 0.766667 7.02183e-08
4.63333 0.766667 6.9132e-08
4.7 0.766667 6.80995e-08
4.76667 0.766667 6.72077e-08
4.83333 0.766667 6.65124e-08
4.9 0.766667 6.60504e-08
4.96667 0.766667 6.58482e-08
0.0333333 0.833333 1.01467e-05
0.1 0.833333 1.05621e-06
0.166667 0.833333 8.57328e-06
0.233333 0.833333 1.3907e-05
0.3 0.833333 1.70746e-05
0.366667 0.833333 1.7225e-05
0.433333 0.833333 1.3784e-05
0.5 0.833333 7.08375e-06
0.566667 0.833333 1.62211e-06
0.633333 0.833333 1.0478e-05
0.7 0.833333 1.76031e-05
0.766667 0.833333 2.17307e-05
0.833333 0.833333 2.26095e-05
0.9 0.833333 2.08948e-05
0.966667 0.833333 1.7603e-05
1.03333 0.833333 1.34932e-05
1.1 0.833333 8.79823e-06
1.16667 0.833333 3.2758e-06
1.23333 0.833333 3.59809e-06
1.3 0.833333 1.24516e-05
1.36667 0.833333 2.12974e-05
1.43333 0.833333 3.15997e-05
1.5 0.833333 3.93836e-05
1.56667 0.833333 4.05035e-05
1.63333 0.833333 3.91762e-05
1.7 0.833333 2.35183e-05
1.76667 0.833333 1.35719e-05
1.83333 0.833333 7.02936e-06
1.9 0.833333 3.37379e-06
1.96667 0.833333 1.58575e-06
2.03333 0.833333 8.46619e-07
2.1 0.833333 6.09741e-07
2.16667 0.833333 5.50985e-07
2.23333 0.833333 4.89698e-07
2.3 0.833333 3.27589e-07
2.36667 0.833333 8.0992e-09
2.43333 0.833333 5.07916e-07
2.5 0.833333 1.25525e-06
2.56667 0.833333 2.26911e-06
2.63333 0.833333 3.58162e-06
2.7 0.833333 5.20606e-06
2.76667 0.833333 7.10084e-06
2.83333 0.833333 9.10257e-06
2.9 0.833333 1.08431e-05
2.96667 0.833333 1.17748e-05
3.03333 0.833333 1.14121e-05
3.1 0.833333 9.69649e-06
3.16667 0.833333 7.13063e-06
3.23333 0.833333 4.49566e-06
3.3 0.833333 2.39624e-06
3.36667 0.833333 1.03185e-06
3.43333 0.833333 2.90514e-07
3.5 0.833333 4.212e-08
3.56667 0.833333 1.49305e-07
3.63333 0.833333 1.49416e-07
3.7 0.833333 1.08696e-07
3.76667 0.833333 5.98201e-08
3.83333 0.833333 1.65591e-08
3.9 0.833333 1.69004e-08
3.96667 0.833333 4.0672e-08
4.03333 0.833333 5.64415e-08
4.1 0.833333 6.61899e-08
4.16667 0.833333 7.16762e-08
4.23333 0.833333 7.42877e-08
4.3 0.833333 7.50472e-08
4.36667 0.833333 7.46773e-08
4.43333 0.833333 7.36726e-08
4.5 0.833333 7.23641e-08
4.56667 0.833333 7.09689e-08
4.63333 0.833333 6.96269e-08
4.7 0.833333 6.84272e-08
4.76667 0.833333 6.74258e-08
4.83333 0.833333 6.66573e-08
4.9 0.833333 6.61432e-08
4.96667 0.833333 6.58981e-08
0.0333333 0.9 5.14462e-06
0.1 0.9 1.4226e-06
0.166667 0.9 1.64874e-06
0.233333 0.9 3.78068e-06
0.3 0.9 7.08e-06
0.366667 0.9 1.12176e-05
0.433333 0.9 1.57796e-05
0.5 0.9 2.00987e-05
0.566667 0.9 2.33138e-05
0.633333 0.9 2.45763e-05
0.7 0.9 2.33184e-05
0.766667 0.9 1.94754e-05
0.833333 0.9 1.35294e-05
0.9 0.9 6.32508e-06
0.966667 0.9 1.24396e-06
1.03333 0.9 8.48735e-06
1.1 0.9 1.49974e-05
1.16667 0.9 2.0572e-05
1.23333 0.9 2.50667e-05
1.3 0.9 2.82162e-05
1.36667 0.9 2.69719e-05
1.43333 0.9 3.00651e-05
1.5 0.9 2.32687e-05
1.56667 0.9 1.60962e-05
1.63333 0.9 8.35474e-06
1.7 0.9 2.0086e-06
1.76667 0.9 2.00678e-06
1.83333 0.9 3.93038e-06
1.9 0.9 4.54496e-06
1.96667 0.9 4.56592e-06
2.03333 0.9 4.44552e-06
2.1 0.9 4.41987e-06
2.16667 0.9 4.58575e-06
2.23333 0.9 4.96034e-06
2.3 0.9 5.52072e-06
2.36667 0.9 6.22526e-06
2.43333 0.9 7.02302e-06
2.5 0.9 7.85653e-06
2.56667 0.9 8.66097e-06
2.63333 0.9 9.36153e-06
2.7 0.9 9.86962e-06
2.76667 0.9 1.0079e-05
2.83333 0.9 9.86842e-06
2.9 0.9 9.12752e-06
2.96667 0.9 7.81717e-06
3.03333 0.9 6.041e-06
3.1 0.9 4.06327e-06
3.16667 0.9 2.22691e-06
3.23333 0.9 8.0924e-07
3.3 0.9 8.25483e-08
3.36667 0.9 5.09231e-07
3.43333 0.9 6.17937e-07
3.5 0.9 5.56343e-07
3.56667 0.9 4.29335e-07
3.63333 0.9 2.95565e-07
3.7 0.9 1.80905e-07
3.76667 0.9 9.26665e-08
3.83333 0.9 2.9361e-08
3.9 0.9 1.36948e-08
3.96667 0.9 4.16191e-08
4.03333 0.9 5.88397e-08
4.1 0.9 6.87917e-08
4.16667 0.9 7.39759e-08
4.23333 0.9 7.61372e-08
4.3 0.9 7.64567e-08
4.36667 0.9 7.57156e-08
4.43333 0.9 7.44207e-08
4.5 0.9 7.28956e-08
4.56667 0.9 7.13436e-08
4.63333 0.9 6.98907e-08
4.7 0.9 6.86138e-08
4.76667 0.9 6.75589e-08
4.83333 0.9 6.67529e-08
4.9 0.9 6.62109e-08
4.96667 0.9 6.59404e-08
0.0333333 0.966667 1.7554e-06
0.1 0.966667 5.83361e-06
0.166667 0.966667 1.3366e-05
0.233333 0.966667 2.26592e-05
0.3 0.966667 3.24832e-05
0.366667 0.966667 4.1473e-05
0.433333 0.966667 4.81989e-05
0.5 0.966667 5.14566e-05
0.566667 0.966667 5.05324e-05
0.633333 0.966667 4.53326e-05
0.7 0.966667 3.63713e-05
0.766667 0.966667 2.46476e-05
0.833333 0.966667 1.1442e-05
0.9 0.966667 1.92667e-06
0.966667 0.966667 1.43108e-05
1.03333 0.966667 2.47121e-05
1.1 0.966667 3.27893e-05
1.16667 0.966667 3.77847e-05
1.23333 0.966667 3.92131e-05
1.3 0.966667 3.67236e-05
1.36667 0.966667 2.93158e-05
1.43333 0.966667 1.83665e-05
1.5 0.966667 5.47048e-06
1.56667 0.966667 6.60773e-06
1.63333 0.966667 1.53322e-05
1.7 0.966667 1.95843e-05
1.76667 0.966667 1.99515e-05
1.83333 0.966667 1.80058e-05
1.9 0.966667 1.532e-05
1.96667 0.966667 1.29151e-05
2.03333 0.966667 1.12291e-05
2.1 0.966667 1.03272e-05
2.16667 0.966667 1.01017e-05
2.23333 0.966667 1.03882e-05
2.3 0.966667 1.1016e-05
2.36667 0.966667 1.18225e-05
2.43333 0.966667 1.26528e-05
2.5 0.966667 1.33544e-05
2.56667 0.966667 1.37724e-05
2.63333 0.966667 1.37515e-05
2.7 0.966667 1.31482e-05
2.76667 0.966667 1.18589e-05
2.83333 0.966667 9.86589e-06
2.9 0.966667 7.28807e-06
2.96667 0.966667 4.405e-06
3.03333 0.966667 1.61461e-06
3.1 0.966667 6.81506e-07
3.16667 0.966667 2.21601e-06
3.23333 0.966667 2.93791e-06
3.3 0.966667 2.99327e-06
3.36667 0.966667 2.62862e-06
3.43333 0.966667 2.08419e-06
3.5 0.966667 1.5301e-06
3.56667 0.966667 1.0552e-06
3.63333 0.966667 6.87541e-07
3.7 0.966667 4.21451e-07
3.76667 0.966667 2.37903e-07
3.83333 0.966667 1.15883e-07
3.9 0.966667 3.72565e-08
3.96667 0.966667 1.19291e-08
4.03333 0.966667 4.17138e-08
4.1 0.966667 5.90154e-08
4.16667 0.966667 6.84578e-08
4.23333 0.966667 7.30629e-08
4.3 0.966667 7.4771e-08
4.36667 0.966667 7.48104e-08
4.43333 0.966667 7.39489e-08
4.5 0.966667 7.2661e-08
4.56667 0.966667 7.12366e-08
4.63333 0.966667 6.9851e-08
4.7 0.966667 6.86086e-08
4.76667 0.966667 6.75707e-08
4.83333 0.966667 6.67725e-08
4.9 0.966667 6.62335e-08
4.96667 0.966667 6.59625e-08
