0.0333333 0.0333333 2.81149e-07
0.1 0.0333333 1.08639e-06
0.166667 0.0333333 2.59343e-06
0.233333 0.0333333 4.57755e-06
0.3 0.0333333 6.69297e-06
0.366667 0.0333333 8.52164e-06
0.433333 0.0333333 9.70116e-06
0.5 0.0333333 1.00576e-05
0.566667 0.0333333 9.64277e-06
0.633333 0.0333333 8.65621e-06
0.7 0.0333333 7.3349e-06
0.766667 0.0333333 5.88888e-06
0.833333 0.0333333 4.48355e-06
0.9 0.0333333 3.23606e-06
0.966667 0.0333333 2.21133e-06
1.03333 0.0333333 1.42432e-06
1.1 0.0333333 8.54442e-07
1.16667 0.0333333 4.6473e-07
1.23333 0.0333333 2.13742e-07
1.3 0.0333333 6.27203e-08
1.36667 0.0333333 2.0038e-08
1.43333 0.0333333 5.84746e-08
1.5 0.0333333 6.98689e-08
1.56667 0.0333333 6.6269e-08
1.63333 0.0333333 5.57108e-08
1.7 0.0333333 4.31832e-08
1.76667 0.0333333 3.1434e-08
1.83333 0.0333333 2.16741e-08
1.9 0.0333333 1.41732e-08
1.96667 0.0333333 8.7163e-09
2.03333 0.0333333 4.90953e-09
2.1 0.0333333 2.35203e-09
2.16667 0.0333333 7.11942e-10
2.23333 0.0333333 2.55415e-10
2.3 0.0333333 7.16858e-10
2.36667 0.0333333 7.7962e-10
2.43333 0.0333333 5.0979e-10
2.5 0.0333333 5.19478e-11
2.56667 0.0333333 8.76977e-10
2.63333 0.0333333 1.93628e-09
2.7 0.0333333 3.18714e-09
2.76667 0.0333333 4.55822e-09
2.83333 0.0333333 5.9359e-09
2.9 0.0333333 7.16093e-09
2.96667 0.0333333 8.04878e-09
3.03333 0.0333333 8.43883e-09
3.1 0.0333333 8.25552e-09
3.16667 0.0333333 7.54626e-09
3.23333 0.0333333 6.46822e-09
3.3 0.0333333 5.22936e-09
3.36667 0.0333333 4.01867e-09
3.43333 0.0333333 2.9613e-09
3.5 0.0333333 2.11077e-09
3.56667 0.0333333 1.46677e-09
3.63333 0.0333333 1.00014e-09
3.7 0.0333333 6.72535e-10
3.76667 0.0333333 4.47669e-10
3.83333 0.0333333 2.95788e-10
3.9 0.0333333 1.94376e-10
3.96667 0.0333333 1.27219e-10
4.03333 0.0333333 8.30067e-11
4.1 0.0333333 5.40221e-11
4.16667 0.0333333 3.50767e-11
4.23333 0.0333333 2.2719e-11
4.3 0.0333333 1.46697e-11
4.36667 0.0333333 9.43179e-12
4.43333 0.0333333 6.02564e-12
4.5 0.0333333 3.81201e-12
4.56667 0.0333333 2.37468e-12
4.63333 0.0333333 1.44316e-12
4.7 0.0333333 8.42141e-13
4.76667 0.0333333 4.58571e-13
4.83333 0.0333333 2.20353e-13
4.9 0.0333333 8.27327e-14
4.96667 0.0333333 1.98568e-14
0.0333333 0.1 1.05852e-06
0.1 0.1 1.61181e-06
0.166667 0.1 2.74097e-06
0.233333 0.1 4.28961e-06
0.3 0.1 5.9448e-06
0.366667 0.1 7.32784e-06
0.433333 0.1 8.16105e-06
0.5 0.1 8.38597e-06
0.566667 0.1 8.10353e-06
0.633333 0.1 7.43814e-06
0.7 0.1 6.4899e-06
0.766667 0.1 5.35771e-06
0.833333 0.1 4.16906e-06
0.9 0.1 3.05367e-06
0.966667 0.1 2.10522e-06
1.03333 0.1 1.36366e-06
1.1 0.1 8.21035e-07
1.16667 0.1 4.46742e-07
1.23333 0.1 2.03449e-07
1.3 0.1 5.48133e-08
1.36667 0.1 2.83225e-08
1.43333 0.1 6.77371e-08
1.5 0.1 7.93508e-08
1.56667 0.1 7.47423e-08
1.63333 0.1 6.21756e-08
1.7 0.1 4.72119e-08
1.76667 0.1 3.31676e-08
1.83333 0.1 2.1609e-08
1.9 0.1 1.29101e-08
1.96667 0.1 6.7835e-09
2.03333 0.1 2.6882e-09
2.1 0.1 7.63714e-11
2.16667 0.1 1.49764e-09
2.23333 0.1 2.35484e-09
2.3 0.1 2.70916e-09
2.36667 0.1 2.6958e-09
2.43333 0.1 2.39752e-09
2.5 0.1 1.86501e-09
2.56667 0.1 1.13211e-09
2.63333 0.1 2.2715e-10
2.7 0.1 8.1806e-10
2.76667 0.1 1.96092e-09
2.83333 0.1 3.14079e-09
2.9 0.1 4.26962e-09
2.96667 0.1 5.22674e-09
3.03333 0.1 5.87277e-09
3.1 0.1 6.09335e-09
3.16667 0.1 5.85424e-09
3.23333 0.1 5.22824e-09
3.3 0.1 4.36873e-09
3.36667 0.1 3.44686e-09
3.43333 0.1 2.59473e-09
3.5 0.1 1.88273e-09
3.56667 0.1 1.32842e-09
3.63333 0.1 9.17838e-10
3.7 0.1 6.24286e-10
3.76667 0.1 4.19677e-10
3.83333 0.1 2.79665e-10
3.9 0.1 1.85138e-10
3.96667 0.1 1.21948e-10
4.03333 0.1 8.00119e-11
4.1 0.1 5.23308e-11
4.16667 0.1 3.41315e-11
4.23333 0.1 2.22008e-11
4.3 0.1 1.43963e-11
4.36667 0.1 9.29887e-12
4.43333 0.1 5.97352e-12
4.5 0.1 3.80644e-12
4.56667 0.1 2.39596e-12
4.63333 0.1 1.47994e-12
4.7 0.1 8.87836e-13
4.76667 0.1 5.09368e-13
4.83333 0.1 2.74024e-13
4.9 0.1 1.37995e-13
4.96667 0.1 7.60159e-14
0.0333333 0.166667 2.45571e-06
0.1 0.166667 2.48056e-06
0.166667 0.166667 2.90861e-06
0.233333 0.166667 3.71212e-06
0.3 0.166667 4.69503e-06
0.366667 0.166667 5.46175e-06
0.433333 0.166667 5.78679e-06
0.5 0.166667 5.81063e-06
0.566667 0.166667 5.72816e-06
0.633333 0.166667 5.59684e-06
0.7 0.166667 5.25755e-06
0.766667 0.166667 4.62393e-06
0.833333 0.166667 3.76641e-06
0.9 0.166667 2.83974e-06
0.966667 0.166667 1.99038e-06
1.03333 0.166667 1.30167e-06
1.1 0.166667 7.91813e-07
1.16667 0.166667 4.37587e-07
1.23333 0.166667 2.02083e-07
1.3 0.166667 5.21484e-08
1.36667 0.166667 3.68668e-08
1.43333 0.166667 8.25413e-08
1.5 0.166667 9.7897e-08
1.56667 0.166667 9.34138e-08
1.63333 0.166667 7.79063e-08
1.7 0.166667 5.84112e-08
1.76667 0.166667 3.97584e-08
1.83333 0.166667 2.44794e-08
1.9 0.166667 1.3255e-08
1.96667 0.166667 5.65849e-09
2.03333 0.166667 8.39925e-10
2.1 0.166667 2.04524e-09
2.16667 0.166667 3.6608e-09
2.23333 0.166667 4.46825e-09
2.3 0.166667 4.76671e-09
2.36667 0.166667 4.74255e-09
2.43333 0.166667 4.51057e-09
2.5 0.166667 4.14327e-09
2.56667 0.166667 3.69028e-09
2.63333 0.166667 3.18979e-09
2.7 0.166667 2.67285e-09
2.76667 0.166667 2.15932e-09
2.83333 0.166667 1.64274e-09
2.9 0.166667 1.06863e-09
2.96667 0.166667 3.59145e-10
3.03333 0.166667 5.0752e-10
3.1 0.166667 1.41986e-09
3.16667 0.166667 2.16569e-09
3.23333 0.166667 2.56446e-09
3.3 0.166667 2.5777e-09
3.36667 0.166667 2.30411e-09
3.43333 0.166667 1.89176e-09
3.5 0.166667 1.46135e-09
3.56667 0.166667 1.08051e-09
3.63333 0.166667 7.73936e-10
3.7 0.166667 5.41556e-10
3.76667 0.166667 3.72435e-10
3.83333 0.166667 2.52816e-10
3.9 0.166667 1.69931e-10
3.96667 0.166667 1.13361e-10
4.03333 0.166667 7.51808e-11
4.1 0.166667 4.96294e-11
4.16667 0.166667 3.26377e-11
4.23333 0.166667 2.13928e-11
4.3 0.166667 1.39782e-11
4.36667 0.166667 9.10308e-12
4.43333 0.166667 5.90473e-12
4.5 0.166667 3.81041e-12
4.56667 0.166667 2.44173e-12
4.63333 0.166667 1.54978e-12
4.7 0.166667 9.71601e-13
4.76667 0.166667 6.01242e-13
4.83333 0.166667 3.7071e-13
4.9 0.166667 2.37693e-13
4.96667 0.166667 1.77834e-13
0.0333333 0.233333 4.21315e-06
0.1 0.233333 3.48464e-06
0.166667 0.233333 2.85712e-06
0.233333 0.233333 2.72954e-06
0.3 0.233333 2.95586e-06
0.366667 0.233333 3.21162e-06
0.433333 0.233333 3.14735e-06
0.5 0.233333 2.61066e-06
0.566667 0.233333 2.73643e-06
0.633333 0.233333 3.31372e-06
0.7 0.233333 3.74047e-06
0.766667 0.233333 3.77248e-06
0.833333 0.233333 3.35508e-06
0.9 0.233333 2.64293e-06
0.966667 0.233333 1.88872e-06
1.03333 0.233333 1.25621e-06
1.1 0.233333 7.87361e-07
1.16667 0.233333 4.5791e-07
1.23333 0.233333 2.28596e-07
1.3 0.233333 7.11542e-08
1.36667 0.233333 3.27881e-08
1.43333 0.233333 9.42864e-08
1.5 0.233333 1.20968e-07
1.56667 0.233333 1.20599e-07
1.63333 0.233333 1.02592e-07
1.7 0.233333 7.68298e-08
1.76667 0.233333 5.12916e-08
1.83333 0.233333 3.04906e-08
1.9 0.233333 1.56638e-08
1.96667 0.233333 6.06517e-09
2.03333 0.233333 2.84433e-10
2.1 0.233333 2.98739e-09
2.16667 0.233333 4.71372e-09
2.23333 0.233333 5.53024e-09
2.3 0.233333 5.83427e-09
2.36667 0.233333 5.86812e-09
2.43333 0.233333 5.78049e-09
2.5 0.233333 5.66748e-09
2.56667 0.233333 5.59859e-09
2.63333 0.233333 5.63212e-09
2.7 0.233333 5.8221e-09
2.76667 0.233333 6.21573e-09
2.83333 0.233333 6.83399e-09
2.9 0.233333 7.60046e-09
2.96667 0.233333 8.11305e-09
3.03333 0.233333 7.78757e-09
3.1 0.233333 6.31543e-09
3.16667 0.233333 4.06817e-09
3.23333 0.233333 1.83686e-09
3.3 0.233333 2.26245e-10
3.36667 0.233333 6.29489e-10
3.43333 0.233333 9.24931e-10
3.5 0.233333 9.11322e-10
3.56667 0.233333 7.69821e-10
3.63333 0.233333 5.99154e-10
3.7 0.233333 4.43488e-10
3.76667 0.233333 3.17506e-10
3.83333 0.233333 2.22088e-10
3.9 0.233333 1.52762e-10
3.96667 0.233333 1.03783e-10
4.03333 0.233333 6.98542e-11
4.1 0.233333 4.66858e-11
4.16667 0.233333 3.10319e-11
4.23333 0.233333 2.05393e-11
4.3 0.233333 1.35491e-11
4.36667 0.233333 8.9138e-12
4.43333 0.233333 5.85152e-12
4.5 0.233333 3.83466e-12
4.56667 0.233333 2.51025e-12
4.63333 0.233333 1.64374e-12
4.7 0.233333 1.08031e-12
4.76667 0.233333 7.18653e-13
4.83333 0.233333 4.93481e-13
4.9 0.233333 3.64084e-13
4.96667 0.233333 3.0709e-13
0.0333333 0.3 5.95766e-06
0.1 0.3 4.36262e-06
0.166667 0.3 2.36611e-06
0.233333 0.3 1.24309e-07
0.3 0.3 1.42897e-06
0.366667 0.3 3.52001e-06
0.433333 0.3 1.13658e-06
0.5 0.3 1.40135e-06
0.566667 0.3 9.30082e-07
0.633333 0.3 2.752e-07
0.7 0.3 1.65992e-06
0.766667 0.3 2.62022e-06
0.833333 0.3 2.86211e-06
0.9 0.3 2.42679e-06
0.966667 0.3 1.75324e-06
1.03333 0.3 1.20732e-06
1.1 0.3 8.12083e-07
1.16667 0.3 5.19523e-07
1.23333 0.3 3.00121e-07
1.3 0.3 1.32448e-07
1.36667 0.3 4.53693e-09
1.43333 0.3 8.65262e-08
1.5 0.3 1.38479e-07
1.56667 0.3 1.51665e-07
1.63333 0.3 1.34338e-07
1.7 0.3 1.01179e-07
1.76667 0.3 6.6427e-08
1.83333 0.3 3.85017e-08
1.9 0.3 1.94704e-08
1.96667 0.3 7.81794e-09
2.03333 0.3 1.17997e-09
2.1 0.3 2.37987e-09
2.16667 0.3 4.15784e-09
2.23333 0.3 4.95842e-09
2.3 0.3 5.26219e-09
2.36667 0.3 5.35205e-09
2.43333 0.3 5.39642e-09
2.5 0.3 5.50168e-09
2.56667 0.3 5.74478e-09
2.63333 0.3 6.19446e-09
2.7 0.3 6.92733e-09
2.76667 0.3 8.0448e-09
2.83333 0.3 9.69949e-09
2.9 0.3 1.21472e-08
2.96667 0.3 1.56951e-08
3.03333 0.3 1.84974e-08
3.1 0.3 1.81723e-08
3.16667 0.3 1.42084e-08
3.23333 0.3 8.73892e-09
3.3 0.3 4.24271e-09
3.36667 0.3 1.5207e-09
3.43333 0.3 2.18871e-10
3.5 0.3 2.98804e-10
3.56667 0.3 4.39172e-10
3.63333 0.3 4.19447e-10
3.7 0.3 3.45318e-10
3.76667 0.3 2.63684e-10
3.83333 0.3 1.92509e-10
3.9 0.3 1.36485e-10
3.96667 0.3 9.48272e-11
4.03333 0.3 6.49395e-11
4.1 0.3 4.40067e-11
4.16667 0.3 2.9593e-11
4.23333 0.3 1.97904e-11
4.3 0.3 1.31851e-11
4.36667 0.3 8.76538e-12
4.43333 0.3 5.82425e-12
4.5 0.3 3.87576e-12
4.56667 0.3 2.59015e-12
4.63333 0.3 1.74582e-12
4.7 0.3 1.19523e-12
4.76667 0.3 8.41226e-13
4.83333 0.3 6.20891e-13
4.9 0.3 4.9497e-13
4.96667 0.3 4.41058e-13
0.0333333 0.366667 7.30986e-06
0.1 0.366667 4.97329e-06
0.166667 0.366667 1.68489e-06
0.233333 0.366667 3.02725e-06
0.3 0.366667 1.41333e-05
0.366667 0.366667 0.000437894
0.433333 0.366667 4.06109e-06
0.5 0.366667 4.69089e-06
0.566667 0.366667 4.76279e-06
0.633333 0.366667 3.54222e-06
0.7 0.366667 1.25953e-06
0.766667 0.366667 9.26575e-07
0.833333 0.366667 2.60427e-06
0.9 0.366667 1.96695e-06
0.966667 0.366667 1.49206e-06
1.03333 0.366667 1.15426e-06
1.1 0.366667 8.63201e-07
1.16667 0.366667 6.22997e-07
1.23333 0.366667 4.25096e-07
1.3 0.366667 2.56427e-07
1.36667 0.366667 1.0467e-07
1.43333 0.366667 2.93801e-08
1.5 0.366667 1.29743e-07
1.56667 0.366667 1.76419e-07
1.63333 0.366667 1.68781e-07
1.7 0.366667 1.27947e-07
1.76667 0.366667 8.12983e-08
1.83333 0.366667 4.50203e-08
1.9 0.366667 2.20339e-08
1.96667 0.366667 8.98328e-09
2.03333 0.366667 2.01663e-09
2.1 0.366667 1.46759e-09
2.16667 0.366667 3.05905e-09
2.23333 0.366667 3.68282e-09
2.3 0.366667 3.86385e-09
2.36667 0.366667 3.89529e-09
2.43333 0.366667 3.93981e-09
2.5 0.366667 4.08925e-09
2.56667 0.366667 4.39975e-09
2.63333 0.366667 4.91348e-09
2.7 0.366667 5.67537e-09
2.76667 0.366667 6.75503e-09
2.83333 0.366667 8.29905e-09
2.9 0.366667 1.06933e-08
2.96667 0.366667 1.53389e-08
3.03333 0.366667 2.77574e-08
3.1 0.366667 3.57828e-08
3.16667 0.366667 3.12955e-08
3.23333 0.366667 1.95867e-08
3.3 0.366667 9.1333e-09
3.36667 0.366667 3.81083e-09
3.43333 0.366667 1.33694e-09
3.5 0.366667 2.65116e-10
3.56667 0.366667 1.47763e-10
3.63333 0.366667 2.66222e-10
3.7 0.366667 2.6376e-10
3.76667 0.366667 2.19903e-10
3.83333 0.366667 1.68874e-10
3.9 0.366667 1.23684e-10
3.96667 0.366667 8.78886e-11
4.03333 0.366667 6.11875e-11
4.1 0.366667 4.19937e-11
4.16667 0.366667 2.85323e-11
4.23333 0.366667 1.92531e-11
4.3 0.366667 1.29363e-11
4.36667 0.366667 8.67633e-12
4.43333 0.366667 5.82394e-12
4.5 0.366667 3.925e-12
4.56667 0.366667 2.66722e-12
4.63333 0.366667 1.83866e-12
4.7 0.366667 1.29715e-12
4.76667 0.366667 9.48527e-13
4.83333 0.366667 7.31641e-13
4.9 0.366667 6.08299e-13
4.96667 0.366667 5.56901e-13
0.0333333 0.433333 7.97349e-06
0.1 0.433333 5.26521e-06
0.166667 0.433333 1.39059e-06
0.233333 0.433333 3.85102e-06
0.3 0.433333 1.06356e-05
0.366667 0.433333 1.03446e-05
0.433333 0.433333 7.04374e-06
0.5 0.433333 6.62387e-06
0.566667 0.433333 7.21186e-06
0.633333 0.433333 7.0316e-06
0.7 0.433333 5.10315e-06
0.766667 0.433333 2.20589e-06
0.833333 0.433333 1.15306e-06
0.9 0.433333 1.0619e-06
0.966667 0.433333 1.23414e-06
1.03333 0.433333 1.11595e-06
1.1 0.433333 9.30178e-07
1.16667 0.433333 7.4695e-07
1.23333 0.433333 5.85198e-07
1.3 0.433333 4.41668e-07
1.36667 0.433333 2.99947e-07
1.43333 0.433333 1.26775e-07
1.5 0.433333 5.22152e-08
1.56667 0.433333 1.78613e-07
1.63333 0.433333 2.03221e-07
1.7 0.433333 1.55498e-07
1.76667 0.433333 9.20484e-08
1.83333 0.433333 4.63833e-08
1.9 0.433333 2.09437e-08
1.96667 0.433333 7.6235e-09
2.03333 0.433333 1.08212e-09
2.1 0.433333 1.8465e-09
2.16667 0.433333 2.93727e-09
2.23333 0.433333 3.16413e-09
2.3 0.433333 3.05076e-09
2.36667 0.433333 2.87085e-09
2.43333 0.433333 2.76018e-09
2.5 0.433333 2.7783e-09
2.56667 0.433333 2.94121e-09
2.63333 0.433333 3.23652e-09
2.7 0.433333 3.62648e-09
2.76667 0.433333 4.03933e-09
2.83333 0.433333 4.34302e-09
2.9 0.433333 4.29789e-09
2.96667 0.433333 3.39171e-09
3.03333 0.433333 4.09923e-09
3.1 0.433333 6.26342e-08
3.16667 0.433333 7.33439e-08
3.23333 0.433333 3.16363e-08
3.3 0.433333 1.34636e-08
3.36667 0.433333 5.62201e-09
3.43333 0.433333 2.16028e-09
3.5 0.433333 6.60986e-10
3.56667 0.433333 4.98552e-11
3.63333 0.433333 1.64989e-10
3.7 0.433333 2.10971e-10
3.76667 0.433333 1.9204e-10
3.83333 0.433333 1.54049e-10
3.9 0.433333 1.15759e-10
3.96667 0.433333 8.36462e-11
4.03333 0.433333 5.89227e-11
4.1 0.433333 4.0796e-11
4.16667 0.433333 2.79128e-11
4.23333 0.433333 1.89479e-11
4.3 0.433333 1.28027e-11
4.36667 0.433333 8.63662e-12
4.43333 0.433333 5.8359e-12
4.5 0.433333 3.96552e-12
4.56667 0.433333 2.72362e-12
4.63333 0.433333 1.90396e-12
4.7 0.433333 1.36753e-12
4.76667 0.433333 1.02191e-12
4.83333 0.433333 8.06929e-13
4.9 0.433333 6.8505e-13
4.96667 0.433333 6.35184e-13
0.0333333 0.5 7.82808e-06
0.1 0.5 5.21752e-06
0.166667 0.5 1.62721e-06
0.233333 0.5 2.41699e-06
0.3 0.5 5.62758e-06
0.366667 0.5 6.92085e-06
0.433333 0.5 6.54398e-06
0.5 0.5 6.41783e-06
0.566667 0.5 7.11188e-06
0.633333 0.5 7.36199e-06
0.7 0.5 5.81132e-06
0.766667 0.5 2.97265e-06
0.833333 0.5 5.89942e-07
0.9 0.5 7.7963e-07
0.966667 0.5 1.14905e-06
1.03333 0.5 1.12377e-06
1.1 0.5 9.91832e-07
1.16667 0.5 8.49036e-07
1.23333 0.5 7.26919e-07
1.3 0.5 6.32083e-07
1.36667 0.5 5.59827e-07
1.43333 0.5 4.90472e-07
1.5 0.5 1.89069e-07
1.56667 0.5 1.15819e-07
1.63333 0.5 2.56427e-07
1.7 0.5 1.95862e-07
1.76667 0.5 9.57377e-08
1.83333 0.5 4.30681e-08
1.9 0.5 1.66015e-08
1.96667 0.5 3.9208e-09
2.03333 0.5 1.69767e-09
2.1 0.5 3.78899e-09
2.16667 0.5 4.2085e-09
2.23333 0.5 3.92345e-09
2.3 0.5 3.42832e-09
2.36667 0.5 2.96484e-09
2.43333 0.5 2.63895e-09
2.5 0.5 2.4822e-09
2.56667 0.5 2.48173e-09
2.63333 0.5 2.59041e-09
2.7 0.5 2.71999e-09
2.76667 0.5 2.70918e-09
2.83333 0.5 2.23398e-09
2.9 0.5 5.25441e-10
2.96667 0.5 4.56555e-09
3.03333 0.5 2.57589e-08
3.1 0.5 9.13761e-07
3.16667 0.5 1.05339e-07
3.23333 0.5 3.69924e-08
3.3 0.5 1.52789e-08
3.36667 0.5 6.33045e-09
3.43333 0.5 2.47159e-09
3.5 0.5 8.07254e-10
3.56667 0.5 1.21734e-10
3.63333 0.5 1.28587e-10
3.7 0.5 1.92153e-10
3.76667 0.5 1.82176e-10
3.83333 0.5 1.48831e-10
3.9 0.5 1.12985e-10
3.96667 0.5 8.21682e-11
4.03333 0.5 5.81375e-11
4.1 0.5 4.03829e-11
4.16667 0.5 2.77005e-11
4.23333 0.5 1.88442e-11
4.3 0.5 1.2758e-11
4.36667 0.5 8.62417e-12
4.43333 0.5 5.84106e-12
4.5 0.5 3.98037e-12
4.56667 0.5 2.74383e-12
4.63333 0.5 1.92717e-12
4.7 0.5 1.39244e-12
4.76667 0.5 1.04781e-12
4.83333 0.5 8.33469e-13
4.9 0.5 7.1209e-13
4.96667 0.5 6.62779e-13
0.0333333 0.566667 6.98019e-06
0.1 0.566667 4.85426e-06
0.166667 0.566667 2.09531e-06
0.233333 0.566667 6.64058e-07
0.3 0.566667 2.7551e-06
0.366667 0.566667 3.8572e-06
0.433333 0.566667 4.24206e-06
0.5 0.566667 4.42509e-06
0.566667 0.566667 4.79546e-06
0.633333 0.566667 4.65074e-06
0.7 0.566667 3.22736e-06
0.766667 0.566667 1.04208e-06
0.833333 0.566667 1.6096e-06
0.9 0.566667 1.25643e-06
0.966667 0.566667 1.31069e-06
1.03333 0.566667 1.17759e-06
1.1 0.566667 1.01912e-06
1.16667 0.566667 8.78814e-07
1.23333 0.566667 7.74601e-07
1.3 0.566667 7.13889e-07
1.36667 0.566667 7.08804e-07
1.43333 0.566667 7.93931e-07
1.5 0.566667 1.29053e-06
1.56667 0.566667 5.44545e-08
1.63333 0.566667 5.14492e-07
1.7 0.566667 2.32376e-07
1.76667 0.566667 9.61738e-08
1.83333 0.566667 3.77001e-08
1.9 0.566667 1.08497e-08
1.96667 0.566667 1.00797e-09
2.03333 0.566667 5.70725e-09
2.1 0.566667 7.02314e-09
2.16667 0.566667 6.83895e-09
2.23333 0.566667 6.09678e-09
2.3 0.566667 5.25927e-09
2.36667 0.566667 4.54222e-09
2.43333 0.566667 4.03446e-09
2.5 0.566667 3.75978e-09
2.56667 0.566667 3.70777e-09
2.63333 0.566667 3.84696e-09
2.7 0.566667 4.12628e-09
2.76667 0.566667 4.46534e-09
2.83333 0.566667 4.72823e-09
2.9 0.566667 4.67843e-09
2.96667 0.566667 3.82295e-09
3.03333 0.566667 4.74916e-09
3.1 0.566667 6.30716e-08
3.16667 0.566667 7.33853e-08
3.23333 0.566667 3.15896e-08
3.3 0.566667 1.34378e-08
3.36667 0.566667 5.6089e-09
3.43333 0.566667 2.15385e-09
3.5 0.566667 6.57849e-10
3.56667 0.566667 4.83281e-11
3.63333 0.566667 1.65733e-10
3.7 0.566667 2.11333e-10
3.76667 0.566667 1.92216e-10
3.83333 0.566667 1.54135e-10
3.9 0.566667 1.15801e-10
3.96667 0.566667 8.36668e-11
4.03333 0.566667 5.89328e-11
4.1 0.566667 4.08009e-11
4.16667 0.566667 2.79152e-11
4.23333 0.566667 1.89491e-11
4.3 0.566667 1.28033e-11
4.36667 0.566667 8.63691e-12
4.43333 0.566667 5.83604e-12
4.5 0.566667 3.96559e-12
4.56667 0.566667 2.72365e-12
4.63333 0.566667 1.90398e-12
4.7 0.566667 1.36754e-12
4.76667 0.566667 1.02191e-12
4.83333 0.566667 8.06932e-13
4.9 0.566667 6.85052e-13
4.96667 0.566667 6.35186e-13
0.0333333 0.633333 5.6667e-06
0.1 0.633333 4.19897e-06
0.166667 0.633333 2.3867e-06
0.233333 0.633333 7.00809e-07
0.3 0.633333 5.45386e-07
0.366667 0.633333 1.24322e-06
0.433333 0.633333 1.51872e-06
0.5 0.633333 1.54193e-06
0.566667 0.633333 1.31517e-06
0.633333 0.633333 2.04923e-07
0.7 0.633333 1.36485e-06
0.766667 0.633333 2.54701e-06
0.833333 0.633333 3.2848e-06
0.9 0.633333 2.19227e-06
0.966667 0.633333 1.55968e-06
1.03333 0.633333 1.22933e-06
1.1 0.633333 9.86844e-07
1.16667 0.633333 8.1036e-07
1.23333 0.633333 6.87716e-07
1.3 0.633333 6.1195e-07
1.36667 0.633333 5.81575e-07
1.43333 0.633333 6.20181e-07
1.5 0.633333 6.46886e-07
1.56667 0.633333 8.42612e-06
1.63333 0.633333 8.9607e-07
1.7 0.633333 2.50176e-07
1.76667 0.633333 9.9915e-08
1.83333 0.633333 3.51143e-08
1.9 0.633333 7.46428e-09
1.96667 0.633333 4.28752e-09
2.03333 0.633333 8.68116e-09
2.1 0.633333 9.70823e-09
2.16667 0.633333 9.28931e-09
2.23333 0.633333 8.36136e-09
2.3 0.633333 7.37489e-09
2.36667 0.633333 6.53796e-09
2.43333 0.633333 5.93974e-09
2.5 0.633333 5.61438e-09
2.56667 0.633333 5.57464e-09
2.63333 0.633333 5.83076e-09
2.7 0.633333 6.40442e-09
2.76667 0.633333 7.34843e-09
2.83333 0.633333 8.797e-09
2.9 0.633333 1.11255e-08
2.96667 0.633333 1.57192e-08
3.03333 0.633333 2.79911e-08
3.1 0.633333 3.58378e-08
3.16667 0.633333 3.12458e-08
3.23333 0.633333 1.95207e-08
3.3 0.633333 9.09273e-09
3.36667 0.633333 3.78971e-09
3.43333 0.633333 1.32636e-09
3.5 0.633333 2.59892e-10
3.56667 0.633333 1.50328e-10
3.63333 0.633333 2.67478e-10
3.7 0.633333 2.64374e-10
3.76667 0.633333 2.20204e-10
3.83333 0.633333 1.69021e-10
3.9 0.633333 1.23756e-10
3.96667 0.633333 8.7924e-11
4.03333 0.633333 6.12048e-11
4.1 0.633333 4.20022e-11
4.16667 0.633333 2.85365e-11
4.23333 0.633333 1.92551e-11
4.3 0.633333 1.29374e-11
4.36667 0.633333 8.67684e-12
4.43333 0.633333 5.82419e-12
4.5 0.633333 3.92513e-12
4.56667 0.633333 2.66728e-12
4.63333 0.633333 1.83869e-12
4.7 0.633333 1.29716e-12
4.76667 0.633333 9.48536e-13
4.83333 0.633333 7.31646e-13
4.9 0.633333 6.08303e-13
4.96667 0.633333 5.56903e-13
0.0333333 0.7 4.16556e-06
0.1 0.7 3.34055e-06
0.166667 0.7 2.37609e-06
0.233333 0.7 1.57726e-06
0.3 0.7 1.07268e-06
0.366667 0.7 8.76694e-07
0.433333 0.7 9.21617e-07
0.5 0.7 1.15046e-06
0.566667 0.7 1.62117e-06
0.633333 0.7 2.30566e-06
0.7 0.7 2.96543e-06
0.766667 0.7 3.29349e-06
0.833333 0.7 3.08156e-06
0.9 0.7 2.43178e-06
0.966667 0.7 1.73177e-06
1.03333 0.7 1.23225e-06
1.1 0.7 8.96011e-07
1.16667 0.7 6.6129e-07
1.23333 0.7 4.93925e-07
1.3 0.7 3.67217e-07
1.36667 0.7 2.5339e-07
1.43333 0.7 8.51485e-08
1.5 0.7 2.90248e-07
1.56667 0.7 6.9503e-07
1.63333 0.7 5.83819e-07
1.7 0.7 2.67048e-07
1.76667 0.7 1.02273e-07
1.83333 0.7 3.75572e-08
1.9 0.7 8.64545e-09
1.96667 0.7 3.86774e-09
2.03333 0.7 8.82607e-09
2.1 0.7 1.02786e-08
2.16667 0.7 1.01785e-08
2.23333 0.7 9.47643e-09
2.3 0.7 8.63197e-09
2.36667 0.7 7.86286e-09
2.43333 0.7 7.27054e-09
2.5 0.7 6.90506e-09
2.56667 0.7 6.79955e-09
2.63333 0.7 6.98976e-09
2.7 0.7 7.52758e-09
2.76667 0.7 8.49551e-09
2.83333 0.7 1.00305e-08
2.9 0.7 1.23728e-08
2.96667 0.7 1.5809e-08
3.03333 0.7 1.85059e-08
3.1 0.7 1.81108e-08
3.16667 0.7 1.41272e-08
3.23333 0.7 8.6733e-09
3.3 0.7 4.20151e-09
3.36667 0.7 1.49836e-09
3.43333 0.7 2.07386e-10
3.5 0.7 3.04574e-10
3.56667 0.7 4.42039e-10
3.63333 0.7 4.20863e-10
3.7 0.7 3.46016e-10
3.76667 0.7 2.64027e-10
3.83333 0.7 1.92677e-10
3.9 0.7 1.36567e-10
3.96667 0.7 9.48679e-11
4.03333 0.7 6.49595e-11
4.1 0.7 4.40165e-11
4.16667 0.7 2.95978e-11
4.23333 0.7 1.97928e-11
4.3 0.7 1.31863e-11
4.36667 0.7 8.76597e-12
4.43333 0.7 5.82454e-12
4.5 0.7 3.87591e-12
4.56667 0.7 2.59022e-12
4.63333 0.7 1.74585e-12
4.7 0.7 1.19525e-12
4.76667 0.7 8.41236e-13
4.83333 0.7 6.20897e-13
4.9 0.7 4.94974e-13
4.96667 0.7 4.41061e-13
0.0333333 0.766667 2.7133e-06
0.1 0.766667 2.41058e-06
0.166667 0.766667 2.13354e-06
0.233333 0.766667 2.02607e-06
0.3 0.766667 2.1082e-06
0.366667 0.766667 2.34134e-06
0.433333 0.766667 2.66865e-06
0.5 0.766667 3.03165e-06
0.566667 0.766667 3.40127e-06
0.633333 0.766667 3.72987e-06
0.7 0.766667 3.87282e-06
0.766667 0.766667 3.68574e-06
0.833333 0.766667 3.162e-06
0.9 0.766667 2.45087e-06
0.966667 0.766667 1.75114e-06
1.03333 0.766667 1.18839e-06
1.1 0.766667 7.78215e-07
1.16667 0.766667 4.87721e-07
1.23333 0.766667 2.7659e-07
1.3 0.766667 1.09903e-07
1.36667 0.766667 4.77568e-08
1.43333 0.766667 2.27082e-07
1.5 0.766667 3.95425e-07
1.56667 0.766667 4.49999e-07
1.63333 0.766667 3.65538e-07
1.7 0.766667 2.19704e-07
1.76667 0.766667 1.05673e-07
1.83333 0.766667 4.50026e-08
1.9 0.766667 1.58575e-08
1.96667 0.766667 1.92231e-09
2.03333 0.766667 4.46121e-09
2.1 0.766667 7.12649e-09
2.16667 0.766667 7.98615e-09
2.23333 0.766667 8.00264e-09
2.3 0.766667 7.65935e-09
2.36667 0.766667 7.1983e-09
2.43333 0.766667 6.74202e-09
2.5 0.766667 6.35708e-09
2.56667 0.766667 6.08736e-09
2.63333 0.766667 5.97095e-09
2.7 0.766667 6.04654e-09
2.76667 0.766667 6.34979e-09
2.83333 0.766667 6.89319e-09
2.9 0.766667 7.59503e-09
2.96667 0.766667 8.05588e-09
3.03333 0.766667 7.69931e-09
3.1 0.766667 6.22152e-09
3.16667 0.766667 3.98904e-09
3.23333 0.766667 1.78109e-09
3.3 0.766667 1.92024e-10
3.36667 0.766667 6.48561e-10
3.43333 0.766667 9.3496e-10
3.5 0.766667 9.16446e-10
3.56667 0.766667 7.72397e-10
3.63333 0.766667 6.00438e-10
3.7 0.766667 4.44124e-10
3.76667 0.766667 3.17821e-10
3.83333 0.766667 2.22243e-10
3.9 0.766667 1.52838e-10
3.96667 0.766667 1.0382e-10
4.03333 0.766667 6.98729e-11
4.1 0.766667 4.6695e-11
4.16667 0.766667 3.10364e-11
4.23333 0.766667 2.05416e-11
4.3 0.766667 1.35502e-11
4.36667 0.766667 8.91437e-12
4.43333 0.766667 5.8518e-12
4.5 0.766667 3.8348e-12
4.56667 0.766667 2.51032e-12
4.63333 0.766667 1.64377e-12
4.7 0.766667 1.08033e-12
4.76667 0.766667 7.18663e-13
4.83333 0.766667 4.93486e-13
4.9 0.766667 3.64087e-13
4.96667 0.766667 3.07092e-13
0.0333333 0.833333 1.48798e-06
0.1 0.833333 1.56494e-06
0.166667 0.833333 1.81134e-06
0.233333 0.833333 2.23518e-06
0.3 0.833333 2.77935e-06
0.366667 0.833333 3.36202e-06
0.433333 0.833333 3.90448e-06
0.5 0.833333 4.34148e-06
0.566667 0.833333 4.61615e-06
0.633333 0.833333 4.66959e-06
0.7 0.833333 4.45017e-06
0.766667 0.833333 3.95138e-06
0.833333 0.833333 3.24487e-06
0.9 0.833333 2.46256e-06
0.966667 0.833333 1.73364e-06
1.03333 0.833333 1.13236e-06
1.1 0.833333 6.75172e-07
1.16667 0.833333 3.44685e-07
1.23333 0.833333 1.07784e-07
1.3 0.833333 6.74591e-08
1.36667 0.833333 2.04059e-07
1.43333 0.833333 3.06023e-07
1.5 0.833333 3.5674e-07
1.56667 0.833333 3.41301e-07
1.63333 0.833333 2.70831e-07
1.7 0.833333 1.81386e-07
1.76667 0.833333 1.05905e-07
1.83333 0.833333 5.63248e-08
1.9 0.833333 2.80054e-08
1.96667 0.833333 1.25471e-08
2.03333 0.833333 4.19713e-09
2.1 0.833333 2.64014e-10
2.16667 0.833333 2.59402e-09
2.23333 0.833333 3.74103e-09
2.3 0.833333 4.21651e-09
2.36667 0.833333 4.29772e-09
2.43333 0.833333 4.13754e-09
2.5 0.833333 3.82411e-09
2.56667 0.833333 3.4134e-09
2.63333 0.833333 2.94628e-09
2.7 0.833333 2.45524e-09
2.76667 0.833333 1.9615e-09
2.83333 0.833333 1.46055e-09
2.9 0.833333 9.01257e-10
2.96667 0.833333 2.09689e-10
3.03333 0.833333 6.33549e-10
3.1 0.833333 1.51799e-09
3.16667 0.833333 2.23541e-09
3.23333 0.833333 2.60963e-09
3.3 0.833333 2.60464e-09
3.36667 0.833333 2.31914e-09
3.43333 0.833333 1.89976e-09
3.5 0.833333 1.46548e-09
3.56667 0.833333 1.08261e-09
3.63333 0.833333 7.74987e-10
3.7 0.833333 5.4208e-10
3.76667 0.833333 3.72695e-10
3.83333 0.833333 2.52945e-10
3.9 0.833333 1.69995e-10
3.96667 0.833333 1.13392e-10
4.03333 0.833333 7.51966e-11
4.1 0.833333 4.96372e-11
4.16667 0.833333 3.26416e-11
4.23333 0.833333 2.13947e-11
4.3 0.833333 1.39792e-11
4.36667 0.833333 9.10357e-12
4.43333 0.833333 5.90497e-12
4.5 0.833333 3.81053e-12
4.56667 0.833333 2.44179e-12
4.63333 0.833333 1.54981e-12
4.7 0.833333 9.71617e-13
4.76667 0.833333 6.0125e-13
4.83333 0.833333 3.70714e-13
4.9 0.833333 2.37695e-13
4.96667 0.833333 1.77835e-13
0.0333333 0.9 6.11737e-07
0.1 0.9 9.3203e-07
0.166667 0.9 1.53898e-06
0.233333 0.9 2.34675e-06
0.3 0.9 3.23946e-06
0.366667 0.9 4.09546e-06
0.433333 0.9 4.80695e-06
0.5 0.9 5.28753e-06
0.566667 0.9 5.47606e-06
0.633333 0.9 5.34218e-06
0.7 0.9 4.89725e-06
0.766667 0.9 4.20392e-06
0.833333 0.9 3.36933e-06
0.9 0.9 2.51646e-06
0.966667 0.9 1.7443e-06
1.03333 0.9 1.10586e-06
1.1 0.9 6.14976e-07
1.16667 0.9 2.58856e-07
1.23333 0.9 1.05496e-08
1.3 0.9 1.56779e-07
1.36667 0.9 2.62159e-07
1.43333 0.9 3.15197e-07
1.5 0.9 3.20696e-07
1.56667 0.9 2.8655e-07
1.63333 0.9 2.28014e-07
1.7 0.9 1.63829e-07
1.76667 0.9 1.0851e-07
1.83333 0.9 6.79918e-08
1.9 0.9 4.12599e-08
1.96667 0.9 2.45293e-08
2.03333 0.9 1.42225e-08
2.1 0.9 7.87541e-09
2.16667 0.9 3.96517e-09
2.23333 0.9 1.5827e-09
2.3 0.9 1.92053e-10
2.36667 0.9 5.22786e-10
2.43333 0.9 7.49954e-10
2.5 0.9 6.04413e-10
2.56667 0.9 1.61001e-10
2.63333 0.9 5.24614e-10
2.7 0.9 1.40167e-09
2.76667 0.9 2.41392e-09
2.83333 0.9 3.49059e-09
2.9 0.9 4.53618e-09
2.96667 0.9 5.42498e-09
3.03333 0.9 6.01488e-09
3.1 0.9 6.19046e-09
3.16667 0.9 5.91703e-09
3.23333 0.9 5.26656e-09
3.3 0.9 4.39088e-09
3.36667 0.9 3.45908e-09
3.43333 0.9 2.60122e-09
3.5 0.9 1.88609e-09
3.56667 0.9 1.33013e-09
3.63333 0.9 9.18698e-10
3.7 0.9 6.24717e-10
3.76667 0.9 4.19891e-10
3.83333 0.9 2.79772e-10
3.9 0.9 1.85192e-10
3.96667 0.9 1.21974e-10
4.03333 0.9 8.00251e-11
4.1 0.9 5.23374e-11
4.16667 0.9 3.41348e-11
4.23333 0.9 2.22025e-11
4.3 0.9 1.43971e-11
4.36667 0.9 9.29929e-12
4.43333 0.9 5.97373e-12
4.5 0.9 3.80655e-12
4.56667 0.9 2.39602e-12
4.63333 0.9 1.47996e-12
4.7 0.9 8.87849e-13
4.76667 0.9 5.09374e-13
4.83333 0.9 2.74027e-13
4.9 0.9 1.37996e-13
4.96667 0.9 7.60166e-14
0.0333333 0.966667 1.56541e-07
0.1 0.966667 5.94971e-07
0.166667 0.966667 1.39242e-06
0.233333 0.966667 2.41572e-06
0.3 0.966667 3.51235e-06
0.366667 0.966667 4.53327e-06
0.433333 0.966667 5.34774e-06
0.5 0.966667 5.85568e-06
0.566667 0.966667 5.99767e-06
0.633333 0.966667 5.76422e-06
0.7 0.966667 5.2008e-06
0.766667 0.966667 4.40194e-06
0.833333 0.966667 3.49031e-06
0.9 0.966667 2.58588e-06
0.966667 0.966667 1.77719e-06
1.03333 0.966667 1.11091e-06
1.1 0.966667 5.98878e-07
1.16667 0.966667 2.28645e-07
1.23333 0.966667 2.44193e-08
1.3 0.966667 1.85748e-07
1.36667 0.966667 2.75882e-07
1.43333 0.966667 3.10258e-07
1.5 0.966667 3.02092e-07
1.56667 0.966667 2.65068e-07
1.63333 0.966667 2.13492e-07
1.7 0.966667 1.60053e-07
1.76667 0.966667 1.13344e-07
1.83333 0.966667 7.70609e-08
1.9 0.966667 5.10929e-08
1.96667 0.966667 3.34297e-08
2.03333 0.966667 2.17156e-08
2.1 0.966667 1.40152e-08
2.16667 0.966667 8.97111e-09
2.23333 0.966667 5.69878e-09
2.3 0.966667 3.64005e-09
2.36667 0.966667 2.44678e-09
2.43333 0.966667 1.90165e-09
2.5 0.966667 1.86648e-09
2.56667 0.966667 2.24812e-09
2.63333 0.966667 2.97375e-09
2.7 0.966667 3.97032e-09
2.76667 0.966667 5.14527e-09
2.83333 0.966667 6.37016e-09
2.9 0.966667 7.47564e-09
2.96667 0.966667 8.27045e-09
3.03333 0.966667 8.58943e-09
3.1 0.966667 8.35362e-09
3.16667 0.966667 7.6073e-09
3.23333 0.966667 6.50448e-09
3.3 0.966667 5.24998e-09
3.36667 0.966667 4.02995e-09
3.43333 0.966667 2.96728e-09
3.5 0.966667 2.11387e-09
3.56667 0.966667 1.46835e-09
3.63333 0.966667 1.00093e-09
3.7 0.966667 6.72933e-10
3.76667 0.966667 4.47868e-10
3.83333 0.966667 2.95887e-10
3.9 0.966667 1.94426e-10
3.96667 0.966667 1.27244e-10
4.03333 0.966667 8.3019e-11
4.1 0.966667 5.40282e-11
4.16667 0.966667 3.50798e-11
4.23333 0.966667 2.27206e-11
4.3 0.966667 1.46705e-11
4.36667 0.966667 9.43219e-12
4.43333 0.966667 6.02584e-12
4.5 0.966667 3.81211e-12
4.56667 0.966667 2.37473e-12
4.63333 0.966667 1.44319e-12
4.7 0.966667 8.42153e-13
4.76667 0.966667 4.58577e-13
4.83333 0.966667 2.20355e-13
4.9 0.966667 8.27335e-14
4.96667 0.966667 1.9857e-14
