0
0
1.76447e-21
0
0
-9.83326e-21
0
0
-1.67959e-21
0
0
-1.24461e-19
0
-1.55786e-23
6.30862e-21
-4.22933e-22
-6.97027e-21
1.37056e-19
0
0
-2.13816e-21
0
0
3.74065e-20
0
0
1.84486e-21
0
0
7.98199e-20
-1.43618e-22
2.28529e-22
-7.8679e-21
-1.19693e-21
-2.10976e-21
-9.18696e-20
0
0
-6.61824e-22
0
0
6.37937e-20
0
-1.522e-22
-8.36576e-22
6.20893e-22
-1.36849e-20
-1.0172e-19
0
0
-3.18956e-22
0
0
-2.37884e-20
2.91394e-22
9.11207e-23
4.85917e-21
5.10952e-22
2.92598e-21
-6.49165e-20
0
0
1.78205e-21
0
0
2.38032e-20
6.08743e-23
-8.44739e-23
1.81501e-21
5.60416e-22
7.81773e-21
4.26953e-20
0
0
3.69637e-21
0
0
7.13819e-21
-4.06828e-23
1.09772e-22
4.30717e-21
-5.30106e-23
1.46474e-20
-3.45635e-20
0
0
1.32319e-21
0
0
-5.32612e-21
4.42127e-23
-1.1214e-22
8.99556e-22
4.58061e-22
6.41141e-21
8.8246e-21
0
0
-6.71744e-22
0
0
-6.50728e-21
4.18152e-24
7.67345e-23
3.08854e-21
-5.58515e-22
6.68902e-22
1.37562e-20
0
0
-2.14759e-22
0
0
1.04361e-20
5.13629e-23
-4.7777e-23
4.44328e-22
-2.46371e-22
4.11818e-21
5.52801e-21
0
0
-4.40147e-22
0
0
-0
0
-5.51867e-23
8.72138e-23
5.2394e-22
-1.51662e-21
-4.18553e-20
0
0
6.94753e-22
0
0
4.74506e-21
2.87931e-22
0
7.10114e-22
7.30723e-22
5.04966e-21
1.5174e-20
0
0
-1.85149e-21
0
0
8.8551e-21
1.82951e-22
0
2.64679e-21
2.63877e-22
4.77326e-21
-7.26237e-21
0
0
6.70028e-06
0
0
2.18242e-05
1.03125e-22
1.01418e-14
2.66588e-05
1.35487e-22
-3.41201e-13
5.97617e-05
0
0
1.72208e-06
0
0
-2.03165e-07
-4.80774e-23
-1.33329e-14
1.06352e-05
-5.38688e-22
-5.27405e-14
1.15426e-05
0
0
-6.63069e-23
0
0
3.46942e-21
-7.2792e-23
-6.2586e-24
2.77882e-22
2.59585e-22
0
-5.14963e-21
0
0
6.54557e-23
0
0
6.69343e-21
-1.99965e-23
-5.27127e-23
1.13994e-22
2.40532e-22
0
7.19577e-22
0
0
-3.60026e-22
0
0
8.76456e-22
-6.21696e-24
-5.73651e-23
3.45155e-22
2.13569e-22
-7.44512e-23
-6.27784e-21
0
0
-1.4632e-06
0
0
-4.9519e-07
0
-2.50484e-14
-4.33006e-06
3.62583e-22
-5.60217e-15
-2.29701e-06
0
0
1.6973e-08
0
0
-2.66229e-08
-2.7419e-23
-4.70784e-15
-9.5042e-07
1.46837e-22
-3.98129e-15
-4.76017e-07
0
0
2.78303e-08
0
0
3.06165e-10
6.32678e-23
4.57448e-15
1.20288e-06
-2.23367e-22
-9.55651e-15
6.06232e-08
0
0
1.69624e-06
0
0
8.18668e-07
-8.44889e-23
2.33818e-14
5.41967e-06
-7.68303e-23
-4.16684e-14
2.9224e-06
0
0
-3.43828e-22
0
0
-1.04429e-21
0
9.01499e-24
0
8.67937e-23
-1.22264e-22
-8.54754e-22
0
0
-3.68842e-22
0
0
1.18145e-21
5.82144e-23
8.98941e-24
6.35725e-22
2.64952e-23
2.34398e-22
2.31033e-21
0
0
-7.16633e-22
0
0
-3.15261e-22
-1.0089e-22
2.20278e-24
1.55642e-21
1.8697e-23
2.12084e-22
3.03735e-21
0
0
-3.7129e-22
0
0
-8.6297e-22
-1.9336e-22
9.54979e-25
-1.16946e-21
4.98156e-23
9.1077e-23
2.3094e-21
0
0
1.98504e-06
0
0
2.6155e-06
-2.18858e-23
1.82907e-14
7.6397e-06
-1.35045e-22
-2.71649e-14
9.6892e-06
0
0
2.10437e-08
0
0
5.63075e-08
1.19406e-23
5.34498e-15
2.70048e-06
-1.06902e-22
-7.36448e-15
3.43941e-06
0
0
1.54991e-08
0
0
5.0677e-08
5.06665e-23
1.61928e-15
1.00127e-06
8.67558e-24
-2.02631e-15
1.3089e-06
0
0
1.08968e-08
0
0
4.47426e-08
1.96588e-23
-2.6106e-17
6.11621e-08
-9.78088e-23
2.83846e-18
1.14726e-07
0
0
7.41193e-09
0
0
3.89651e-08
3.31404e-24
1.34047e-17
4.04846e-08
-4.80733e-24
-9.94181e-19
9.05114e-08
0
0
4.90003e-09
0
0
3.35321e-08
-6.56781e-24
-1.23646e-18
2.57481e-08
4.81461e-24
6.48603e-20
7.06086e-08
0
0
3.1631e-09
0
0
2.84893e-08
-1.75598e-23
4.3296e-19
1.57324e-08
0
-1.16672e-20
5.44998e-08
0
0
1.99915e-09
0
0
2.38207e-08
-7.23981e-24
-1.17545e-19
9.16714e-09
0
8.91612e-22
4.14639e-08
0
0
1.23704e-09
0
0
1.94969e-08
-1.2331e-23
3.26439e-20
5.00308e-09
-8.44348e-24
2.21365e-22
3.08477e-08
0
0
7.46132e-10
0
0
1.54967e-08
0
-9.17313e-21
2.44631e-09
1.55448e-23
-1.48453e-22
2.21606e-08
0
0
4.33787e-10
0
0
1.18132e-08
-2.97767e-24
2.59135e-21
9.37196e-10
-1.40365e-23
2.09872e-23
1.50817e-08
0
0
2.37569e-10
0
0
8.4525e-09
-2.11075e-24
-7.37907e-22
9.95341e-11
-1.24152e-23
0
9.42639e-09
0
0
1.16998e-10
0
0
5.42872e-09
-9.1415e-25
2.0848e-22
-3.10704e-10
5.36382e-23
4.31875e-23
5.10013e-09
0
0
4.64483e-11
0
0
2.75831e-09
-1.54251e-24
-5.8226e-23
-4.48719e-10
9.01481e-24
-3.73192e-23
2.04858e-09
0
0
9.65944e-12
0
0
4.52562e-10
0
1.65807e-23
-4.1409e-10
-7.3132e-24
1.39574e-23
2.04288e-10
0
0
-4.32842e-12
0
0
-1.49119e-09
-1.98059e-24
-3.48636e-24
-2.75104e-10
0
1.53157e-23
-5.71559e-10
0
0
-3.9728e-12
0
0
-3.09865e-09
-1.84436e-24
6.94028e-25
-8.55575e-11
1.62822e-23
1.64201e-23
-5.46748e-10
0
0
3.20241e-12
0
0
-4.42393e-09
5.09373e-25
3.87519e-25
1.05839e-10
5.16887e-24
1.36981e-22
-1.50819e-10
0
0
1.04242e-11
0
0
-5.54443e-09
-3.10615e-25
5.82837e-25
2.54664e-10
7.31359e-24
-1.03518e-22
6.03022e-11
0
0
1.27693e-11
0
0
-6.54125e-09
-1.45778e-25
1.61686e-21
3.28482e-10
0
9.17345e-22
-4.60282e-10
0
0
8.70912e-12
0
0
-7.47043e-09
6.18232e-26
5.8015e-21
3.17951e-10
-0
3.21309e-21
-2.04878e-09
0
0
6.96732e-13
0
0
-8.34152e-09
1.45418e-25
4.67342e-21
2.41709e-10
-4.0251e-24
2.74488e-21
-4.67583e-09
0
0
-6.10531e-12
0
0
-9.11863e-09
-4.10058e-25
8.78532e-22
1.38203e-10
-1.39299e-24
4.80228e-22
-7.95409e-09
0
0
-6.41979e-12
0
0
-9.74482e-09
-3.99329e-25
1.33094e-24
4.78961e-11
-3.41608e-24
-2.64237e-23
-1.13172e-08
0
0
2.84272e-12
0
0
-1.01738e-08
-3.33858e-25
-1.75397e-24
-2.75904e-12
-6.85229e-24
3.97966e-23
-1.42552e-08
0
0
2.18303e-11
0
0
-1.03902e-08
-3.10677e-25
1.98543e-24
-6.68599e-12
-3.22495e-24
-2.4016e-23
-1.64692e-08
0
0
4.8512e-11
0
0
-1.04112e-08
-8.09774e-26
-4.51365e-25
2.8707e-11
-1.14633e-24
-2.36053e-23
-1.78917e-08
0
0
8.00197e-11
0
0
-1.02747e-08
9.05346e-26
2.43961e-24
9.0093e-11
4.78749e-24
-2.31342e-24
-1.8615e-08
0
0
1.13699e-10
0
0
-1.00252e-08
2.79841e-25
-4.32203e-25
1.64741e-10
1.2302e-24
6.24438e-24
-1.87998e-08
0
0
1.47577e-10
0
0
-9.70322e-09
3.30951e-25
1.32331e-24
2.43328e-10
-1.09328e-24
-2.08281e-24
-1.86095e-08
0
0
1.80398e-10
0
0
-9.34132e-09
3.44143e-25
-8.54672e-25
3.20134e-10
-7.85874e-26
-1.3785e-24
-1.81796e-08
0
0
2.11461e-10
0
0
-8.96315e-09
3.34716e-25
-2.38969e-25
3.92187e-10
6.28144e-25
-9.07421e-25
-1.76108e-08
0
0
2.40429e-10
0
0
-8.58497e-09
2.89996e-25
2.23017e-25
4.58276e-10
1.95008e-25
-1.19024e-24
-1.69728e-08
0
0
2.67211e-10
0
0
-8.21742e-09
2.72275e-25
-8.4386e-26
5.18155e-10
-2.12142e-25
2.72522e-24
-1.63119e-08
0
0
2.91814e-10
0
0
-7.86715e-09
2.06668e-25
1.04735e-25
5.72113e-10
-0
-1.77975e-24
-1.56577e-08
0
0
3.14307e-10
0
0
-7.53811e-09
1.94484e-25
3.50943e-25
6.20574e-10
1.58718e-25
1.6585e-25
-1.50285e-08
0
0
3.3479e-10
0
0
-7.23248e-09
1.73687e-25
2.1209e-25
6.64014e-10
-5.49115e-26
-3.24301e-25
-1.44352e-08
0
0
3.53364e-10
0
0
-6.95127e-09
1.45769e-25
-1.93899e-25
7.02919e-10
-4.47655e-26
3.521e-26
-1.38839e-08
0
0
3.70125e-10
0
0
-6.69479e-09
1.07876e-25
-2.20453e-25
7.37661e-10
1.31135e-26
0
-1.33779e-08
0
0
3.85161e-10
0
0
-6.4629e-09
7.19151e-26
1.23945e-25
7.68573e-10
2.12991e-27
1.04446e-25
-1.29185e-08
0
0
3.98549e-10
0
0
-6.25523e-09
5.23932e-26
-2.3975e-25
7.95925e-10
3.00222e-26
0
-1.25059e-08
0
0
4.10358e-10
0
0
-6.07129e-09
2.8288e-26
-1.40922e-25
8.19934e-10
9.02493e-27
8.19355e-26
-1.21397e-08
0
0
4.20646e-10
0
0
-5.91053e-09
1.18795e-26
1.59709e-26
8.40774e-10
-3.86344e-27
4.08392e-27
-1.18192e-08
0
0
4.29466e-10
0
0
-5.77243e-09
-7.81444e-28
-3.57004e-25
8.5859e-10
-6.91314e-28
1.05363e-26
-1.15437e-08
0
0
4.3686e-10
0
0
-5.65647e-09
-9.19913e-27
1.13679e-25
8.73498e-10
3.24771e-28
-6.7356e-27
-1.13122e-08
0
0
4.42863e-10
0
0
-5.56223e-09
-1.50216e-26
6.15046e-26
8.85587e-10
9.89977e-29
6.34635e-27
-1.1124e-08
0
0
4.47505e-10
0
0
-5.48933e-09
-1.6312e-26
-8.43729e-26
8.94924e-10
7.53848e-28
2.24248e-27
-1.09784e-08
0
0
4.50807e-10
0
0
-5.43747e-09
-1.44636e-26
1.17145e-26
9.01565e-10
-4.23713e-29
8.93033e-28
-1.08748e-08
0
0
4.52784e-10
0
0
-5.40644e-09
-9.28633e-27
-1.11591e-26
9.05545e-10
-0
7.81218e-29
-1.08128e-08
0
0
2.26721e-10
0
0
-2.69806e-09
0
0
4.53439e-10
0
0
-5.39611e-09
0
0
-8.56659e-21
-5.99108e-22
-2.4397e-21
4.33371e-20
0
0
-9.32942e-21
0
0
1.04869e-20
-6.10665e-22
-1.81548e-22
9.37211e-22
0
1.78236e-20
1.12339e-19
1.32407e-21
-1.6432e-22
-5.90747e-21
1.93509e-21
2.94728e-20
-1.41393e-20
4.05918e-22
3.07307e-22
-6.71075e-22
-3.19393e-21
-1.29012e-20
3.07988e-20
1.19775e-21
-4.67918e-22
-8.21057e-21
2.06969e-21
-1.74396e-20
1.26821e-20
-1.46992e-22
6.3908e-22
1.29593e-20
-5.14641e-22
-4.06239e-20
2.29626e-20
7.28492e-23
0
-1.88161e-21
-2.22173e-21
-1.1813e-20
-9.23539e-21
-2.2131e-22
9.19071e-22
2.30439e-20
3.48539e-21
6.7989e-21
-4.00067e-21
0
-5.43144e-22
-2.87507e-21
-4.49523e-21
-4.7271e-21
2.78062e-20
0
-2.01756e-22
-3.49951e-21
3.82992e-22
-1.67863e-21
4.59046e-20
0
-5.2951e-23
8.48456e-22
-0
-1.27624e-20
-2.66555e-20
6.60641e-22
-7.08111e-23
3.7388e-21
-0
1.01568e-20
-2.90477e-20
3.99537e-22
1.89052e-24
2.17845e-21
1.01809e-21
-1.38615e-20
-2.9251e-20
1.24701e-21
5.2795e-23
4.74583e-21
-5.08347e-22
3.00589e-21
5.26821e-21
4.80917e-22
7.68352e-23
-7.99925e-22
1.46986e-21
-1.23623e-21
-1.50769e-21
8.46142e-23
1.16936e-22
-9.43924e-23
1.82147e-21
-2.10725e-21
4.0458e-21
3.47345e-23
-6.49801e-23
3.64957e-22
-2.44319e-21
2.94064e-23
-6.89299e-21
6.24167e-23
-8.01842e-23
-1.80438e-22
-2.79485e-21
1.0954e-21
4.40589e-21
0
-2.25636e-14
-2.16026e-06
-8.58114e-22
-6.95561e-14
-2.95242e-06
0
3.43933e-14
3.73945e-06
8.8301e-22
-1.12563e-13
1.02082e-06
-1.66877e-22
-1.99107e-22
1.26445e-20
-1.24547e-21
-3.84384e-21
2.09227e-21
-3.60832e-23
1.8724e-23
-1.37961e-20
-0
2.53224e-21
-3.44177e-22
0
-9.84865e-23
1.5077e-20
7.40585e-23
1.7513e-21
-3.99909e-21
1.58748e-22
-4.53783e-24
-8.88573e-21
1.20195e-23
9.77577e-22
-2.50468e-21
4.96019e-22
-3.51092e-23
6.35192e-21
-2.49432e-22
-1.29611e-21
-2.45214e-21
2.83935e-22
3.2401e-24
-1.56938e-21
-2.10884e-23
6.75649e-22
-4.5448e-21
7.90837e-23
0
1.82875e-21
1.11499e-22
-2.32341e-22
2.25725e-21
-2.1443e-22
1.42353e-14
4.10284e-06
1.59662e-22
-1.66822e-14
5.25204e-06
-4.3766e-23
3.05162e-15
1.14786e-06
-1.94188e-22
-3.23203e-15
1.47127e-06
-6.30083e-22
-4.39139e-17
7.76983e-08
1.22926e-22
3.22976e-18
1.09605e-07
-5.06748e-22
-3.1682e-18
4.84225e-08
1.77014e-23
1.34873e-19
7.56986e-08
-5.50212e-22
1.01216e-19
2.88293e-08
1.73994e-23
-9.96317e-22
5.05103e-08
-6.58755e-22
-2.78638e-20
1.61946e-08
1.67378e-23
6.53642e-23
3.20391e-08
-6.30331e-22
7.90363e-21
8.32161e-09
-6.31592e-23
3.56499e-23
1.86161e-08
-5.77547e-22
-2.21563e-21
3.59519e-09
1.16962e-22
3.81781e-23
9.03011e-09
-4.6655e-22
6.48616e-22
8.97431e-10
-2.65715e-23
-1.27089e-22
2.48822e-09
-3.41878e-22
-1.63387e-22
-5.12386e-10
0
1.0829e-22
-1.48285e-09
-1.9592e-22
5.37298e-23
-1.10967e-09
0
-1.07877e-22
-3.14682e-09
-8.39746e-23
-1.0547e-23
-1.19431e-09
-1.75193e-23
1.49126e-22
-2.6661e-09
2.14764e-23
7.54882e-24
-9.57688e-10
-2.88225e-23
-2.79394e-23
-2.11782e-10
6.15055e-23
-1.76537e-24
-5.31335e-10
-6.81946e-23
-9.23276e-23
3.91556e-09
9.27557e-23
5.99043e-24
-2.10938e-11
-5.06269e-23
-3.64974e-22
9.1549e-09
9.61638e-23
-8.29542e-24
4.72206e-10
-4.54095e-23
-1.74152e-22
1.45808e-08
7.43088e-23
2.53537e-23
8.49578e-10
-3.123e-23
-2.11934e-22
1.89311e-08
4.73786e-23
-1.09958e-20
1.03231e-09
-4.87286e-24
-6.51659e-21
2.08914e-08
1.16841e-23
-3.94478e-20
9.93706e-10
4.93113e-24
-2.34089e-20
1.96147e-08
-2.74077e-23
-3.17091e-20
7.77938e-10
-3.90043e-23
-1.89957e-20
1.51806e-08
-6.4982e-23
-5.91721e-21
4.82217e-10
3.14427e-23
-3.53755e-21
8.61804e-09
-9.15127e-23
1.37883e-23
2.09035e-10
-2.00206e-23
-1.23596e-22
1.41901e-09
-1.00203e-22
8.89162e-24
2.31499e-11
2.85053e-23
1.17937e-22
-5.10836e-09
-8.39907e-23
6.56732e-24
-6.01289e-11
-2.22051e-24
3.7427e-23
-1.0229e-08
-4.74411e-23
3.36869e-24
-5.92004e-11
2.64678e-24
-6.49094e-24
-1.3785e-08
-2.44175e-24
3.74016e-24
-3.77099e-12
-6.10611e-24
-8.82426e-24
-1.5976e-08
3.55505e-23
4.37833e-24
7.96755e-11
-6.04501e-24
-5.9151e-24
-1.71298e-08
5.717e-23
2.96565e-24
1.72784e-10
7.01657e-25
1.76738e-23
-1.75632e-08
6.29719e-23
1.92231e-24
2.64812e-10
-5.9593e-24
-7.77283e-24
-1.75282e-08
5.92499e-23
2.07242e-24
3.50433e-10
-8.53938e-25
1.02102e-23
-1.72068e-08
5.28903e-23
1.18001e-24
4.27621e-10
-4.25585e-25
-7.24299e-24
-1.67229e-08
4.7169e-23
8.64714e-25
4.96127e-10
-2.81385e-25
7.28184e-25
-1.61574e-08
4.2746e-23
5.60373e-25
5.56524e-10
-6.07996e-25
3.32643e-24
-1.55622e-08
3.86022e-23
-2.33866e-26
6.09684e-10
-1.88131e-25
-6.19652e-25
-1.49695e-08
3.37566e-23
3.10844e-25
6.56498e-10
1.0076e-25
4.03751e-25
-1.43986e-08
2.79546e-23
1.40593e-25
6.97768e-10
-0
-1.97218e-25
-1.38613e-08
2.16284e-23
2.96703e-26
7.34157e-10
-6.4331e-26
-3.42388e-25
-1.33638e-08
1.54463e-23
-1.94169e-25
7.6621e-10
-1.17655e-26
1.94954e-25
-1.29097e-08
1.00266e-23
-2.65379e-25
7.94346e-10
-1.90753e-27
-9.05521e-26
-1.25003e-08
5.61043e-24
1.2519e-25
8.18887e-10
-3.69708e-26
1.17612e-25
-1.21362e-08
2.20185e-24
4.05946e-25
8.40067e-10
1.42471e-26
-3.04753e-26
-1.1817e-08
-3.11835e-25
1.66926e-25
8.58129e-10
-1.487e-26
6.87638e-26
-1.15423e-08
-2.05885e-24
-2.37903e-25
8.73199e-10
-1.05731e-26
0
-1.13113e-08
-3.07959e-24
1.15561e-25
8.85396e-10
7.28812e-28
-5.90149e-27
-1.11235e-08
-3.39202e-24
-3.24426e-26
8.94809e-10
1.58127e-28
-5.34481e-27
-1.0978e-08
-2.98607e-24
5.29413e-26
9.01501e-10
-8.6542e-28
2.20027e-27
-1.08746e-08
-1.82129e-24
-1.46005e-26
9.05517e-10
1.46681e-28
8.51908e-28
-1.08127e-08
0
0
4.53434e-10
0
0
-5.39609e-09
-5.64189e-22
-2.56141e-22
-1.03132e-20
2.63215e-21
-1.88358e-20
-5.95876e-20
0
0
-2.17846e-20
0
0
-6.75163e-20
0
1.92047e-22
-8.92741e-21
-4.10728e-21
2.79396e-20
-1.52205e-19
-3.64075e-21
-3.83037e-22
-4.09748e-21
1.11021e-20
4.90685e-20
-3.23164e-21
-1.9989e-21
1.18394e-21
3.48512e-21
-3.62377e-21
4.54303e-20
5.84151e-20
-4.20143e-22
1.03891e-21
-5.31482e-21
-5.0006e-21
4.28256e-20
5.97438e-20
-6.85351e-22
5.73633e-21
3.32642e-20
2.22959e-21
-2.22652e-20
2.52331e-20
7.98418e-23
5.13236e-21
2.17033e-20
-7.62435e-21
3.75136e-20
1.44704e-20
1.13756e-21
1.38218e-21
7.5385e-22
-6.92619e-21
-2.76128e-21
7.12154e-20
2.90328e-21
-5.00651e-22
-4.62991e-21
-3.33652e-21
-7.14477e-20
-2.09103e-20
4.99147e-21
-8.66434e-22
-6.76061e-21
2.12698e-21
1.17644e-20
-6.88428e-20
4.49603e-21
-3.05276e-22
-2.00125e-21
-2.49145e-21
6.85923e-20
-1.79962e-20
4.16468e-21
-2.01806e-22
3.00233e-21
2.05381e-21
4.24473e-21
-2.15669e-20
3.89339e-21
-2.16384e-24
4.85917e-21
-2.14617e-21
1.01447e-20
2.66816e-20
3.02917e-21
-6.84301e-23
1.50013e-21
-3.58412e-21
6.3007e-21
-5.83318e-21
2.78617e-21
-3.59143e-22
1.8422e-23
-0
6.51697e-21
-6.02379e-21
2.11712e-21
-3.91992e-22
2.12405e-22
-0
2.6428e-21
-1.85483e-21
1.53091e-21
-4.34465e-22
-1.70747e-22
5.79297e-22
-3.06127e-22
-1.28253e-21
6.78994e-22
-3.52199e-22
0
-4.50344e-21
2.31887e-21
-0
1.33215e-22
-1.8463e-22
4.01965e-22
-3.30491e-21
-4.68775e-21
2.24906e-22
-2.83012e-22
-5.87505e-22
-4.91412e-21
3.54318e-21
4.64955e-21
1.48434e-21
-3.79493e-22
-3.03131e-22
-1.95484e-21
2.08187e-21
-2.47652e-23
0
2.86421e-22
-3.5398e-22
-1.21909e-21
-1.44461e-21
-2.897e-21
-1.29665e-21
-2.86828e-22
-4.30972e-22
-2.50907e-22
4.2162e-22
6.45523e-22
2.13051e-21
-8.11485e-22
-4.34832e-22
1.5885e-21
2.6971e-23
-1.621e-21
0
-4.36263e-22
-4.05666e-22
1.42126e-21
7.12043e-23
-1.07841e-22
2.26506e-21
-4.79293e-22
-2.85883e-22
0
8.57822e-24
5.74789e-23
3.15666e-21
-4.00102e-22
-1.76267e-22
4.05011e-21
-7.23914e-22
-4.37766e-22
-6.82549e-23
1.61041e-22
-4.16623e-23
-5.57297e-22
6.55829e-22
-5.73112e-22
1.53449e-21
-7.79675e-22
1.77241e-14
3.94731e-06
6.92635e-23
-1.68921e-14
5.0911e-06
-5.57498e-22
3.49518e-15
9.34013e-07
4.82541e-23
-2.5997e-15
1.18516e-06
-1.0407e-21
4.96439e-17
6.91901e-08
-9.77109e-23
-2.20879e-18
8.04659e-08
-1.29055e-21
-9.19165e-18
4.03353e-08
0
2.02351e-19
4.61728e-08
-1.23872e-21
2.51305e-18
2.20865e-08
9.31886e-23
-1.13929e-20
2.25214e-08
-8.14427e-22
-7.02858e-19
1.09116e-08
-1.32453e-22
-5.82225e-21
6.58884e-09
-8.19706e-23
1.98981e-19
4.32915e-09
1.23224e-22
3.36204e-21
-3.64579e-09
8.46917e-22
-5.63112e-20
6.65437e-10
-1.12564e-22
-1.31413e-21
-9.46632e-09
1.75168e-21
1.59873e-20
-1.16439e-09
2.69019e-22
6.72109e-22
-1.16213e-08
2.42591e-21
-4.44308e-21
-1.84489e-09
3.5415e-22
-3.52662e-22
-1.05127e-08
2.67329e-21
1.22816e-21
-1.80107e-09
5.05661e-23
3.32695e-22
-6.3627e-09
2.57049e-21
-3.80379e-22
-1.29999e-09
8.41339e-23
-6.25752e-22
6.26927e-10
2.15092e-21
5.6343e-23
-5.23064e-10
-6.73938e-23
-1.38839e-22
1.00979e-08
1.63881e-21
-6.84052e-23
3.81486e-10
-2.5609e-23
9.07661e-22
2.13163e-08
1.15799e-21
3.68467e-23
1.26171e-09
7.17621e-23
4.29235e-22
3.29158e-08
7.46332e-22
-1.34991e-22
1.94709e-09
8.64991e-23
4.41545e-22
4.2744e-08
3.99046e-22
5.93057e-20
2.27638e-09
4.32467e-23
3.74533e-20
4.82008e-08
1.05086e-22
2.12003e-19
2.17234e-09
1.15965e-23
1.37939e-19
4.7315e-08
-1.73486e-22
1.69851e-19
1.70824e-09
-3.72074e-23
1.11735e-19
4.00155e-08
-4.34134e-22
3.16611e-20
1.08428e-09
3.892e-23
2.04697e-20
2.84136e-08
-6.51164e-22
2.36641e-23
5.14658e-10
-2.14172e-23
-1.8818e-22
1.56642e-08
-7.69565e-22
5.96831e-23
1.23637e-10
-1.50086e-23
5.83847e-23
4.37187e-09
-7.23238e-22
4.38977e-23
-7.28294e-11
7.28713e-24
1.35778e-22
-4.23119e-09
-5.05016e-22
3.55952e-23
-1.20613e-10
-1.32462e-23
9.24444e-24
-1.00905e-08
-1.91664e-22
3.3838e-23
-7.75415e-11
1.40705e-24
-3.09903e-23
-1.3727e-08
9.14304e-23
2.62822e-23
1.07962e-11
6.59766e-24
0
-1.5767e-08
2.57699e-22
1.96294e-23
1.1525e-10
-1.5058e-24
2.71333e-23
-1.67384e-08
3.06109e-22
1.4351e-23
2.19686e-10
4.58826e-24
-1.42522e-23
-1.7029e-08
2.89805e-22
1.02903e-23
3.16441e-10
1.15495e-24
1.16627e-24
-1.69044e-08
2.58326e-22
7.22579e-24
4.02725e-10
-0
-6.09582e-24
-1.65395e-08
2.35143e-22
4.93168e-24
4.78265e-10
1.24418e-24
4.9717e-24
-1.60461e-08
2.2119e-22
2.81311e-24
5.43911e-10
9.47514e-25
3.24102e-25
-1.54945e-08
2.07167e-22
1.28059e-24
6.00888e-10
9.3468e-25
6.33467e-25
-1.49282e-08
1.85291e-22
2.37115e-24
6.50427e-10
-6.89452e-25
1.65019e-24
-1.43734e-08
1.54028e-22
4.76393e-26
6.93611e-10
-2.47997e-25
1.79064e-25
-1.38458e-08
1.17502e-22
-3.57804e-26
7.31333e-10
1.43423e-25
-1.16549e-25
-1.33543e-08
8.15889e-23
1.01745e-24
7.64299e-10
8.61731e-26
1.13744e-25
-1.29038e-08
5.06302e-23
8.43178e-25
7.93054e-10
1.36328e-25
1.23253e-25
-1.24967e-08
2.63344e-23
2.10234e-25
8.18018e-10
-2.03387e-26
-8.00252e-26
-1.21339e-08
8.50795e-24
-3.48796e-25
8.39506e-10
1.22537e-26
-1.03642e-26
-1.18156e-08
-3.9884e-24
6.24747e-26
8.57759e-10
-3.50987e-27
-5.34182e-26
-1.15414e-08
-1.39923e-23
-3.28467e-25
8.72956e-10
2.19857e-27
-1.06492e-26
-1.13107e-08
-1.97116e-23
1.50255e-25
8.85242e-10
9.04068e-27
1.73241e-26
-1.11231e-08
-2.11954e-23
4.84176e-26
8.9472e-10
-2.18031e-27
-4.60809e-27
-1.09778e-08
-1.83052e-23
-6.87491e-26
9.01452e-10
-0
-2.86502e-27
-1.08744e-08
-1.06177e-23
8.63674e-27
9.05494e-10
2.02159e-28
1.87716e-27
-1.08126e-08
0
0
4.5343e-10
0
0
-5.39607e-09
-2.81208e-21
-1.35485e-21
-4.53945e-20
2.55512e-21
-4.8889e-21
1.13033e-19
0
0
-4.88057e-20
0
0
-1.19246e-20
-4.94541e-21
-2.32559e-21
-1.41974e-20
0
2.76234e-20
2.1728e-19
-3.13989e-21
0
-9.6696e-21
4.32503e-21
-2.73679e-20
2.12739e-20
0
4.7709e-21
7.10142e-22
-6.73957e-21
-2.12237e-19
-1.11642e-19
-2.65325e-21
2.53839e-21
5.52979e-21
-4.39881e-21
3.85778e-20
-1.3905e-20
1.34553e-22
2.52216e-20
5.18234e-20
4.22246e-21
-6.23314e-20
-3.94415e-20
-5.24507e-22
1.2433e-20
3.02604e-20
-5.15916e-21
1.9223e-20
-4.01865e-20
3.97938e-21
4.66063e-21
1.06853e-20
1.03598e-20
8.27216e-20
-4.25868e-21
3.60059e-21
-1.03548e-21
-1.32041e-20
-0
1.49612e-19
-9.74591e-20
4.57859e-21
-8.29074e-22
-1.61013e-20
6.63505e-21
7.16801e-21
-1.60627e-20
1.17934e-20
-1.44672e-21
-8.99318e-21
-7.75241e-21
-8.71691e-20
6.1312e-20
1.94357e-20
-5.85576e-22
-2.0582e-22
-1.70428e-21
-8.28141e-20
-3.91894e-20
8.10114e-21
2.08746e-23
1.05013e-21
-4.45694e-21
-2.28924e-20
4.81763e-20
8.10301e-21
1.75178e-22
1.06453e-21
8.94149e-22
6.76708e-21
3.11824e-20
6.38983e-21
2.09638e-22
3.32071e-23
8.64156e-22
8.47557e-21
8.40865e-21
7.21899e-21
-6.29355e-22
-1.47071e-21
-4.83837e-21
-1.73152e-21
-0
6.7026e-21
-4.95438e-22
-3.79397e-22
5.81111e-21
2.09756e-22
-0
4.42313e-21
-1.60786e-21
2.04027e-22
-0
6.84346e-21
-0
2.13182e-21
-1.00992e-21
-1.64866e-21
2.09084e-21
-4.16375e-21
-4.80517e-22
2.65266e-22
-1.74097e-21
-4.92033e-21
-2.46193e-21
-4.67224e-21
0
-1.33516e-21
-1.38406e-21
-7.96711e-21
6.55276e-21
-2.29936e-21
-7.62167e-22
-2.89759e-21
-1.46701e-21
-6.77178e-21
2.84936e-21
4.97209e-21
1.61431e-21
-3.77968e-21
-1.79303e-21
6.20147e-22
-1.17891e-21
5.81086e-21
-1.92887e-21
-4.05563e-21
-2.18183e-21
4.81603e-21
-1.11557e-23
2.44661e-22
6.96891e-22
-4.12802e-21
-1.92338e-21
2.32639e-21
-9.257e-23
-1.57395e-21
2.29433e-21
-1.99584e-21
-1.62908e-21
9.23963e-21
-6.48255e-23
-6.16836e-22
-3.26798e-21
-2.04279e-21
-1.01684e-21
2.69738e-21
1.74423e-22
4.74325e-22
2.34854e-22
5.03597e-22
-4.83401e-22
8.2599e-21
-2.05925e-22
9.70289e-22
1.94348e-21
2.53554e-21
-7.05132e-23
-8.25496e-22
-5.0822e-22
2.86616e-22
-6.91376e-21
3.97676e-21
1.22053e-14
2.36657e-06
4.13812e-22
-8.72572e-15
3.06273e-06
5.57713e-21
-2.1056e-16
8.8e-08
-1.19937e-22
9.49549e-18
8.53062e-08
6.93456e-21
3.72795e-17
5.02784e-08
5.93373e-23
-8.11173e-19
4.19382e-08
8.99318e-21
-1.02021e-17
2.68805e-08
5.74773e-23
3.64305e-20
1.34241e-08
1.17433e-20
2.86007e-18
1.28342e-08
-1.63875e-22
2.72945e-20
-4.68695e-09
1.53029e-20
-8.09803e-19
4.71707e-09
-1.52973e-22
-1.50789e-20
-1.53278e-08
1.911e-20
2.30279e-19
3.09367e-10
-2.80566e-22
5.70213e-21
-2.02905e-08
2.22221e-20
-6.50551e-20
-1.79587e-09
-2.10496e-22
-1.82315e-21
-2.05818e-08
2.35597e-20
1.82242e-20
-2.46708e-09
-5.94399e-22
7.9327e-22
-1.67043e-08
2.22827e-20
-5.24354e-21
-2.23225e-09
1.28167e-22
-3.3768e-22
-8.87811e-09
1.86133e-20
1.18224e-21
-1.41429e-09
1.61332e-22
2.73723e-22
2.76793e-09
1.36108e-20
-6.23814e-22
-2.25051e-10
-3.48702e-22
8.58673e-22
1.79928e-08
8.82936e-21
-1.73941e-23
1.16554e-09
3.70709e-22
-1.0858e-21
3.61656e-08
5.1215e-21
-3.49735e-22
2.57172e-09
0
8.85689e-22
5.5815e-08
2.74579e-21
6.62599e-22
3.74183e-09
6.19812e-23
-3.89601e-22
7.3941e-08
1.27051e-21
-2.80609e-19
4.35834e-09
-7.45827e-24
-2.02511e-19
8.57078e-08
3.15979e-22
-9.99079e-19
4.18549e-09
-1.37129e-24
-7.50935e-19
8.62718e-08
-4.23821e-22
-7.97083e-19
3.29472e-09
4.49923e-24
-6.04659e-19
7.44036e-08
-1.08771e-21
-1.47732e-19
2.08797e-09
-5.03745e-23
-1.08248e-19
5.4246e-08
-1.69092e-21
3.38021e-22
1.01787e-09
-1.18657e-23
1.84781e-22
3.25758e-08
-2.14445e-21
9.0529e-23
3.11721e-10
2.92126e-23
-6.95518e-22
1.44421e-08
-2.24114e-21
1.13957e-22
-4.20102e-11
-5.60041e-23
6.95997e-23
1.50823e-09
-1.79552e-21
8.77914e-23
-1.53981e-10
-0
3.47261e-23
-6.85094e-09
-9.43989e-22
7.52722e-23
-1.29546e-10
4.29617e-23
-3.81775e-23
-1.18909e-08
-1.15124e-22
5.69811e-23
-4.02658e-11
-2.42547e-23
-6.01397e-23
-1.47175e-08
3.61115e-22
4.46119e-23
7.21125e-11
-0
-1.96758e-23
-1.61331e-08
4.87742e-22
3.26835e-23
1.8584e-10
-1.09428e-23
1.28492e-23
-1.66771e-08
4.51534e-22
2.34941e-23
2.91017e-10
5.98862e-24
2.51411e-23
-1.66984e-08
3.93788e-22
1.64769e-23
3.84167e-10
-3.2338e-24
-4.55097e-24
-1.64183e-08
3.68414e-22
1.11163e-23
4.64992e-10
-3.68421e-24
-1.77846e-24
-1.59744e-08
3.69909e-22
7.1475e-24
5.34561e-10
-1.1422e-25
6.94769e-24
-1.5452e-08
3.67868e-22
4.96447e-24
5.94381e-10
-6.77221e-25
-1.50756e-24
-1.49028e-08
3.3834e-22
2.27199e-24
6.45942e-10
6.67047e-25
-2.45311e-24
-1.43582e-08
2.79785e-22
1.13492e-24
6.90545e-10
5.46e-26
1.06433e-25
-1.38367e-08
2.05561e-22
8.47246e-26
7.29252e-10
-2.67473e-26
-1.73141e-25
-1.33487e-08
1.32686e-22
-1.20842e-24
7.62895e-10
7.84164e-26
-4.95551e-25
-1.29004e-08
7.27623e-23
-5.79778e-25
7.92113e-10
1.27341e-26
-1.4642e-26
-1.24946e-08
2.95775e-23
-8.77124e-25
8.17391e-10
-4.94315e-26
-1.33059e-25
-1.21326e-08
1.76673e-24
5.54834e-26
8.39092e-10
2.98041e-26
-3.69122e-26
-1.18147e-08
-1.5786e-23
-4.23234e-25
8.5749e-10
-1.42402e-26
-3.16852e-26
-1.15408e-08
-3.55652e-23
5.9958e-26
8.72788e-10
-8.03646e-27
-3.28034e-26
-1.13104e-08
-4.62878e-23
-2.6548e-25
8.85138e-10
-8.57981e-27
1.57516e-27
-1.11228e-08
-4.80089e-23
-1.10586e-25
8.94653e-10
-4.26522e-27
1.65089e-26
-1.09776e-08
-4.03269e-23
-2.05958e-25
9.01418e-10
-1.67236e-27
2.06069e-27
-1.08743e-08
-2.24857e-23
-1.61627e-26
9.05478e-10
4.98269e-28
-1.30079e-27
-1.08126e-08
0
0
4.53426e-10
0
0
-5.39605e-09
-4.10375e-21
-3.41623e-21
-5.6476e-20
0
-0
-4.91994e-20
0
0
-7.57988e-20
0
0
-3.55155e-20
-5.56169e-21
-4.49278e-21
-4.28949e-20
0
-7.20456e-20
-8.00844e-20
-6.6026e-21
-3.54122e-21
-2.90071e-20
5.36029e-21
9.4604e-20
3.11918e-21
-3.07669e-21
7.49414e-22
-3.20317e-20
-6.02483e-21
-2.8352e-19
2.38554e-20
6.18077e-23
9.68769e-21
-2.7344e-21
-2.54844e-20
9.49279e-20
4.984e-21
3.51933e-20
5.17761e-20
2.66084e-20
-2.26465e-19
2.35367e-19
-5.21849e-21
3.42766e-20
1.89669e-20
-9.68429e-21
-4.50205e-21
1.60779e-20
-5.15991e-20
2.03828e-20
1.27214e-21
-8.69078e-21
-1.8148e-20
-6.53958e-20
7.15082e-20
1.92142e-21
-1.69576e-21
-6.53203e-21
-1.2518e-20
-1.69769e-19
1.43874e-19
6.95646e-21
-1.68287e-21
-5.60505e-21
6.25197e-21
-1.11908e-19
1.35665e-19
1.05047e-20
-1.74987e-21
-6.42319e-21
-1.81389e-21
7.21222e-20
-3.6564e-20
9.53919e-21
-2.68929e-22
-1.43411e-21
-3.97321e-21
1.13284e-19
-1.02761e-20
2.18014e-21
-2.48034e-23
3.7428e-22
-4.14772e-21
6.22217e-20
-4.67609e-20
1.07287e-20
3.85671e-22
9.73701e-22
-4.15567e-21
-4.68689e-20
-1.98624e-20
9.75453e-21
-3.58785e-22
3.69311e-23
1.00353e-21
1.52941e-20
-4.10325e-20
1.38447e-20
1.99005e-22
-8.4126e-22
-0
1.73446e-21
4.63101e-21
1.5988e-20
-3.73336e-23
-2.34439e-21
1.01321e-20
2.65501e-21
3.00361e-21
1.42357e-20
-1.19402e-23
-4.63839e-21
7.33295e-21
-2.04396e-21
-0
9.92019e-21
-3.19396e-22
-5.32823e-21
3.65865e-21
8.56248e-22
-0
4.61258e-21
-8.05234e-22
-5.93722e-21
-5.75946e-21
2.84897e-21
1.51475e-21
3.02885e-22
-1.8301e-21
-6.64534e-21
1.39893e-21
-5.17505e-21
2.91539e-21
-4.16445e-21
-3.88225e-21
-7.21674e-21
5.38966e-21
5.31217e-21
6.58913e-22
-7.54339e-21
-4.58872e-21
-8.1124e-22
-1.96605e-21
-6.97048e-21
0
-1.07915e-20
-5.64603e-21
1.09899e-21
1.05572e-22
1.018e-21
-4.099e-21
-1.18245e-20
-5.76661e-21
1.75536e-20
5.39688e-22
1.38078e-22
-1.63713e-21
-9.18707e-21
-4.21675e-21
1.06272e-20
-2.21269e-22
1.78983e-21
-9.71816e-23
-5.58542e-21
-2.85757e-21
1.47078e-20
-9.99341e-23
-2.09259e-22
2.65815e-21
1.46486e-21
-1.46992e-21
7.60763e-21
2.36759e-22
-1.00017e-21
-3.11743e-22
7.44823e-21
-4.49896e-22
8.02808e-21
-2.60048e-22
-1.39704e-21
1.84906e-21
1.53973e-20
3.34034e-14
5.28738e-06
4.08231e-22
-2.32147e-14
7.00279e-06
2.15225e-20
4.92537e-15
9.05031e-07
-6.89845e-23
-2.3074e-15
1.14105e-06
2.67401e-20
7.39745e-17
5.88703e-08
6.82641e-23
-1.49648e-18
3.86513e-08
3.23864e-20
-2.02434e-17
3.08053e-08
-5.29399e-22
5.40068e-20
5.61322e-09
3.99028e-20
5.68264e-18
1.42843e-08
3.77853e-22
5.58115e-20
-1.44006e-08
4.91184e-20
-1.61216e-18
4.91457e-09
1.76687e-22
-3.00151e-20
-2.53136e-08
5.94142e-20
4.59048e-19
-5.75705e-11
8.12104e-22
1.11857e-20
-2.94345e-08
6.85079e-20
-1.30089e-19
-2.33439e-09
-4.889e-22
-3.86209e-21
-2.80108e-08
7.33112e-20
3.63301e-20
-2.94323e-09
-1.73223e-22
1.974e-21
-2.16142e-08
6.99334e-20
-1.07107e-20
-2.49373e-09
1.1259e-22
-5.79025e-23
-1.04101e-08
5.76867e-20
2.21174e-21
-1.34516e-09
3.16902e-22
-2.31429e-22
5.64444e-09
4.02152e-20
-1.26978e-21
2.8249e-10
-5.18029e-22
-3.74482e-23
2.66234e-08
2.37215e-20
-5.37208e-22
2.22968e-09
8.10746e-23
-4.6398e-22
5.24025e-08
1.20845e-20
4.65413e-22
4.3278e-09
-1.19102e-22
-1.36843e-21
8.22127e-08
5.58929e-21
-3.12729e-21
6.30415e-09
-1.18153e-22
1.56039e-22
1.13445e-07
2.30716e-21
1.21093e-18
7.62781e-09
-2.08846e-23
1.05391e-18
1.38784e-07
5.43489e-22
4.27209e-18
7.56884e-09
-1.29001e-23
4.0292e-18
1.45454e-07
-6.41607e-22
3.39427e-18
5.97113e-09
-2.93698e-23
3.22801e-18
1.26442e-07
-1.66356e-21
6.31094e-19
3.67518e-09
-7.92054e-23
5.58974e-19
9.0097e-08
-2.6514e-21
-6.16578e-22
1.73747e-09
9.90855e-23
9.63349e-23
5.27333e-08
-3.62628e-21
3.43514e-22
5.71133e-10
1.03937e-23
-2.37943e-22
2.4748e-08
-4.41702e-21
9.94664e-23
2.07116e-11
6.05866e-24
-1.75736e-22
6.7276e-09
-4.10469e-21
1.25223e-22
-1.64952e-10
-5.39184e-23
3.22267e-22
-4.16416e-09
-2.49571e-21
9.32486e-23
-1.62484e-10
3.63252e-23
-6.97261e-23
-1.04798e-08
-7.08083e-22
7.63758e-23
-7.50291e-11
9.57157e-24
4.52657e-23
-1.39615e-08
2.36706e-22
6.27524e-23
4.2328e-11
-1.38899e-23
-4.40953e-23
-1.57208e-08
4.32535e-22
4.49323e-23
1.62472e-10
-2.03068e-24
-1.07427e-23
-1.64489e-08
3.62056e-22
3.44905e-23
2.73531e-10
1.02877e-24
2.09443e-23
-1.65706e-08
2.85214e-22
2.314e-23
3.71459e-10
-0
-2.16828e-23
-1.6346e-08
2.87137e-22
1.51798e-23
4.55938e-10
-0
-1.01638e-23
-1.59333e-08
3.46047e-22
8.03602e-24
5.28205e-10
-1.02661e-24
7.67585e-24
-1.54284e-08
3.8957e-22
5.80414e-24
5.89968e-10
7.61971e-25
-1.52553e-24
-1.48892e-08
3.75893e-22
-3.35307e-25
6.42906e-10
-0
-6.31515e-25
-1.43503e-08
3.07706e-22
1.36519e-24
6.88473e-10
2.46294e-25
-2.05419e-24
-1.3832e-08
2.11466e-22
-4.01096e-25
7.27847e-10
-2.41526e-25
1.37448e-24
-1.33459e-08
1.17873e-22
-7.35909e-25
7.61949e-10
1.77163e-25
-9.93208e-26
-1.28987e-08
4.59402e-23
-1.47213e-24
7.9148e-10
1.43951e-26
-3.55017e-25
-1.24935e-08
7.24442e-25
-1.27188e-24
8.16969e-10
-4.19384e-26
3.9794e-25
-1.21318e-08
-2.12548e-23
5.62974e-26
8.38814e-10
-6.74796e-27
2.23603e-25
-1.18142e-08
-3.2097e-23
-1.52029e-24
8.57309e-10
3.22696e-27
-1.52573e-26
-1.15405e-08
-5.71036e-23
-2.93775e-25
8.72672e-10
6.07752e-27
2.91256e-26
-1.13101e-08
-6.96359e-23
-1.15887e-26
8.85066e-10
-1.39268e-27
2.53772e-26
-1.11226e-08
-6.97735e-23
-1.92234e-25
8.94611e-10
2.42913e-27
9.27867e-27
-1.09775e-08
-5.7034e-23
6.58408e-27
9.01392e-10
3.34624e-27
-1.00717e-26
-1.08742e-08
-3.08789e-23
5.49941e-26
9.0547e-10
-5.73161e-28
2.7974e-27
-1.08125e-08
0
0
4.53422e-10
0
0
-5.396e-09
-2.77136e-21
-4.2925e-21
-4.83772e-20
4.23392e-22
5.21232e-21
-3.88616e-20
0
0
-7.71976e-20
0
0
3.29216e-20
-1.9094e-21
-6.84356e-21
-3.29074e-20
-2.50156e-21
4.84129e-20
-2.51408e-20
-1.7655e-22
-1.05893e-20
-3.05757e-20
4.50755e-21
1.01125e-19
-4.75828e-20
-5.95805e-22
-1.26025e-20
-1.87003e-20
-2.90413e-21
4.23185e-20
3.61098e-20
-1.02293e-20
-1.01123e-20
-1.99288e-20
-1.136e-19
-3.7041e-19
-2.59816e-20
1.18716e-19
1.77318e-20
-2.71565e-20
-8.74091e-20
2.34758e-20
4.19082e-21
1.01795e-19
5.06798e-21
-2.34765e-20
-1.14747e-20
-1.15415e-20
9.51758e-20
3.07375e-20
3.82883e-21
-1.12211e-20
-1.29524e-20
5.57784e-20
-1.17677e-19
-1.19062e-20
2.15727e-21
8.14196e-21
-1.72971e-20
2.01198e-19
-4.75775e-20
8.29726e-21
1.48884e-21
6.83594e-21
-1.76873e-21
-1.1334e-20
-6.77435e-20
3.97197e-20
2.6246e-22
2.15504e-21
-4.06385e-21
-1.42422e-19
-6.00831e-20
7.76952e-20
-1.22542e-22
-3.21742e-22
-2.2112e-21
-3.10409e-20
5.84166e-20
1.48681e-20
1.32077e-22
-1.27989e-22
2.29838e-21
3.17245e-20
5.24457e-21
-1.62665e-21
-9.95254e-23
-5.53618e-22
-5.73962e-21
-4.51851e-20
2.63291e-20
5.40561e-21
-2.27266e-22
6.56974e-22
8.85205e-21
8.20473e-21
-1.03006e-20
1.72764e-20
2.25329e-21
-8.55963e-23
-6.18733e-21
2.20823e-21
1.23715e-20
2.15545e-20
3.27543e-22
-1.75787e-21
-0
8.19396e-22
1.55981e-21
2.23867e-20
2.09848e-21
-3.68172e-21
4.83644e-21
-1.21959e-20
-0
1.84572e-20
3.40856e-21
-4.49175e-21
-6.69698e-21
7.38749e-22
0
1.47633e-20
-9.04283e-23
-4.70977e-21
1.47363e-20
8.41679e-21
-1.35016e-21
6.91746e-21
-1.84085e-21
-7.03391e-21
-6.11713e-21
-1.07181e-21
-5.97654e-21
-1.12239e-21
-4.94725e-21
-7.35302e-21
-1.07313e-20
-1.23954e-20
3.94312e-21
-9.9738e-21
-8.9698e-21
-3.71504e-21
-1.63008e-21
-3.23886e-21
-4.52859e-21
-1.78338e-20
-1.09819e-20
-2.8829e-22
-6.56626e-23
1.40726e-21
7.6095e-21
-2.04896e-20
-1.09146e-20
1.06558e-20
-6.7693e-22
3.89732e-21
6.14235e-22
-1.9854e-20
-7.7991e-21
1.05329e-20
-3.31691e-22
3.39794e-22
-3.50643e-21
-1.21867e-20
-5.18902e-21
2.10778e-20
2.22978e-22
-4.38811e-22
-7.89672e-22
1.38768e-21
-2.8401e-21
1.76018e-20
-1.31516e-22
-9.1371e-22
-4.81488e-21
1.55651e-20
-1.16267e-21
2.0246e-20
0
2.20306e-21
-2.60311e-21
3.03549e-20
-1.64771e-22
5.99313e-21
-1.50371e-22
-0
5.69699e-21
4.21201e-20
1.39112e-14
2.01703e-06
3.79892e-22
-6.1161e-15
2.63993e-06
5.11917e-20
-1.68288e-16
6.62971e-08
-7.50201e-23
3.46858e-18
3.73159e-08
6.00042e-20
4.59165e-17
3.41266e-08
-2.17936e-22
-1.1401e-19
1.29959e-10
7.16075e-20
-1.28749e-17
1.54864e-08
1.38222e-22
-1.32839e-19
-2.16034e-08
8.77586e-20
3.65578e-18
5.09477e-09
-1.29308e-22
6.98683e-20
-3.28128e-08
1.08459e-19
-1.04007e-18
-3.18996e-10
1.78455e-22
-2.63585e-20
-3.63146e-08
1.3081e-19
2.94724e-19
-2.71733e-09
-5.37937e-23
8.38889e-21
-3.35819e-08
1.4885e-19
-8.29899e-20
-3.26331e-09
5.25219e-22
-3.19092e-21
-2.52437e-08
1.52893e-19
1.95918e-20
-2.63069e-09
8.29903e-23
-7.15441e-22
-1.13959e-08
1.30554e-19
3.0995e-21
-1.20118e-09
0
3.02465e-21
8.21067e-09
8.79657e-20
-3.69721e-20
8.1284e-10
4.62361e-22
-1.78494e-20
3.40635e-08
4.60777e-20
1.33121e-19
3.28989e-09
2.27841e-22
7.17505e-20
6.68328e-08
1.95207e-20
-4.67027e-19
6.14311e-09
2.03202e-22
-3.02745e-19
1.07311e-07
7.55076e-21
1.56224e-18
9.25448e-09
9.15207e-23
1.30403e-18
1.56077e-07
2.74697e-21
-2.02623e-16
1.58854e-08
-2.55574e-22
-2.255e-15
2.74874e-07
6.09272e-22
-3.51047e-16
2.06658e-08
0
-4.7484e-15
3.79306e-07
-6.82018e-22
-2.77729e-16
1.73342e-08
-9.32183e-23
-3.80297e-15
3.53386e-07
-1.77585e-21
-1.01697e-16
8.56584e-09
-8.82676e-23
-1.15835e-15
2.04555e-07
-2.90902e-21
5.43876e-19
2.56419e-09
-5.02059e-23
4.54528e-19
7.36902e-08
-4.21469e-21
-1.17455e-19
8.39628e-10
9.64695e-23
-7.63425e-20
3.38002e-08
-5.88864e-21
2.47383e-20
9.04459e-11
-5.04994e-23
1.2869e-20
1.08662e-08
-8.21187e-21
-4.93073e-21
-1.63398e-10
4.24225e-23
-2.18486e-21
-2.1941e-09
-5.70571e-21
1.0956e-21
-1.8094e-10
1.14894e-23
3.16329e-22
-9.50982e-09
-1.4171e-21
-1.20223e-22
-9.6247e-11
-2.02606e-23
-2.12694e-23
-1.34705e-08
3.53694e-23
1.02534e-22
2.38926e-11
2.3172e-23
9.70998e-23
-1.54664e-08
2.04534e-22
4.36428e-23
1.4802e-10
1.51285e-23
-4.50569e-23
-1.63146e-08
6.25134e-23
3.5649e-23
2.62764e-10
-1.20689e-23
-1.02813e-23
-1.64986e-08
-2.74162e-23
2.59521e-23
3.63673e-10
4.4194e-24
2.93495e-24
-1.63069e-08
2.82205e-23
1.60561e-23
4.50415e-10
1.65787e-24
8.6624e-24
-1.59118e-08
1.73355e-22
8.63475e-24
5.24342e-10
-1.09973e-24
5.62813e-24
-1.54164e-08
2.83414e-22
5.08506e-24
5.87294e-10
-8.17097e-25
-8.12159e-24
-1.48825e-08
3.04867e-22
2.93879e-24
6.41071e-10
5.3769e-25
5.70907e-24
-1.43464e-08
2.48114e-22
-3.74722e-25
6.87223e-10
-5.29098e-25
1.26859e-24
-1.38297e-08
1.51863e-22
3.3847e-26
7.27002e-10
-2.59597e-25
3.62225e-25
-1.33445e-08
5.83888e-23
-2.41153e-25
7.6138e-10
3.17547e-25
7.98193e-25
-1.28977e-08
-8.00442e-24
-1.87046e-24
7.911e-10
-6.19567e-26
-8.50266e-26
-1.24928e-08
-4.14756e-23
-3.24113e-25
8.16718e-10
1.05349e-25
-2.59282e-25
-1.21314e-08
-4.77798e-23
-5.08263e-26
8.38649e-10
7.26874e-27
-1.19539e-25
-1.18139e-08
-4.61367e-23
-1.38386e-24
8.57201e-10
6.95681e-27
1.0325e-25
-1.15402e-08
-7.17958e-23
-3.30275e-25
8.72604e-10
-9.8357e-27
3.84714e-26
-1.13098e-08
-8.34043e-23
-5.25052e-25
8.85024e-10
-1.50457e-26
-1.36064e-26
-1.11224e-08
-8.11817e-23
-3.56661e-25
8.94587e-10
7.88846e-27
-4.31825e-27
-1.09773e-08
-6.48488e-23
-1.75069e-25
9.01378e-10
-0
-2.33338e-27
-1.0874e-08
-3.43638e-23
-9.5174e-26
9.05459e-10
-6.25069e-28
1.93116e-27
-1.08123e-08
0
0
4.53419e-10
0
0
-5.39593e-09
3.5598e-23
-1.43415e-21
-3.77669e-21
2.5202e-22
-0
-2.40869e-20
0
0
-1.5501e-20
0
0
-5.93281e-21
3.67735e-22
-4.90703e-22
1.76451e-21
-6.21617e-22
-5.32882e-20
-4.45023e-21
-5.06525e-21
-7.08817e-22
5.55379e-21
7.12079e-22
-1.05197e-20
2.99964e-20
-3.012e-20
-3.66331e-21
5.1433e-21
-6.74163e-22
-2.50791e-20
-1.71183e-21
-3.17523e-20
-8.38055e-21
-6.85796e-21
-6.70322e-21
-2.40777e-20
-2.50933e-22
6.76978e-20
1.49647e-21
-2.62998e-20
3.08151e-20
-1.66842e-20
-6.51471e-20
7.32999e-20
-4.55221e-22
-2.01171e-20
7.04962e-21
-3.11711e-20
-1.0712e-19
2.12478e-20
2.84939e-21
-4.64078e-21
1.99113e-20
-1.96899e-19
1.16012e-19
-1.39551e-20
1.20773e-21
1.23205e-20
3.21267e-21
1.39038e-19
-5.39088e-20
3.45883e-20
6.65942e-22
5.97123e-21
1.93245e-21
1.53527e-19
-4.99575e-20
4.26571e-20
5.55525e-22
3.0174e-21
-4.38563e-21
2.78989e-20
-0
7.65405e-20
1.59821e-22
-3.13965e-22
-2.3669e-21
1.56822e-19
1.19942e-19
1.44314e-20
-2.63133e-22
-1.61852e-21
-1.46772e-20
-2.8374e-20
-1.1226e-20
-3.54799e-21
-1.61507e-22
-5.34425e-22
8.51654e-21
-2.10887e-21
-9.29903e-21
3.38548e-21
-4.44653e-22
-4.37861e-22
-1.16898e-20
-1.4634e-20
-1.07988e-20
8.60604e-21
3.02607e-22
3.98124e-22
-2.17312e-21
6.84885e-21
2.55939e-21
1.60552e-20
3.78231e-21
6.52269e-22
-3.31919e-20
-2.03832e-21
-0
2.53668e-20
6.52773e-21
-3.20828e-22
-8.44881e-21
1.78598e-21
-1.33852e-21
2.67563e-20
4.67653e-21
-1.40873e-21
-1.39871e-21
8.98414e-21
0
2.56547e-20
4.86651e-21
-2.70595e-21
-2.18598e-20
-3.49513e-21
-2.5184e-21
1.87834e-20
2.78196e-21
-4.49129e-21
-1.41516e-20
-2.80642e-21
1.41182e-21
6.79915e-21
-2.94222e-21
-6.29253e-21
2.94949e-21
-4.65369e-21
0
-6.72635e-21
-9.53494e-21
-8.83704e-21
2.21147e-21
1.38063e-20
-1.51292e-20
-2.02901e-20
-1.38409e-20
-6.71996e-21
2.42686e-22
-3.30146e-21
-8.93033e-21
-2.98271e-20
-1.31421e-20
-5.70012e-23
-4.26936e-22
-1.99607e-21
-4.98357e-21
-3.17859e-20
-1.02723e-20
1.48345e-20
7.40933e-22
4.79186e-21
-1.45207e-21
-2.13775e-20
-6.43486e-21
1.3675e-20
1.4642e-21
-9.52756e-22
8.61572e-22
-1.04703e-21
-4.21135e-21
2.65848e-20
-8.54284e-22
1.37789e-21
5.95175e-21
2.23196e-20
-2.21838e-21
2.86457e-20
1.54837e-22
-3.67425e-22
1.24777e-21
4.42592e-20
-1.06721e-21
2.6484e-20
-1.60742e-22
-3.91241e-22
2.02354e-21
6.07956e-20
2.42469e-14
3.31533e-06
-1.61621e-22
-1.10391e-14
4.45e-06
6.93106e-20
-2.88945e-16
7.25951e-08
3.17937e-22
6.25855e-18
3.87266e-08
7.61174e-20
7.8415e-17
3.6962e-08
-3.0704e-22
-2.27364e-19
-2.10633e-09
8.68517e-20
-2.19349e-17
1.65956e-08
0
-2.26749e-19
-2.54236e-08
1.06535e-19
6.22143e-18
5.38278e-09
-5.10835e-22
1.20578e-19
-3.70898e-08
1.38023e-19
-1.77003e-18
-3.89647e-10
1.25258e-22
-4.5466e-20
-4.03829e-08
1.80186e-19
5.00987e-19
-2.90398e-09
0
1.58072e-20
-3.69861e-08
2.27234e-19
-1.39e-19
-3.43369e-09
3.01721e-22
-3.45958e-21
-2.75973e-08
2.6587e-19
2.60711e-20
-2.70369e-09
-4.81169e-22
-3.51085e-21
-1.22818e-08
2.68949e-19
3.39937e-20
-1.11317e-09
4.82739e-22
1.82014e-20
9.34289e-09
1.77238e-19
-1.64727e-19
1.13228e-09
-7.64552e-22
-7.1664e-20
3.80598e-08
6.85218e-20
5.91038e-19
3.94562e-09
-2.90394e-22
3.1058e-19
7.51653e-08
2.12815e-20
-2.05698e-18
7.32605e-09
-7.23596e-23
-1.35322e-18
1.22884e-07
6.35093e-21
6.84865e-18
1.13764e-08
4.44586e-22
6.0295e-18
1.85595e-07
1.93539e-21
-4.53841e-16
2.44553e-08
1.69606e-22
-5.99691e-15
4.09177e-07
4.11832e-22
-1.17642e-22
-5.06963e-22
1.29853e-20
-4.66556e-21
5.59203e-23
6.409e-22
-1.94073e-23
-4.38145e-22
-1.02556e-20
-5.09873e-21
-2.50159e-21
-9.77343e-22
-2.27805e-16
1.38253e-08
2.58622e-22
-2.99393e-15
3.19339e-07
-2.72316e-21
2.47936e-18
3.15026e-09
3.34794e-23
2.16669e-18
8.76869e-08
-4.60255e-21
-5.37641e-19
1.01505e-09
-0
-3.51243e-19
3.92558e-08
-7.48779e-21
1.1238e-19
1.35874e-10
-5.13439e-23
5.81281e-20
1.31916e-08
-1.34288e-20
-2.28521e-20
-1.59628e-10
2.16504e-23
-1.00006e-20
-1.13985e-09
-7.95371e-21
4.68737e-21
-1.89086e-10
1.56805e-23
1.71911e-21
-9.01046e-09
-1.43985e-21
-8.58021e-22
-1.06257e-10
-4.15658e-24
-4.35079e-22
-1.32255e-08
-2.62295e-23
2.39642e-22
1.51284e-11
-1.51515e-23
9.39958e-23
-1.53427e-08
-1.10856e-22
5.54508e-24
1.41167e-10
-6.67115e-24
-3.91491e-24
-1.62504e-08
-3.83788e-22
3.96323e-23
2.57685e-10
9.04146e-24
2.11093e-23
-1.64645e-08
-4.71476e-22
2.24555e-23
3.60019e-10
2.84789e-24
6.70354e-24
-1.62883e-08
-3.31468e-22
1.52651e-23
4.47837e-10
3.42139e-24
-4.97087e-24
-1.59014e-08
-9.0459e-23
9.29316e-24
5.22546e-10
2.27105e-24
-4.49616e-24
-1.54104e-08
9.49191e-23
2.71145e-24
5.86056e-10
-2.8139e-25
5.0565e-24
-1.48788e-08
1.66348e-22
8.23054e-25
6.40225e-10
-4.16827e-25
-1.38788e-24
-1.43441e-08
1.40848e-22
-6.51298e-25
6.8665e-10
2.05167e-25
-2.04242e-24
-1.38281e-08
6.5685e-23
-1.20526e-24
7.26615e-10
-0
4.01547e-25
-1.33434e-08
-1.08323e-23
-2.3454e-24
7.61121e-10
2.30002e-25
-2.6777e-25
-1.28969e-08
-6.12024e-23
-2.66445e-24
7.90928e-10
-2.08411e-25
4.32776e-25
-1.24922e-08
-7.79559e-23
-8.2317e-25
8.16605e-10
-6.23252e-26
2.73352e-25
-1.21308e-08
-6.79369e-23
-1.25485e-24
8.38575e-10
7.52775e-27
1.35039e-25
-1.18134e-08
-5.48075e-23
-1.44043e-24
8.57155e-10
7.20742e-27
-5.63058e-26
-1.15398e-08
-7.86072e-23
-6.181e-25
8.72575e-10
1.01952e-26
8.34786e-26
-1.13095e-08
-8.81721e-23
-4.82814e-25
8.85008e-10
-1.40462e-26
-2.96392e-26
-1.11221e-08
-8.39189e-23
-3.09515e-25
8.94578e-10
-5.46099e-27
1.87127e-26
-1.0977e-08
-6.58488e-23
-1.36143e-25
9.01375e-10
-1.07962e-27
-3.56064e-27
-1.08738e-08
-3.43825e-23
-1.15751e-25
9.05461e-10
-9.77486e-28
-1.95787e-27
-1.08121e-08
0
0
4.53423e-10
0
0
-5.39584e-09
-8.60605e-23
-1.83396e-22
-1.06169e-21
-1.51712e-22
2.95411e-21
-2.8063e-20
0
0
-8.1984e-22
0
0
2.84384e-20
-8.50992e-22
-3.64876e-22
-5.06994e-22
-6.55447e-23
1.49348e-20
3.47872e-20
-7.77053e-21
4.80643e-22
1.26335e-21
1.40372e-21
3.01932e-21
-6.31217e-21
-1.97711e-20
-1.61413e-21
2.90224e-21
-9.12663e-21
2.23737e-20
-1.41615e-21
-7.74043e-21
-1.54766e-21
-7.99578e-21
1.04819e-20
-8.60398e-21
-2.39942e-20
3.99253e-20
-8.31237e-22
-8.26836e-21
2.27218e-20
-6.50065e-21
4.12381e-21
3.92933e-20
-8.53628e-22
-5.22104e-21
-0
-1.79584e-21
9.42381e-20
2.74156e-21
1.69474e-21
7.88676e-21
2.76714e-21
-4.05866e-20
6.52826e-20
-1.87231e-20
1.8585e-21
7.82029e-21
-6.91605e-21
6.08641e-20
1.38597e-19
5.73981e-20
9.10944e-22
1.48281e-21
-0
-1.62569e-19
-7.83053e-20
4.8302e-20
1.32721e-22
-1.2796e-21
-6.84503e-21
5.62007e-20
-1.35232e-20
9.23182e-20
1.46702e-23
-4.53308e-21
9.76185e-21
1.93759e-19
-0
2.27511e-20
-1.28759e-23
-4.17412e-21
7.51801e-21
-3.32881e-19
4.57103e-20
-2.41709e-20
-3.31913e-22
-5.51029e-21
1.48844e-20
1.34522e-19
4.71443e-21
-2.04366e-20
7.08384e-22
-3.53169e-21
9.49653e-21
2.67818e-20
-1.08995e-20
-1.81906e-20
2.3444e-21
-9.78835e-22
1.09936e-20
-5.07224e-21
5.12617e-21
-9.71265e-21
4.42378e-21
-6.94703e-22
1.77109e-20
4.99206e-21
-3.09561e-21
8.8024e-21
4.8945e-21
4.23547e-23
3.39041e-21
2.1505e-20
6.10422e-22
1.84904e-20
9.26223e-21
3.6464e-22
3.20701e-20
-2.03005e-21
2.10473e-21
3.01115e-20
9.22197e-21
1.20509e-22
1.72657e-20
1.88784e-20
-5.34299e-21
2.58241e-20
8.03092e-21
-1.17139e-21
3.81688e-20
5.12266e-21
3.9659e-21
1.69774e-20
0
-3.35861e-21
-1.84382e-21
2.36808e-20
0
-2.75622e-22
-4.30026e-21
-6.56229e-21
1.47766e-21
-1.82074e-20
5.25281e-21
-1.94558e-20
-7.36108e-21
-1.19534e-20
1.10415e-22
3.9103e-21
-1.28886e-20
-3.59582e-20
-8.06345e-21
-1.0732e-20
2.53299e-21
-8.66095e-21
7.42938e-21
-3.9729e-20
-7.60378e-21
4.59108e-22
-4.49553e-21
-1.00693e-21
1.03962e-21
-3.3307e-20
-5.01474e-21
7.7509e-21
5.23445e-22
8.85963e-22
0
-1.08335e-20
-4.52441e-21
3.09889e-20
-1.80394e-21
-1.19611e-22
0
2.76948e-20
-3.91121e-21
4.71509e-20
2.58836e-21
-1.98937e-22
-6.55656e-22
6.03164e-20
-3.09356e-21
5.58784e-20
-6.66388e-22
1.17029e-21
-4.74558e-21
7.1652e-20
2.88333e-14
3.88166e-06
-8.3207e-23
-1.37565e-14
5.30302e-06
7.29759e-20
-3.39354e-16
7.74106e-08
-8.1418e-23
7.92009e-18
4.31752e-08
6.9985e-20
9.13963e-17
3.925e-08
7.83104e-23
-3.61102e-19
-5.27245e-10
6.78788e-20
-2.54624e-17
1.76418e-08
3.33586e-22
-2.49042e-19
-2.52479e-08
7.8238e-20
7.20559e-18
5.8298e-09
3.45494e-23
1.37956e-19
-3.75868e-08
1.11525e-19
-2.0486e-18
-2.26926e-10
-1.90246e-22
-5.28255e-20
-4.11883e-08
1.7162e-19
5.79454e-19
-2.87163e-09
-1.23103e-21
1.72904e-20
-3.79183e-08
2.5565e-19
-1.61244e-19
-3.45793e-09
-5.07834e-23
-5.28398e-21
-2.85665e-08
3.56093e-19
3.22079e-20
-2.74995e-09
2.20685e-22
-1.10105e-21
-1.32448e-08
4.56211e-19
3.22647e-20
-1.16592e-09
4.8681e-22
1.61108e-20
8.40558e-09
4.24166e-19
-1.64309e-19
1.07951e-09
-3.08307e-23
-7.26725e-20
3.71546e-08
1.46299e-19
5.90958e-19
3.89505e-09
2.4397e-23
3.10213e-19
7.42908e-08
4.54358e-20
-2.05727e-18
7.27787e-09
7.48116e-22
-1.35186e-18
1.22032e-07
2.43796e-20
6.84955e-18
1.13298e-08
-2.12062e-22
6.02575e-18
1.84748e-07
1.09961e-20
-4.53911e-16
2.43848e-08
-2.79471e-22
-5.99721e-15
4.07865e-07
2.17217e-21
-1.53487e-22
1.66035e-22
1.3503e-20
3.1775e-21
2.30591e-21
9.23252e-21
-5.74409e-23
5.05566e-22
-9.90581e-21
1.61464e-21
1.50007e-21
7.09785e-21
-2.27834e-16
1.37985e-08
-1.28115e-22
-2.99404e-15
3.1885e-07
1.24989e-21
2.47957e-18
3.1433e-09
-6.66412e-23
2.16765e-18
8.75747e-08
-3.20847e-21
-5.37735e-19
1.01185e-09
6.4812e-23
-3.51177e-19
3.92134e-08
-8.01368e-21
1.12343e-19
1.34395e-10
-2.56215e-23
5.80506e-20
1.31796e-08
-9.81536e-21
-2.28824e-20
-1.60287e-10
-9.36878e-23
-9.81978e-21
-1.1389e-09
-4.23421e-21
4.6613e-21
-1.89352e-10
3.13289e-23
1.702e-21
-9.00443e-09
-3.72338e-22
-8.7879e-22
-1.06339e-10
2.49202e-23
-1.68068e-22
-1.3218e-08
3.50689e-23
2.24044e-22
1.51309e-11
2.16322e-23
-3.9166e-23
-1.53354e-08
-4.48717e-22
2.69476e-25
1.41204e-10
-0
1.76176e-23
-1.62438e-08
-8.21017e-22
3.29348e-23
2.57733e-10
5.64887e-24
-2.32208e-23
-1.64589e-08
-8.63387e-22
1.81517e-23
3.60067e-10
-6.83299e-24
-1.25865e-23
-1.62836e-08
-6.48796e-22
1.17932e-23
4.4788e-10
-2.2804e-24
1.10959e-23
-1.58975e-08
-3.4694e-22
5.41923e-24
5.22583e-10
-3.68979e-24
-1.55639e-24
-1.54072e-08
-1.07731e-22
2.41049e-24
5.86087e-10
-0
-2.77175e-24
-1.48762e-08
1.09934e-23
2.05495e-26
6.40251e-10
-4.16777e-25
5.35679e-25
-1.4342e-08
2.54972e-23
-1.41647e-24
6.86671e-10
6.83822e-26
-1.80495e-24
-1.38264e-08
-1.72211e-23
-1.82913e-24
7.26632e-10
-3.35635e-25
-7.92805e-25
-1.3342e-08
-6.85541e-23
-2.12495e-24
7.61135e-10
4.59974e-25
-1.33886e-25
-1.28958e-08
-9.94754e-23
-9.03245e-25
7.90939e-10
4.80924e-26
1.56583e-25
-1.24913e-08
-1.00809e-22
-2.57851e-24
8.16614e-10
-1.55806e-26
-1.94699e-25
-1.21301e-08
-7.87642e-23
-1.54359e-24
8.38583e-10
-6.02198e-26
5.10961e-26
-1.18128e-08
-5.80636e-23
-8.72433e-25
8.57161e-10
-5.04503e-26
-4.69218e-26
-1.15393e-08
-7.90783e-23
-1.21542e-25
8.7258e-10
2.03898e-26
-5.36651e-26
-1.13091e-08
-8.6566e-23
-3.67653e-25
8.85012e-10
-2.34098e-26
2.77868e-26
-1.11218e-08
-8.10443e-23
-3.90477e-25
8.94582e-10
9.55653e-27
-2.42166e-26
-1.09767e-08
-6.27713e-23
-1.25291e-25
9.01379e-10
2.69899e-27
-1.0682e-26
-1.08736e-08
-3.24472e-23
-4.73413e-26
9.05464e-10
-0
1.95787e-27
-1.08119e-08
0
0
4.53425e-10
0
0
-5.39572e-09
1.40693e-22
-7.4155e-23
-3.3737e-22
1.62115e-22
1.02238e-20
-5.58722e-21
0
0
3.00946e-22
0
0
2.84629e-22
1.42902e-21
-3.10858e-22
2.73414e-22
1.82978e-21
-1.18739e-20
3.64066e-22
1.64195e-21
-9.20726e-22
-2.64285e-24
-2.84614e-21
1.58831e-20
1.45618e-20
7.04672e-21
-1.29371e-21
-8.40465e-22
-0
8.43449e-21
-1.57278e-20
2.06747e-20
-1.64314e-21
-2.7595e-21
-6.9326e-21
5.87816e-21
4.75862e-20
3.871e-20
-4.1333e-21
-1.08365e-21
-2.70368e-20
-8.53004e-20
1.0882e-20
2.73074e-20
3.50174e-21
0
-1.84172e-20
4.26183e-20
-0
7.55864e-22
3.96434e-22
1.63741e-21
2.95025e-21
-2.05071e-19
-1.77669e-19
-2.08489e-20
8.02824e-22
-1.6519e-21
-5.37127e-21
4.13099e-19
-1.63927e-19
4.47965e-20
1.86699e-22
-5.22125e-21
-4.1373e-21
-3.92235e-19
-5.16066e-20
3.19067e-20
3.78616e-22
-7.42026e-21
-9.1378e-21
-1.21526e-20
8.5718e-20
6.90806e-20
4.47821e-23
-5.37141e-21
-1.21008e-21
1.36232e-19
-7.51409e-20
1.9168e-20
-6.23208e-22
-1.02466e-20
-2.96189e-20
-1.91303e-19
-5.53834e-21
-2.99502e-20
4.32816e-22
-5.3093e-21
7.29196e-21
1.11826e-20
2.74801e-20
-4.55786e-20
4.89413e-22
-1.01755e-20
-2.31578e-21
-2.91985e-20
-3.5357e-21
-5.41959e-20
2.03535e-21
-1.03788e-20
-1.92157e-20
6.29266e-21
2.49045e-21
-6.40871e-20
6.5299e-22
-1.16281e-20
8.55536e-21
-4.25647e-21
-1.48821e-21
-4.18512e-20
2.0928e-21
-8.87444e-21
-1.30175e-20
1.25539e-20
1.93903e-21
-3.98177e-21
6.84446e-21
-3.8039e-21
-2.65288e-21
-4.21167e-21
1.77085e-21
2.53501e-20
3.84427e-21
-7.75604e-22
-8.10056e-21
-1.70044e-20
-4.69998e-21
2.74968e-20
4.24826e-21
8.54398e-22
-2.79764e-21
-2.95669e-20
1.25804e-20
2.62771e-20
5.71386e-21
-2.67557e-22
-9.61827e-21
-1.46586e-20
-9.23353e-21
6.20062e-21
1.04041e-20
-4.85391e-21
-6.22333e-20
-8.23327e-21
9.32413e-21
5.49352e-21
2.29128e-20
-1.40825e-20
3.47741e-20
2.86597e-20
3.17176e-21
-1.7349e-21
6.09846e-21
-9.26121e-21
-1.17425e-21
8.03755e-21
-8.35949e-21
-1.79084e-20
-1.01832e-21
2.76914e-22
-3.52351e-21
1.30564e-21
4.3138e-21
-2.7828e-20
-1.85946e-21
4.86395e-21
1.09357e-21
-3.68125e-21
-3.78728e-21
-2.14337e-20
-2.68164e-21
2.17775e-20
-1.85013e-21
1.66159e-22
8.10123e-22
-1.74235e-21
-2.20993e-21
2.34441e-20
1.63819e-22
5.14977e-23
-2.02158e-21
3.06354e-20
-2.01491e-21
3.64303e-20
0
1.55148e-22
3.24079e-21
5.24188e-20
3.01279e-14
4.16434e-06
-2.48378e-22
-1.53079e-14
5.78088e-06
5.23986e-20
-3.49367e-16
8.00587e-08
-2.41515e-22
9.05312e-18
5.02714e-08
3.45869e-20
9.31706e-17
4.07003e-08
-3.85196e-23
-5.29954e-19
4.89464e-09
8.84168e-21
-2.58025e-17
1.85068e-08
-7.26209e-23
-2.2672e-19
-2.08793e-08
-1.0701e-20
7.2766e-18
6.39517e-09
3.37259e-23
1.35965e-19
-3.40444e-08
2.8274e-21
-2.06492e-18
1.62003e-10
-1.54281e-22
-5.24926e-20
-3.84554e-08
6.3935e-20
5.83996e-19
-2.61362e-09
8.61257e-22
1.76237e-20
-3.61062e-08
1.61784e-19
-1.64799e-19
-3.32424e-09
4.05528e-22
-4.99863e-21
-2.78885e-08
2.96483e-19
4.22069e-20
-2.75623e-09
-1.70454e-22
-2.03024e-22
-1.40312e-08
4.5984e-19
-3.28477e-21
-1.34604e-09
8.20358e-22
3.74245e-21
5.6468e-09
5.23066e-19
-3.53562e-20
6.67863e-10
-9.47292e-22
-1.51176e-20
3.15975e-08
3.37256e-19
1.32616e-19
3.15188e-09
3.50165e-23
7.12636e-20
6.44715e-08
1.29664e-19
-4.67216e-19
6.01373e-09
-5.21356e-23
-3.00955e-19
1.0505e-07
9.0491e-20
1.56271e-18
9.13325e-09
-3.1843e-22
1.30197e-18
1.53909e-07
3.05875e-20
-2.02709e-16
1.57386e-08
2.93499e-22
-2.25535e-15
2.72181e-07
1.35881e-21
-3.51199e-16
2.05161e-08
-6.64674e-23
-4.74899e-15
3.76539e-07
5.49028e-21
-2.77842e-16
1.72243e-08
-6.2104e-23
-3.80339e-15
3.5137e-07
1.15527e-20
-1.01733e-16
8.51235e-09
-2.15006e-23
-1.15847e-15
2.03607e-07
4.96656e-21
5.43891e-19
2.54603e-09
1.32079e-22
4.54578e-19
7.34066e-08
2.49133e-22
-1.17622e-19
8.30951e-10
-1.27548e-22
-7.64885e-20
3.3691e-08
-1.44623e-21
2.46204e-20
8.63742e-11
1.25532e-23
1.30035e-20
1.08367e-08
-6.58097e-22
-5.02839e-21
-1.65223e-10
-7.04185e-24
-1.85714e-21
-2.18882e-09
3.9268e-22
1.0289e-21
-1.81675e-10
-5.34578e-23
5.2884e-22
-9.49094e-09
5.64495e-22
-1.79441e-22
-9.64637e-11
-0
-1.62574e-22
-1.34478e-08
-5.29446e-23
6.67512e-23
2.39114e-11
-1.68233e-23
9.71079e-23
-1.54444e-08
-7.75094e-22
1.38912e-23
1.48135e-10
-2.15831e-24
4.75989e-23
-1.62949e-08
-1.15205e-21
2.03774e-23
2.62908e-10
-3.28805e-24
1.3161e-23
-1.64818e-08
-1.14265e-21
1.42761e-23
3.63816e-10
2.20785e-24
1.01396e-23
-1.62929e-08
-8.85071e-22
8.7047e-24
4.50545e-10
1.65675e-24
-4.33144e-24
-1.59003e-08
-5.53042e-22
4.99943e-24
5.24453e-10
-1.37392e-24
5.62841e-25
-1.54071e-08
-2.80457e-22
9.49403e-25
5.87387e-10
1.08899e-24
3e-24
-1.48749e-08
-1.23369e-22
-1.98161e-24
6.41148e-10
1.34375e-25
2.75949e-24
-1.43403e-08
-7.0252e-23
-9.81183e-25
6.87286e-10
-3.30591e-25
2.35161e-24
-1.38247e-08
-7.94114e-23
-2.5049e-24
7.27053e-10
-1.94652e-25
-2.41491e-25
-1.33405e-08
-1.05221e-22
-2.89135e-24
7.61421e-10
9.52456e-26
1.70111e-25
-1.28945e-08
-1.18791e-22
-2.39062e-24
7.91133e-10
-1.08407e-25
-2.55086e-26
-1.24902e-08
-1.09164e-22
-5.64131e-25
8.16745e-10
1.05335e-25
-1.43436e-25
-1.21293e-08
-8.08778e-23
-4.61817e-25
8.38671e-10
-1.45359e-26
-1.7842e-25
-1.18121e-08
-5.68809e-23
-9.96666e-25
8.5722e-10
4.86932e-26
1.46847e-25
-1.15387e-08
-7.50227e-23
-2.40236e-25
8.72619e-10
9.83493e-27
5.54289e-26
-1.13087e-08
-8.08133e-23
-3.99651e-25
8.85038e-10
-7.52234e-27
4.35411e-26
-1.11214e-08
-7.481e-23
5.68529e-26
8.94598e-10
-0
4.3183e-27
-1.09764e-08
-5.74061e-23
-7.20596e-26
9.01389e-10
-5.18979e-28
8.1669e-27
-1.08733e-08
-2.94591e-23
-3.10418e-26
9.05471e-10
-1.25007e-27
9.65591e-28
-1.08116e-08
0
0
4.53427e-10
0
0
-5.39558e-09
7.85584e-22
-1.47405e-22
1.00868e-21
1.8633e-22
-7.6119e-22
-5.82661e-21
0
0
7.11418e-22
0
0
1.82874e-21
3.89978e-21
-2.42392e-22
1.14625e-21
9.37274e-22
-6.01284e-21
-1.01546e-20
1.10413e-20
-9.66234e-22
3.34636e-21
-5.97945e-22
-3.95934e-21
2.5848e-20
2.40717e-20
-1.48065e-21
4.54255e-21
2.80937e-21
5.71137e-21
-9.46789e-20
3.17193e-20
-1.3462e-21
3.48596e-21
2.72314e-21
-1.1833e-20
-2.25945e-20
2.61665e-20
-1.9862e-21
8.1589e-22
1.49169e-20
7.14023e-20
-3.77385e-20
2.16376e-21
-4.92886e-22
-1.10746e-21
2.42213e-21
1.15123e-19
8.15587e-20
-3.47702e-20
-7.45531e-23
-4.56644e-21
4.49647e-21
4.00428e-20
4.95376e-20
-3.99403e-20
-6.48648e-22
-1.01273e-20
-8.86548e-21
3.6339e-20
3.39394e-20
-8.96156e-21
-2.23267e-22
-1.19467e-20
-2.01037e-21
9.15485e-20
3.64388e-20
-2.03704e-20
1.53663e-23
-1.20703e-20
-3.28496e-21
-1.48815e-19
6.12051e-20
9.36912e-21
2.69216e-22
3.21021e-22
2.29753e-21
7.03047e-21
-4.63009e-20
1.29992e-20
5.73881e-22
-2.27631e-21
2.3267e-21
1.35892e-19
4.11077e-20
-1.80329e-20
1.75146e-21
-7.60634e-21
-2.84839e-21
-2.39748e-20
-8.56738e-21
-4.03322e-20
4.52029e-22
-1.50131e-20
2.16024e-21
-1.98689e-20
-6.66426e-21
-8.441e-20
2.78091e-22
-1.949e-20
7.92453e-21
-8.28583e-22
-0
-1.27651e-19
-3.05088e-21
-3.06423e-20
-1.18317e-20
1.79413e-21
5.63369e-21
-5.26142e-20
3.38127e-22
-1.86804e-20
1.30172e-20
-6.61633e-21
-2.29807e-21
6.66261e-20
9.03074e-21
1.06143e-21
-8.08965e-21
-0
3.13215e-22
2.82757e-20
8.51107e-22
-3.48157e-21
-3.59348e-21
8.00752e-21
-5.7448e-21
-1.90985e-20
-5.83798e-21
-3.85674e-21
1.08136e-20
1.20564e-20
-1.37215e-20
-6.91808e-20
-9.62217e-21
-1.41433e-21
-2.55086e-21
2.01868e-20
1.21509e-20
-4.0765e-20
1.16091e-21
2.76734e-22
-6.23775e-21
-2.67557e-21
8.52328e-21
3.22297e-20
1.52878e-20
-4.06795e-21
1.33211e-20
-1.68727e-20
6.24393e-21
4.80025e-20
6.56221e-21
-1.04732e-21
1.30242e-21
-1.74915e-21
1.18732e-21
9.13984e-21
-1.79753e-21
1.3916e-20
0
-1.2495e-21
4.31353e-21
-1.23492e-20
-2.41881e-21
1.47266e-20
5.51019e-22
5.34704e-22
4.74864e-21
-2.88524e-20
-1.96345e-21
1.56867e-20
3.04764e-22
1.54317e-21
-8.14076e-22
-2.32056e-20
-8.41866e-22
4.38709e-21
-6.38642e-22
-1.51673e-22
-1.3559e-21
4.13552e-21
-8.44731e-22
1.71691e-20
-3.22139e-22
3.06301e-22
5.44312e-22
2.47596e-20
2.8191e-14
4.18311e-06
-7.91259e-23
-1.54128e-14
5.89526e-06
1.86068e-20
-3.21791e-16
7.95691e-08
2.29196e-22
9.42436e-18
5.89045e-08
-1.33425e-20
8.48086e-17
4.07953e-08
2.54392e-22
-6.85622e-19
1.3557e-08
-6.48861e-20
-2.33056e-17
1.89144e-08
-6.81725e-23
-1.7095e-19
-1.26313e-08
-1.19865e-19
6.54132e-18
6.93599e-09
7.87988e-22
1.17553e-19
-2.65904e-08
-1.40615e-19
-1.85058e-18
7.11491e-10
1.79498e-23
-4.72162e-20
-3.2167e-08
-1.05065e-19
5.22624e-19
-2.14621e-09
-1.26533e-21
1.64226e-20
-3.13876e-08
-4.03365e-20
-1.47738e-19
-3.01119e-09
-1.07807e-22
-5.0828e-21
-2.52206e-08
4.98733e-20
4.02395e-20
-2.66382e-09
-4.60463e-22
1.89248e-21
-1.40328e-08
1.38575e-19
-1.21388e-20
-1.54678e-09
2.47559e-23
-1.1565e-21
2.11618e-09
1.71618e-19
2.37192e-21
8.01321e-11
2.69483e-22
-4.6813e-22
2.32489e-08
1.39522e-19
-1.76142e-21
2.03901e-09
1.37153e-22
-1.64549e-21
4.92172e-08
1.00548e-19
5.63467e-22
4.15344e-09
1.39938e-22
1.4161e-21
7.92469e-08
5.1671e-20
-3.36591e-21
6.14858e-09
2.07429e-22
-3.38191e-21
1.10746e-07
1.40995e-20
1.21153e-18
7.49509e-09
4.51113e-23
1.05595e-18
1.36452e-07
5.5408e-23
4.27448e-18
7.46519e-09
-2.2517e-23
4.02898e-18
1.43634e-07
1.9105e-21
3.39601e-18
5.8996e-09
3.6631e-23
3.22768e-18
1.25212e-07
4.39374e-21
6.31252e-19
3.63193e-09
-1.52515e-22
5.5759e-19
8.93929e-08
2.8072e-21
-7.80999e-22
1.71405e-09
-0
3.85412e-22
5.23946e-08
8.36228e-22
1.90014e-22
5.59297e-10
-8.20804e-23
0
2.46157e-08
2.90899e-22
-2.4874e-23
1.50078e-11
-0
-4.75605e-22
6.69763e-09
5.26164e-22
2.09812e-23
-1.67528e-10
5.35783e-23
-1.00725e-22
-4.14802e-09
7.06508e-22
1.37108e-23
-1.63504e-10
-5.78489e-23
-1.04606e-22
-1.04458e-08
4.2651e-22
1.63621e-23
-7.53007e-11
1.14453e-23
-6.50789e-23
-1.39233e-08
-3.14449e-22
1.51718e-23
4.23966e-11
1.97886e-24
1.47004e-23
-1.56845e-08
-1.00376e-21
1.48741e-23
1.62678e-10
-1.21581e-23
-2.38756e-23
-1.64167e-08
-1.32059e-21
1.17091e-23
2.73775e-10
-4.10819e-24
-1.9395e-23
-1.65433e-08
-1.26977e-21
1.18887e-23
3.71696e-10
2.06559e-24
1.51291e-24
-1.63233e-08
-9.97708e-22
6.21612e-24
4.5615e-10
2.06386e-24
-2.29525e-24
-1.59146e-08
-6.65114e-22
3.32625e-24
5.28386e-10
5.12863e-25
4.47794e-24
-1.54132e-08
-3.86834e-22
1.51197e-24
5.90119e-10
1.26907e-24
-3.32866e-24
-1.48769e-08
-2.10769e-22
-2.89656e-25
6.43031e-10
-8.76198e-25
-2.52622e-24
-1.43403e-08
-1.30898e-22
-1.07716e-24
6.88575e-10
1.2309e-25
-1.64344e-24
-1.38239e-08
-1.13663e-22
-2.67615e-25
7.2793e-10
1.20718e-25
-3.05454e-25
-1.33395e-08
-1.19091e-22
-2.5114e-25
7.62016e-10
2.95181e-26
5.46288e-25
-1.28934e-08
-1.20122e-22
-1.94516e-24
7.91534e-10
-0
-5.48684e-25
-1.24892e-08
-1.04927e-22
-7.09969e-25
8.17014e-10
1.11812e-25
-1.46615e-25
-1.21284e-08
-7.56914e-23
-1.0763e-24
8.3885e-10
5.39742e-26
1.76177e-25
-1.18114e-08
-5.20973e-23
-7.81705e-25
8.57338e-10
-6.45298e-27
-1.04624e-25
-1.15382e-08
-6.738e-23
-2.08955e-25
8.72697e-10
-6.07676e-27
-9.98614e-26
-1.13082e-08
-7.18448e-23
-6.0479e-25
8.85087e-10
-8.35513e-27
0
-1.1121e-08
-6.59974e-23
-1.35767e-25
8.94629e-10
-0
1.44338e-26
-1.09761e-08
-5.02924e-23
-1.36553e-25
9.01408e-10
-1.91196e-27
-1.1191e-27
-1.08729e-08
-2.56507e-23
-1.05846e-25
9.05482e-10
-2.86556e-28
9.32481e-28
-1.08113e-08
0
0
4.53431e-10
0
0
-5.39543e-09
-3.20113e-22
-1.24407e-22
-6.29051e-22
1.06016e-22
-1.84036e-22
1.39172e-20
0
0
8.22325e-22
0
0
-1.39754e-21
1.76092e-21
-4.33956e-22
1.10928e-21
-1.44544e-21
4.90768e-23
7.02253e-21
6.49606e-21
-6.64539e-22
5.04105e-21
1.44264e-21
-2.09545e-21
-5.57819e-21
1.1771e-20
-5.49345e-22
-3.64504e-22
4.22584e-21
-2.09673e-20
7.75659e-21
7.1641e-21
-9.95274e-22
-8.67319e-22
2.9077e-21
9.12997e-21
8.35133e-20
-3.89636e-21
-2.74563e-22
2.38707e-21
-7.61903e-21
2.32978e-20
-6.71262e-21
-1.72117e-20
-1.43082e-21
-1.44672e-20
7.1648e-21
-9.3927e-20
8.21365e-20
-3.8409e-20
-9.27707e-22
-1.55176e-20
-0
-2.69102e-20
3.81934e-20
-4.49629e-20
-7.68996e-22
-1.58326e-20
-6.6473e-21
-1.58863e-19
-1.15919e-19
-2.5482e-20
-3.69859e-22
-2.3419e-20
1.85122e-21
3.40728e-20
4.96554e-20
-6.94061e-21
-1.40939e-22
-5.10598e-21
-2.98452e-21
6.55377e-20
-2.19195e-20
2.43395e-20
3.87086e-22
5.98302e-21
-1.13681e-20
1.39438e-20
-1.0325e-20
4.01372e-20
8.04974e-22
1.05284e-20
-8.05296e-21
-6.92135e-21
-1.38298e-20
8.23183e-21
2.33079e-21
4.47518e-21
-7.58896e-22
2.20343e-21
3.88754e-21
-5.4543e-21
3.48241e-21
-6.3165e-21
-7.5131e-21
-1.09373e-21
-0
-2.02751e-20
3.85323e-21
-1.04353e-20
5.97804e-21
-1.77739e-21
3.28914e-21
1.66512e-20
4.55349e-21
-4.2323e-21
-8.20571e-21
-0
-1.32254e-21
1.0563e-19
1.13959e-20
1.37649e-20
-6.41043e-22
2.28018e-21
-2.43122e-22
1.1458e-19
1.15648e-20
1.19138e-20
1.06821e-20
-8.50134e-21
1.87799e-21
5.90008e-20
6.30808e-21
2.62529e-21
2.60645e-21
-2.24584e-21
6.60689e-21
3.41937e-21
-3.28692e-21
-2.93468e-21
1.04833e-20
-8.38771e-21
-7.01271e-21
-3.02685e-20
-8.01427e-21
-1.56873e-21
8.99063e-22
3.25545e-21
1.49819e-21
-1.25127e-20
-1.24903e-21
5.64501e-22
-1.2076e-24
3.33297e-21
-1.86749e-20
6.93635e-21
6.64186e-21
-4.00222e-21
-1.51542e-21
2.90177e-21
7.03191e-21
1.20022e-20
4.68596e-21
-3.6325e-21
-3.40137e-21
1.61215e-21
-1.24703e-20
-7.46127e-21
1.47751e-22
4.04888e-21
1.80848e-21
-5.80839e-22
-2.08872e-21
-2.61958e-20
-3.4638e-22
3.52417e-21
-3.16946e-21
2.01584e-22
0
-3.3469e-20
-3.89272e-22
5.76353e-21
8.59359e-22
-9.581e-22
-1.59897e-21
-2.73183e-20
-4.07506e-22
-2.11348e-21
1.7743e-21
1.85812e-22
4.67637e-21
-9.42011e-21
7.45935e-22
9.35685e-21
-8.84634e-22
-7.39719e-22
-5.39403e-22
2.91165e-21
2.28811e-14
3.85464e-06
-7.17654e-23
-1.3521e-14
5.51011e-06
-9.4508e-21
-2.56829e-16
7.47965e-08
-1.37556e-22
8.56177e-18
6.73948e-08
-4.65906e-20
6.67907e-17
3.88374e-08
-1.6256e-22
-7.39477e-19
2.42857e-08
-1.02558e-19
-1.81844e-17
1.8448e-08
-5.30688e-23
-9.96504e-20
-1.3189e-09
-1.58469e-19
5.07359e-18
7.21033e-09
-1.42976e-22
8.61981e-20
-1.57634e-08
-1.89382e-19
-1.42971e-18
1.29181e-09
5.69121e-23
-3.53482e-20
-2.26182e-08
-1.86377e-19
4.02782e-19
-1.52154e-09
4.96604e-22
1.23521e-20
-2.38057e-08
-1.56992e-19
-1.13541e-19
-2.50924e-09
2.86909e-22
-4.05929e-21
-2.03004e-08
-1.20537e-19
3.09545e-20
-2.4034e-09
5.94458e-22
1.44268e-21
-1.25643e-08
-8.49498e-20
-9.18263e-21
-1.62722e-09
3.41051e-22
8.20362e-23
-8.49661e-10
-2.79093e-20
1.8613e-21
-4.40625e-10
3.6819e-22
2.14657e-22
1.45413e-08
1.94128e-20
-9.35298e-22
9.64186e-10
-5.3456e-23
-3.3942e-22
3.29508e-08
2.23142e-20
-2.97208e-22
2.39197e-09
-1.29129e-22
8.86065e-22
5.29027e-08
1.23606e-20
4.91324e-22
3.58779e-09
-1.67197e-22
-2.3386e-22
7.14077e-08
2.89299e-21
-2.80903e-19
4.23331e-09
1.68644e-23
-2.01335e-19
8.36392e-08
-1.57721e-22
-9.99914e-19
4.09123e-09
1.0493e-24
-7.51854e-19
8.47277e-08
4.70832e-22
-7.97728e-19
3.22978e-09
2.15279e-23
-6.03639e-19
7.33759e-08
8.75678e-22
-1.47937e-19
2.04732e-09
8.68847e-23
-1.07851e-19
5.36499e-08
5.04058e-22
2.21491e-22
9.94609e-10
-4.6288e-23
-3.32692e-22
3.22847e-08
3.1655e-22
-1.48102e-23
2.994e-10
-2.87444e-23
2.57663e-22
1.43359e-08
4.99093e-22
2.88019e-23
-4.80892e-11
7.75344e-23
-1.91444e-22
1.49939e-09
7.04724e-22
1.41448e-23
-1.56719e-10
-6.12354e-24
1.0999e-22
-6.81509e-09
6.21001e-22
1.43907e-23
-1.30577e-10
-1.97095e-23
9.1645e-23
-1.18388e-08
1.03382e-22
1.30876e-23
-4.04667e-11
1.72457e-23
9.02268e-23
-1.46632e-08
-5.81956e-22
1.41073e-23
7.22849e-11
-5.34581e-24
4.59183e-23
-1.60829e-08
-1.10732e-21
8.65163e-24
1.86156e-10
1.81875e-24
-2.99863e-23
-1.66333e-08
-1.31301e-21
8.13916e-24
2.91364e-10
-1.83861e-24
-8.38157e-24
-1.66614e-08
-1.22791e-21
6.6774e-24
3.84495e-10
3.22815e-24
0
-1.63876e-08
-9.71269e-22
3.15088e-24
4.65281e-10
4.5988e-25
1.48223e-23
-1.59493e-08
-6.70581e-22
2.8346e-24
5.34807e-10
-0
-9.65058e-24
-1.54316e-08
-4.14717e-22
9.44496e-25
5.94585e-10
-1.12767e-24
0
-1.48863e-08
-2.42761e-22
1.29703e-24
6.4611e-10
-3.33275e-25
1.63554e-25
-1.43449e-08
-1.52954e-22
-5.29654e-25
6.90682e-10
6.54801e-25
5.32206e-25
-1.38259e-08
-1.20341e-22
-1.01005e-24
7.29363e-10
-5.3468e-26
-2.07782e-25
-1.33401e-08
-1.12757e-22
-1.14502e-24
7.62985e-10
-1.30641e-25
1.08126e-24
-1.28934e-08
-1.06657e-22
-9.13785e-25
7.92186e-10
1.01838e-25
8.78562e-26
-1.24889e-08
-9.06142e-23
-6.29959e-25
8.1745e-10
-1.35899e-25
3.04149e-25
-1.2128e-08
-6.47602e-23
4.47543e-25
8.39141e-10
-2.97972e-26
-7.38273e-26
-1.1811e-08
-4.43555e-23
-6.1511e-25
8.5753e-10
-2.84748e-26
-4.75295e-26
-1.15377e-08
-5.64898e-23
-5.68231e-25
8.72821e-10
1.87486e-26
1.51405e-26
-1.13078e-08
-5.97492e-23
-1.01376e-25
8.85167e-10
6.12754e-27
4.41057e-26
-1.11206e-08
-5.45324e-23
-9.99216e-26
8.94678e-10
1.06616e-27
-2.83017e-26
-1.09757e-08
-4.12966e-23
1.91269e-26
9.01436e-10
-4.59843e-27
1.03037e-27
-1.08726e-08
-2.09242e-23
6.95389e-28
9.05498e-10
-2.49105e-28
-8.67213e-28
-1.0811e-08
0
0
4.53436e-10
0
0
-5.39528e-09
-1.85207e-21
-2.07562e-22
5.39364e-21
-1.6673e-22
2.41403e-22
-2.15593e-20
0
0
1.13782e-20
0
0
7.97361e-21
-3.00301e-21
-3.44128e-22
3.83935e-21
-6.04814e-23
-5.86326e-22
-1.18682e-20
-4.17821e-21
-4.45838e-22
-3.49348e-21
-2.06002e-21
-2.37398e-21
-5.95626e-21
-4.59057e-21
-2.6327e-22
-4.99387e-21
-2.63079e-21
-5.34944e-21
6.39134e-20
-1.27986e-20
1.02736e-22
-1.55536e-20
-6.9812e-22
1.01743e-20
2.78874e-21
-2.36106e-20
-1.01806e-21
9.59011e-21
-1.77269e-21
-9.91429e-21
-1.19268e-19
-3.61203e-20
-1.32085e-21
-8.37962e-21
-3.24553e-21
-7.91223e-21
1.59855e-20
-3.53471e-20
-5.9411e-22
-2.28736e-20
-0
7.42954e-20
-4.48058e-21
-4.06871e-20
-4.7995e-22
-2.25563e-20
-2.16339e-21
-8.39425e-20
-4.78749e-21
-2.24224e-20
-4.77368e-22
-1.81263e-20
3.94969e-22
1.89347e-20
-1.46357e-20
-6.05477e-21
-6.13762e-23
4.56692e-21
2.09439e-22
4.65501e-20
9.51765e-21
2.02803e-20
5.66408e-22
1.11569e-20
-3.12416e-21
-2.44615e-20
-1.78614e-20
3.35914e-20
1.76486e-21
1.68425e-20
-4.41065e-21
-1.86203e-20
3.22076e-20
1.95215e-20
1.76282e-21
1.58252e-20
8.96002e-21
-2.29926e-20
6.91039e-21
7.53225e-21
3.22222e-21
5.22374e-21
-7.81396e-21
2.35868e-21
2.77421e-21
5.2975e-21
4.45354e-21
-1.91949e-22
2.82862e-21
8.3488e-22
-0
2.25269e-20
7.09563e-21
4.38895e-21
1.84493e-21
8.17179e-22
-2.48702e-21
4.38476e-20
9.47137e-21
8.20519e-21
8.66673e-21
-0
2.40359e-22
4.31103e-20
8.02336e-21
5.17059e-21
7.93862e-22
-0
-1.75583e-22
2.21302e-20
2.03626e-21
-2.88723e-22
-6.76155e-21
5.90812e-21
-7.30279e-21
1.8582e-21
-9.73701e-22
-2.99926e-21
-1.69522e-21
-3.01629e-21
8.51938e-21
-5.5335e-21
-4.47115e-21
-7.02431e-22
7.83539e-22
-0
-4.51835e-22
-8.73182e-22
-9.2663e-22
-5.74472e-22
-1.06755e-22
5.43722e-22
5.14565e-21
-1.92154e-21
2.73734e-21
-6.25705e-21
1.24089e-21
2.3959e-22
0
-1.01835e-20
2.73937e-21
-1.05624e-20
-1.96121e-21
9.44609e-23
1.05903e-20
-2.11381e-20
4.50951e-22
-3.89384e-21
-1.65513e-21
-2.16886e-22
-1.98144e-21
-2.94405e-20
4.39317e-22
-9.78378e-21
0
-0
8.90533e-22
-3.02695e-20
-2.89686e-22
-4.59834e-22
1.74969e-21
-2.73474e-22
4.63192e-21
-2.33578e-20
-6.43493e-22
-2.80243e-21
1.27024e-22
1.16936e-22
-2.5738e-21
-1.24739e-20
-6.90847e-22
1.13741e-20
1.2511e-22
-5.8986e-23
-5.23136e-22
-8.49978e-21
1.18947e-14
2.45929e-06
-6.0344e-23
-7.46503e-15
3.53107e-06
-1.99158e-20
-1.32178e-16
6.46495e-08
0
4.88365e-18
7.38619e-08
-4.82792e-20
3.39048e-17
3.4078e-08
6.74174e-23
-4.78655e-19
3.55711e-08
-8.79077e-20
-9.13849e-18
1.66228e-08
5.62636e-23
-3.00026e-20
1.18858e-08
-1.2727e-19
2.5329e-18
6.9134e-09
-3.08821e-22
3.93443e-20
-2.44049e-09
-1.51125e-19
-7.10632e-19
1.72166e-09
-1.13436e-22
-1.71314e-20
-1.04099e-08
-1.50645e-19
1.99654e-19
-8.32801e-10
1.09791e-22
5.87197e-21
-1.36738e-08
-1.30556e-19
-5.61511e-20
-1.84218e-09
-2.23137e-22
-1.72855e-21
-1.31067e-08
-9.95944e-20
1.52962e-20
-1.93588e-09
-3.25973e-22
2.9443e-22
-9.17719e-09
-6.57821e-20
-4.49751e-21
-1.48201e-09
-1.35181e-22
-4.99836e-22
-2.21503e-09
-3.97722e-20
9.7557e-22
-7.10835e-10
-2.52547e-22
1.85071e-22
7.35614e-09
-2.01911e-20
-4.37933e-22
2.06547e-10
-1.23764e-22
2.01758e-22
1.87708e-08
-6.33132e-21
6.86475e-23
1.10798e-09
-5.83421e-23
-9.66223e-22
3.06484e-08
-1.73497e-21
-1.67801e-22
1.81854e-09
2.40227e-23
8.28306e-22
4.0827e-08
-6.95897e-22
5.9371e-20
2.17464e-09
5.27889e-23
3.74167e-20
4.6687e-08
-1.9052e-22
2.12191e-19
2.09691e-09
-2.75944e-24
1.383e-19
4.62202e-08
1.14956e-22
1.69985e-19
1.65632e-09
2.34631e-23
1.10864e-19
3.93067e-08
7.95255e-23
3.1679e-20
1.05127e-09
4.10178e-23
2.0371e-20
2.80171e-08
9.50337e-24
4.32317e-24
4.95293e-10
-4.16815e-23
-1.34458e-22
1.54884e-08
1.65504e-22
4.26655e-23
1.13158e-10
4.21157e-23
-1.94674e-23
4.33213e-09
4.05041e-22
2.24096e-23
-7.80089e-11
-2.87818e-23
-4.07448e-23
-4.19832e-09
4.71575e-22
1.77257e-23
-1.22854e-10
5.24971e-24
-9.24686e-24
-1.00257e-08
2.46065e-22
1.31997e-23
-7.8254e-11
-2.51516e-23
-2.47983e-23
-1.36533e-08
-1.85849e-22
9.97997e-24
1.08231e-11
1.75004e-23
2.46919e-23
-1.5696e-08
-6.52022e-22
7.61087e-24
1.15596e-10
-4.49877e-24
5.42777e-24
-1.66749e-08
-9.78573e-22
7.63815e-24
2.20138e-10
-3.0489e-24
3.56372e-24
-1.69746e-08
-1.0844e-21
5.21159e-24
3.16897e-10
-7.67981e-25
3.49941e-24
-1.6859e-08
-9.94973e-22
2.82384e-24
4.0314e-10
-7.68338e-25
-9.90723e-24
-1.6502e-08
-7.90805e-22
3.21108e-24
4.78624e-10
-1.14656e-24
3.97791e-24
-1.60155e-08
-5.58666e-22
1.44163e-24
5.44213e-10
1.89249e-25
4.53799e-24
-1.54697e-08
-3.5873e-22
4.0694e-25
6.01138e-10
1.21376e-24
6.33537e-25
-1.49081e-08
-2.19084e-22
-3.58456e-25
6.50632e-10
-3.67382e-25
1.3753e-24
-1.43572e-08
-1.39939e-22
-6.10747e-25
6.93778e-10
4.50576e-25
9.84936e-25
-1.38328e-08
-1.05062e-22
-4.44984e-26
7.31468e-10
-2.2052e-25
5.8279e-26
-1.33438e-08
-9.19039e-23
4.6123e-25
7.64408e-10
-6.45983e-26
7.58346e-26
-1.28953e-08
-8.30236e-23
7.51309e-26
7.93143e-10
4.19302e-26
-3.69782e-25
-1.24898e-08
-6.90501e-23
-5.94538e-25
8.18089e-10
5.08298e-26
-1.60059e-26
-1.21283e-08
-4.90583e-23
-5.81577e-25
8.39565e-10
-3.43008e-26
2.07294e-26
-1.18111e-08
-3.34388e-23
-2.07122e-25
8.57809e-10
2.80724e-26
-2.00326e-26
-1.15377e-08
-4.16531e-23
1.08683e-26
8.73003e-10
1.53869e-26
0
-1.13076e-08
-4.355e-23
-8.05539e-26
8.85282e-10
-1.30565e-26
2.66534e-26
-1.11205e-08
-3.94159e-23
-4.96899e-26
8.94749e-10
-0
-4.80858e-27
-1.09755e-08
-2.96348e-23
-7.96627e-26
9.01477e-10
-0
6.17099e-27
-1.08724e-08
-1.49194e-23
-1.04238e-26
9.05518e-10
3.03195e-28
2.25265e-27
-1.08108e-08
0
0
4.53441e-10
0
0
-5.39515e-09
-2.38971e-21
-1.84104e-22
2.62088e-20
-3.24413e-22
-5.69625e-23
-2.45595e-21
0
0
4.21876e-20
0
0
4.51219e-21
-4.69423e-21
-3.68728e-22
1.31118e-20
-5.46474e-23
-5.01635e-22
-2.96609e-21
-8.13737e-21
-4.08299e-22
-5.51951e-21
9.81817e-22
2.07365e-21
8.42344e-21
-1.03447e-20
-3.78908e-22
-6.81267e-21
4.4661e-22
3.86122e-21
-5.14136e-20
-1.47887e-20
-1.36388e-22
-2.16724e-20
1.44393e-21
4.90493e-21
4.55924e-20
-2.19381e-20
-8.13943e-22
-2.12463e-21
7.16715e-22
0
-0
-2.36392e-20
-6.49121e-22
-1.21435e-20
8.56951e-22
6.98036e-21
-8.03238e-20
-2.42135e-20
-6.52421e-22
-1.37786e-20
-1.48297e-21
4.14673e-21
4.57904e-20
-2.54832e-20
-4.2654e-22
-8.05415e-21
-8.25985e-22
2.28624e-20
-4.31175e-21
-1.27821e-20
-1.82364e-22
-8.79416e-21
1.48283e-22
-4.19851e-20
4.20894e-20
1.17248e-21
-6.63393e-24
1.77206e-21
-1.0076e-21
-4.37988e-21
-0
1.15071e-20
2.94469e-22
2.29964e-20
6.31947e-22
-2.62822e-20
-2.96114e-20
1.73662e-20
8.8476e-22
2.10549e-20
-2.82529e-21
1.44928e-20
1.02942e-20
1.40391e-20
1.08197e-21
1.51078e-20
-2.119e-21
3.89959e-21
-6.1121e-21
7.74449e-21
1.94619e-21
9.48039e-21
-1.41081e-21
3.07443e-21
-3.77165e-21
5.66619e-21
2.22226e-21
6.27364e-21
-0
9.46847e-23
-0
9.27942e-21
3.73273e-21
7.3795e-21
-2.17855e-21
-1.35026e-21
-0
1.26668e-20
5.5446e-21
8.71363e-21
-3.91116e-21
-1.76319e-21
-7.34012e-22
1.21891e-20
3.69996e-21
3.12793e-21
1.08142e-21
-0
8.36492e-23
6.32924e-21
9.19288e-22
-5.64324e-22
1.84284e-21
-1.65425e-21
7.5611e-22
1.68314e-21
-1.87133e-21
-1.56597e-21
2.23008e-21
-6.39904e-22
9.21369e-21
7.7079e-22
-2.66904e-21
-1.00031e-22
-2.02085e-22
1.02393e-21
-4.87306e-21
8.52538e-22
-1.16983e-21
-1.14585e-21
-1.64171e-22
1.66638e-22
-4.66887e-22
-3.13536e-21
8.49673e-22
-6.32068e-21
-3.82049e-22
7.41878e-23
-9.89223e-22
-1.09056e-20
8.96899e-22
-1.19616e-20
2.74515e-22
2.71728e-22
-1.97088e-21
-1.71503e-20
-1.79054e-22
-7.26273e-21
0
5.67699e-24
9.34307e-22
-1.98064e-20
6.6624e-23
-1.12639e-20
7.36877e-22
7.22281e-23
8.48896e-22
-1.92386e-20
-2.94998e-22
9.59517e-22
-5.76241e-22
-2.9013e-22
-2.96085e-21
-1.44791e-20
-3.81383e-22
2.96762e-21
2.8807e-22
-5.66272e-23
-4.92824e-21
-9.40554e-21
3.14702e-14
7.94964e-06
-4.19816e-22
-2.8697e-14
1.20053e-05
-8.68211e-21
3.45771e-15
1.13452e-06
0
-2.4976e-15
1.64919e-06
-1.63722e-20
6.02821e-17
4.85783e-08
-3.16318e-23
-2.48e-18
7.69041e-08
-3.20936e-20
-1.52638e-17
2.60268e-08
-1.00895e-22
2.65505e-19
4.60533e-08
-5.25441e-20
4.07366e-18
1.30759e-08
9.07321e-23
4.7422e-21
2.57847e-08
-7.13722e-20
-1.12151e-18
5.78722e-09
9.90118e-23
-1.62239e-20
1.23755e-08
-8.24654e-20
3.13247e-19
1.82678e-09
-1.33084e-22
7.43111e-21
3.66746e-09
-8.30117e-20
-8.78933e-20
-1.89389e-10
7.81979e-23
-2.83307e-21
-1.54796e-09
-7.42841e-20
2.44827e-20
-1.06642e-09
-4.5073e-23
9.57789e-22
-3.92794e-09
-6.03329e-20
-6.86608e-21
-1.27144e-09
3.80771e-23
-2.71841e-22
-3.84579e-09
-4.45487e-20
1.81975e-21
-1.07899e-09
1.56208e-22
2.23038e-22
-1.5863e-09
-2.84731e-20
-5.30021e-22
-6.61143e-10
-2.46573e-23
3.07599e-23
2.48807e-09
-1.54671e-20
1.40766e-22
-1.4302e-10
7.3634e-23
-2.65483e-22
7.78146e-09
-7.36106e-21
-1.69038e-23
3.65596e-10
0
-1.7423e-22
1.3346e-08
-2.95095e-21
7.98154e-23
7.61461e-10
-2.887e-23
2.12045e-22
1.78988e-08
-9.41157e-22
-1.09613e-20
9.63477e-10
9.59172e-24
-6.93174e-21
2.00999e-08
-1.42188e-22
-3.94344e-20
9.43174e-10
-3.69861e-24
-2.3072e-20
1.90711e-08
8.03975e-23
-3.16945e-20
7.43317e-10
-3.85672e-23
-1.88937e-20
1.48613e-08
7.49347e-23
-5.88874e-21
4.6022e-10
1.28883e-23
-3.74314e-21
8.47666e-09
6.97697e-23
4.18367e-23
1.9617e-10
-1.66923e-23
1.94293e-22
1.40105e-09
1.36878e-22
2.33349e-23
1.63201e-11
1.31653e-23
-1.8352e-22
-5.05292e-09
1.96539e-22
1.82012e-23
-6.32951e-11
-2.21408e-23
1.40395e-22
-1.01382e-08
1.59131e-22
1.19238e-23
-6.03162e-11
-3.99353e-24
0
-1.36837e-08
2.17832e-24
8.32224e-24
-3.8337e-12
-0
-3.53065e-23
-1.5878e-08
-2.2886e-22
5.99923e-24
8.00949e-11
4.37106e-24
0
-1.70419e-08
-4.50904e-22
4.09193e-24
1.73379e-10
-3.35278e-24
-1.76778e-23
-1.74875e-08
-5.93622e-22
3.01915e-24
2.6543e-10
-2.82765e-24
6.47869e-24
-1.74647e-08
-6.28654e-22
1.95249e-24
3.51005e-10
1.70303e-24
1.70202e-24
-1.71544e-08
-5.70686e-22
1.95593e-24
4.2812e-10
5.66153e-25
-4.45798e-24
-1.668e-08
-4.58765e-22
8.72696e-25
4.96548e-10
-2.80867e-25
-1.45659e-24
-1.61226e-08
-3.33654e-22
6.71416e-25
5.56874e-10
4.16291e-25
-4.75269e-25
-1.55341e-08
-2.24985e-22
3.66425e-25
6.0997e-10
-6.83284e-26
0
-1.49468e-08
-1.46421e-22
1.40437e-25
6.56731e-10
-0
0
-1.43803e-08
-9.89899e-23
-1.56753e-25
6.97955e-10
-1.9726e-25
3.28728e-25
-1.38465e-08
-7.50333e-23
1.97154e-25
7.34309e-10
3.21442e-26
-5.13625e-25
-1.33519e-08
-6.31297e-23
-2.50699e-26
7.66327e-10
-0
-2.78527e-26
-1.29001e-08
-5.42174e-23
-1.93866e-25
7.94432e-10
-0
-3.62233e-26
-1.24926e-08
-4.31701e-23
5.15378e-26
8.1895e-10
2.21741e-26
1.05857e-25
-1.21299e-08
-2.93929e-23
3.91945e-25
8.40136e-10
-1.78033e-26
7.61922e-26
-1.18119e-08
-1.87628e-23
-3.86819e-25
8.58185e-10
-1.01939e-26
4.91192e-27
-1.15381e-08
-2.24167e-23
2.38397e-26
8.73247e-10
9.57347e-27
-3.13721e-27
-1.13079e-08
-2.29329e-23
2.30368e-25
8.85437e-10
-0
-9.83617e-27
-1.11205e-08
-2.0465e-23
-2.76932e-26
8.94844e-10
-9.48593e-28
-3.56332e-27
-1.09755e-08
-1.52463e-23
-5.96401e-26
9.01531e-10
7.41664e-28
-1.31609e-27
-1.08723e-08
-7.65236e-24
2.207e-26
9.05544e-10
-5.86631e-28
1.13591e-27
-1.08106e-08
0
0
4.53448e-10
0
0
-5.39505e-09
-1.5733e-21
2.51829e-14
3.61784e-05
-0
-4.10447e-14
6.09222e-05
0
0
7.32316e-06
0
0
1.82154e-05
-3.46332e-21
-2.51292e-22
3.48194e-20
2.11994e-22
1.15807e-22
-1.70328e-20
-4.80109e-21
-2.96636e-22
1.51965e-20
-5.14735e-22
8.49894e-22
-9.72069e-21
-6.36931e-21
-2.81243e-22
4.14257e-21
-5.5009e-22
-3.44447e-21
-6.85864e-21
-7.96488e-21
-2.18714e-22
-4.24867e-21
6.98599e-22
-2.02804e-21
4.27328e-20
-9.78238e-21
1.95635e-22
-3.15468e-20
-2.13214e-22
0
6.58979e-20
-9.26997e-21
2.08058e-22
-3.48139e-20
5.02113e-22
0
-2.38563e-20
-1.04985e-20
-8.63146e-23
-1.41907e-20
-5.70638e-22
4.04125e-21
-0
-8.16059e-21
-9.43113e-23
-1.12565e-20
1.56466e-22
0
2.76074e-20
-5.39368e-21
-6.51824e-23
-8.49319e-21
-6.21159e-23
0
-2.22089e-20
3.43084e-22
-1.03633e-15
4.53835e-05
2.55079e-22
-3.89878e-13
6.86889e-05
3.13301e-21
-2.88294e-14
2.54323e-05
6.87639e-22
-1.24396e-14
2.37812e-06
6.34889e-21
2.56383e-22
1.67933e-20
-1.02427e-21
7.01278e-22
7.47592e-21
5.47462e-21
3.56273e-22
6.53153e-21
3.28379e-22
4.78336e-22
-0
3.65218e-21
4.50373e-22
3.63165e-21
-0
1.79489e-21
-2.33034e-21
2.93574e-21
3.48328e-22
8.76922e-22
-0
-1.54287e-22
8.84779e-22
3.16586e-21
9.87715e-23
-2.41274e-21
-2.29793e-22
3.91668e-22
-1.7158e-21
3.96296e-21
-1.04975e-22
-1.00643e-21
1.10419e-21
7.24239e-22
2.26688e-21
3.16438e-21
0
6.19223e-22
-8.15329e-22
-4.2705e-22
2.47102e-22
2.15371e-21
-5.15164e-22
-3.14261e-22
1.75576e-22
-0
-3.31612e-22
1.42408e-21
-1.28164e-21
-6.88032e-22
-1.68007e-22
-0
-6.70462e-22
1.04057e-21
-1.20769e-21
-6.37719e-24
1.05258e-24
1.63668e-22
-7.06606e-21
2.80592e-22
-6.3165e-22
-1.46981e-21
-4.20759e-22
1.59388e-22
-6.04553e-21
-1.74877e-21
-8.29816e-23
-5.32318e-21
5.1003e-22
-2.2337e-24
-1.01641e-20
-5.52146e-21
-8.54785e-22
1.05409e-21
-1.70323e-22
8.13713e-23
-9.29986e-22
-7.0434e-21
-9.47154e-24
-7.93996e-21
0
-1.42325e-23
-1.7809e-21
-8.08524e-21
-3.15658e-22
2.512e-21
0
1.64728e-23
8.15584e-22
-7.24809e-21
-1.88506e-22
0
4.39273e-22
-9.07248e-23
2.85883e-21
-5.67492e-21
-2.08445e-22
1.51705e-20
5.39765e-23
7.49853e-23
3.56305e-21
-4.00368e-21
1.21085e-14
5.89088e-06
2.58555e-23
-1.17452e-14
9.14755e-06
-3.89825e-21
-1.5709e-16
4.72949e-08
-1.22647e-23
1.14153e-17
1.06041e-07
-6.21217e-21
2.81647e-17
2.69377e-08
2.0157e-23
-1.2985e-18
7.61476e-08
-1.09131e-20
-7.05514e-18
1.48117e-08
-2.67217e-24
1.46866e-19
5.49708e-08
-1.68929e-20
1.86691e-18
7.77766e-09
-9.79359e-24
-1.17631e-21
3.9473e-08
-2.23342e-20
-5.10869e-19
3.7578e-09
-5.3109e-23
-7.15617e-21
2.77712e-08
-2.55095e-20
1.4215e-19
1.52008e-09
-7.87998e-24
3.44309e-21
1.87645e-08
-2.55715e-20
-3.97249e-20
3.27261e-10
-1.37905e-23
-1.24169e-21
1.18329e-08
-2.28869e-20
1.10864e-20
-2.50679e-10
-3.54732e-23
4.25078e-22
6.63819e-09
-1.84994e-20
-3.06072e-21
-4.63977e-10
0
-2.10045e-22
2.98772e-09
-1.35621e-20
8.47765e-22
-4.59757e-10
-2.40292e-23
5.56814e-23
7.33085e-10
-9.04182e-21
-2.16136e-22
-3.29691e-10
0
1.22431e-22
-3.13727e-10
-5.35652e-21
7.41093e-23
-1.38859e-10
4.51254e-24
-4.92636e-23
-4.52568e-10
-2.73044e-21
1.76071e-24
5.86304e-11
-1.76191e-23
1.71295e-23
-1.3674e-10
-1.17876e-21
1.74405e-23
2.15677e-10
2.99883e-24
1.20834e-22
5.67874e-11
-3.88101e-22
1.63279e-21
2.98328e-10
4.29307e-25
9.34518e-22
-4.40021e-10
-4.98978e-23
5.82595e-21
2.96218e-10
4.54716e-24
3.29161e-21
-1.98439e-09
5.23394e-23
4.69679e-21
2.27263e-10
3.7411e-24
2.69231e-21
-4.56533e-09
5.27975e-23
8.88569e-22
1.29502e-10
-2.67274e-24
4.24568e-22
-7.80822e-09
3.03718e-23
6.69844e-24
4.3317e-11
-3.32574e-24
-8.81132e-24
-1.11524e-08
1.66896e-23
5.32781e-24
-4.65202e-12
-3.84349e-24
3.31756e-23
-1.40874e-08
1.26852e-23
2.89391e-24
-7.00001e-12
-4.24237e-24
-1.92191e-23
-1.63105e-08
5.89782e-24
1.41117e-24
2.92131e-11
4.53935e-24
2.02393e-23
-1.77493e-08
-1.03793e-23
4.96631e-25
9.09506e-11
4.75076e-24
4.62813e-24
-1.84918e-08
-3.38811e-23
-1.37087e-25
1.65688e-10
-1.22286e-24
-1.5615e-24
-1.86959e-08
-5.73451e-23
-1.85783e-25
2.4423e-10
2.4872e-24
8.3332e-24
-1.85233e-08
-7.36397e-23
-3.3183e-25
3.20937e-10
-3.13177e-25
4.82578e-24
-1.81089e-08
-7.98415e-23
-5.63113e-25
3.92876e-10
-0
4.538e-24
-1.75532e-08
-7.71591e-23
-4.22939e-25
4.58851e-10
-4.66893e-25
2.97613e-24
-1.69261e-08
-6.90261e-23
-1.85265e-26
5.1864e-10
-3.07969e-25
-7.7876e-25
-1.62742e-08
-5.89504e-23
-1.09113e-25
5.72501e-10
-0
1.27143e-24
-1.56273e-08
-4.94824e-23
-8.69775e-26
6.20883e-10
-0
-8.29355e-25
-1.50041e-08
-4.1747e-23
-4.15618e-26
6.64273e-10
-1.82845e-26
5.40563e-25
-1.44156e-08
-3.602e-23
-1.3444e-25
7.03122e-10
-1.78907e-26
-7.04272e-26
-1.38681e-08
-3.16857e-23
-7.42989e-26
7.37821e-10
8.73613e-27
9.17142e-26
-1.33652e-08
-2.72361e-23
7.90312e-26
7.687e-10
-0
1.49221e-26
-1.29082e-08
-2.1761e-23
-3.80572e-26
7.96025e-10
-0
7.76353e-26
-1.24976e-08
-1.49908e-23
-9.02479e-26
8.20014e-10
-4.00947e-27
1.26063e-26
-1.2133e-08
-7.58241e-24
1.85175e-26
8.40841e-10
-3.86214e-27
0
-1.18138e-08
-2.05987e-24
2.45463e-26
8.58648e-10
3.68596e-27
0
-1.15392e-08
-2.34603e-24
2.94653e-26
8.73548e-10
-1.73169e-27
6.7359e-27
-1.13085e-08
-2.33534e-24
-1.59028e-26
8.85629e-10
-3.95906e-28
4.23106e-27
-1.11208e-08
-2.05573e-24
8.34289e-29
8.94962e-10
-6.89098e-28
-6.40731e-28
-1.09756e-08
-1.54169e-24
8.88603e-27
9.01598e-10
-0
1.78612e-27
-1.08723e-08
-8.35184e-25
-4.36761e-27
9.05575e-10
-0
1.56248e-28
-1.08105e-08
0
0
4.53454e-10
0
0
-5.39499e-09
0
0
1.29355e-05
0
0
1.59962e-05
0
0
3.20157e-09
0
0
-2.52065e-08
0
0
5.05583e-20
0
0
3.10763e-21
0
0
3.66466e-20
0
0
9.80809e-21
0
0
2.56297e-20
0
0
-2.39373e-21
0
0
2.9027e-20
0
0
-2.85641e-20
0
0
-2.08198e-20
0
0
1.46671e-20
0
0
-1.00056e-20
0
0
-3.60402e-21
0
0
-7.29739e-21
0
0
3.80932e-21
0
0
-8.37911e-21
0
0
1.14053e-20
0
0
0
0
0
-1.73364e-20
0
0
1.11325e-05
0
0
2.38153e-05
0
0
4.97248e-06
0
0
-6.81387e-06
0
0
-7.94106e-21
0
0
1.39535e-21
0
0
-4.40105e-21
0
0
-2.65182e-21
0
0
-3.51047e-21
0
0
-4.52371e-21
0
0
-4.00326e-21
0
0
1.73275e-21
0
0
-4.11515e-21
0
0
-3.39569e-21
0
0
-2.2459e-21
0
0
-5.11976e-22
0
0
-3.06638e-22
0
0
2.12424e-23
0
0
-1.74947e-22
0
0
-1.24976e-21
0
0
3.50782e-22
0
0
-1.351e-22
0
0
-3.31269e-23
0
0
3.94175e-21
0
0
-1.58458e-21
0
0
9.824e-21
0
0
-1.83994e-21
0
0
-8.98389e-22
0
0
-5.62994e-22
0
0
3.63223e-21
0
0
-4.38925e-21
0
0
-8.72914e-22
0
0
3.9083e-22
0
0
8.0216e-22
0
0
-1.50289e-21
0
0
7.04323e-22
0
0
7.48534e-21
0
0
0
0
0
2.75713e-06
0
0
4.33673e-06
0
0
8.68831e-09
0
0
4.54913e-08
0
0
5.1731e-09
0
0
3.7023e-08
0
0
3.02997e-09
0
0
3.00587e-08
0
0
1.76204e-09
0
0
2.41526e-08
0
0
1.0086e-09
0
0
1.9024e-08
0
0
5.62997e-10
0
0
1.45119e-08
0
0
2.99542e-10
0
0
1.05286e-08
0
0
1.45399e-10
0
0
7.02965e-09
0
0
5.82166e-11
0
0
3.9936e-09
0
0
1.33058e-11
0
0
1.40592e-09
0
0
-4.50017e-12
0
0
-7.54297e-10
0
0
-5.73691e-12
0
0
-2.52635e-09
0
0
1.03712e-12
0
0
-3.97501e-09
0
0
8.50589e-12
0
0
-5.1867e-09
0
0
1.14238e-11
0
0
-6.25041e-09
0
0
8.04187e-12
0
0
-7.22917e-09
0
0
6.58866e-13
0
0
-8.1383e-09
0
0
-5.656e-12
0
0
-8.94619e-09
0
0
-5.65947e-12
0
0
-9.5986e-09
0
0
3.75069e-12
0
0
-1.00506e-08
0
0
2.27616e-11
0
0
-1.02874e-08
0
0
4.93878e-11
0
0
-1.03262e-08
0
0
8.07993e-11
0
0
-1.0205e-08
0
0
1.14368e-10
0
0
-9.96835e-09
0
0
1.48138e-10
0
0
-9.65716e-09
0
0
1.8086e-10
0
0
-9.30411e-09
0
0
2.11837e-10
0
0
-8.93316e-09
0
0
2.40741e-10
0
0
-8.56084e-09
0
0
2.67463e-10
0
0
-8.19801e-09
0
0
2.92015e-10
0
0
-7.85156e-09
0
0
3.1447e-10
0
0
-7.52559e-09
0
0
3.34921e-10
0
0
-7.22242e-09
0
0
3.53468e-10
0
0
-6.94319e-09
0
0
3.70208e-10
0
0
-6.68828e-09
0
0
3.85226e-10
0
0
-6.45766e-09
0
0
3.986e-10
0
0
-6.251e-09
0
0
4.10399e-10
0
0
-6.06786e-09
0
0
4.20681e-10
0
0
-5.90774e-09
0
0
4.29495e-10
0
0
-5.77013e-09
0
0
4.36885e-10
0
0
-5.65457e-09
0
0
4.42885e-10
0
0
-5.56062e-09
0
0
4.47524e-10
0
0
-5.48793e-09
0
0
4.50824e-10
0
0
-5.43621e-09
0
0
4.52799e-10
0
0
-5.40527e-09
0
0
2.26729e-10
0
0
-2.69749e-09
