0
0
2.11367e-08
0
0
7.93923e-06
0
0
1.75118e-07
0
0
4.64569e-05
1.04591e-21
2.45185e-21
1.15736e-06
3.76333e-15
-4.02371e-18
0.000291943
0
0
1.79394e-07
0
0
5.04938e-05
0
0
3.64043e-07
0
0
8.0052e-05
-7.75636e-22
4.35598e-19
2.28585e-06
6.42646e-14
-8.21462e-17
0.000506943
0
0
5.43378e-07
0
0
9.02596e-05
-1.02422e-17
7.95177e-19
3.36444e-06
2.02234e-13
-6.66784e-16
0.0005836
0
0
6.85061e-07
0
0
7.10836e-05
-1.60886e-17
-5.20677e-19
4.28065e-06
2.60148e-13
-2.77985e-15
0.00047905
0
0
6.71311e-07
0
0
2.51949e-05
-1.46006e-17
-3.14473e-18
4.34883e-06
-1.86437e-14
-7.54253e-15
0.000201514
0
0
2.85932e-07
0
0
-3.28524e-05
-3.81581e-18
-5.98873e-18
2.18024e-06
-7.18082e-13
-1.485e-14
-0.000160446
0
0
-6.87032e-07
0
0
-8.20011e-05
5.39191e-18
-3.37833e-18
-3.68727e-06
-1.4982e-12
-2.24542e-14
-0.000470862
0
0
-2.29183e-06
0
0
-0.000106366
3.80111e-18
1.09068e-19
-1.36218e-05
-1.6158e-12
-2.52535e-14
-0.000627034
0
0
-4.28781e-06
0
0
-0.000102782
-2.19112e-18
4.38665e-19
-2.61248e-05
-2.60619e-13
-1.75947e-14
-0.000610404
0
0
-6.19603e-06
0
0
-7.83486e-05
-1.33879e-17
1.34074e-19
-3.8143e-05
3.01701e-12
3.93924e-15
-0.000467161
0
0
-7.48661e-06
0
0
-4.30032e-05
-4.41693e-17
2.36368e-20
-4.62903e-05
8.0824e-12
3.92406e-14
-0.000258121
0
0
-7.79958e-06
0
0
-4.44864e-06
-9.18559e-17
2.41544e-19
-4.82696e-05
1.42485e-11
8.47424e-14
-2.90255e-05
0
0
-7.08171e-06
0
0
3.27058e-05
-1.12355e-16
-3.66184e-19
-4.37627e-05
2.04748e-11
1.34337e-13
0.000192674
0
0
-5.57471e-06
0
0
6.59495e-05
-8.15496e-17
-6.78594e-19
-3.43493e-05
2.56677e-11
1.80408e-13
0.000391705
0
0
-3.67773e-06
0
0
9.38754e-05
-3.50171e-17
1.58291e-19
-2.25911e-05
2.89793e-11
2.15667e-13
0.000559223
0
0
-1.77739e-06
0
0
0.000115604
-1.18168e-17
1.73661e-18
-1.09182e-05
2.99997e-11
2.34897e-13
0.000689494
0
0
-1.37005e-07
0
0
0.000130584
-4.24019e-18
5.33932e-18
-9.38531e-07
2.88247e-11
2.36407e-13
0.000778805
0
0
1.12631e-06
0
0
0.000138649
5.69452e-18
7.75424e-18
6.66977e-06
2.59795e-11
2.22987e-13
0.00082589
0
0
2.00667e-06
0
0
0.000140167
1.43367e-17
4.25202e-18
1.1911e-05
2.22085e-11
1.99997e-13
0.000832943
0
0
2.55982e-06
0
0
0.000136132
1.26928e-17
-1.90553e-18
1.51556e-05
1.82271e-11
1.72316e-13
0.000806196
0
0
2.86337e-06
0
0
0.000128041
9.84511e-18
-5.58219e-18
1.68972e-05
1.45586e-11
1.44017e-13
0.000755167
0
0
2.99178e-06
0
0
0.000117566
1.2158e-17
-6.78981e-18
1.76012e-05
1.14908e-11
1.1885e-13
0.000690431
0
0
3.00405e-06
0
0
0.000106128
6.81031e-18
-6.31836e-18
1.76286e-05
9.10809e-12
9.91577e-14
0.000620825
0
0
2.94196e-06
0
0
9.46352e-05
-1.43929e-17
-3.6277e-18
1.7226e-05
7.3543e-12
8.49607e-14
0.000551688
0
0
2.83599e-06
0
0
8.35057e-05
-3.75477e-17
6.47837e-19
1.6567e-05
6.09875e-12
7.47046e-14
0.000485108
0
0
2.71337e-06
0
0
7.29109e-05
-4.19643e-17
5.39966e-18
1.58079e-05
5.18607e-12
6.67079e-14
0.000421686
0
0
2.60245e-06
0
0
6.30356e-05
-2.35677e-17
9.4506e-18
1.5118e-05
4.46588e-12
5.99904e-14
0.00036231
0
0
2.53111e-06
0
0
5.41768e-05
-5.13749e-18
9.10816e-18
1.46684e-05
3.81743e-12
5.42396e-14
0.000308784
0
0
2.52157e-06
0
0
4.66759e-05
-1.32785e-17
5.60017e-19
1.45976e-05
3.16955e-12
4.93607e-14
0.000263308
0
0
2.58574e-06
0
0
4.07858e-05
-3.96074e-17
-1.27146e-17
1.49799e-05
2.50309e-12
4.51617e-14
0.000227563
0
0
2.72344e-06
0
0
3.65816e-05
-4.45756e-17
-1.99276e-17
1.58154e-05
1.82786e-12
4.12301e-14
0.000202111
0
0
2.92337e-06
0
0
3.39458e-05
-7.9938e-18
-1.32617e-17
1.70361e-05
1.15584e-12
3.69723e-14
0.000186316
0
0
3.16526e-06
0
0
3.26088e-05
4.11679e-17
4.07979e-18
1.85203e-05
4.96899e-13
3.19146e-14
0.000178602
0
0
3.42168e-06
0
0
3.22036e-05
6.09311e-17
2.10717e-17
2.0103e-05
-1.29038e-13
2.6182e-14
0.000176792
0
0
3.65904e-06
0
0
3.23097e-05
5.02169e-17
2.77098e-17
2.15817e-05
-6.90759e-13
2.06761e-14
0.000178378
0
0
3.83792e-06
0
0
3.2481e-05
4.26996e-17
2.04854e-17
2.27182e-05
-1.16052e-12
1.65363e-14
0.00018068
0
0
3.91348e-06
0
0
3.22604e-05
5.30179e-17
3.15252e-18
2.32402e-05
-1.5213e-12
1.41663e-14
0.000180933
0
0
3.83698e-06
0
0
3.11943e-05
6.04812e-17
-1.47582e-17
2.28499e-05
-1.75676e-12
1.27425e-14
0.000176364
0
0
3.55976e-06
0
0
2.88569e-05
4.51879e-17
-2.25287e-17
2.12468e-05
-1.84643e-12
1.08459e-14
0.000164333
0
0
3.04127e-06
0
0
2.49016e-05
1.63906e-17
-1.62251e-17
1.81756e-05
-1.78187e-12
7.75275e-15
0.000142637
0
0
2.26279e-06
0
0
1.91489e-05
-4.57694e-18
-3.12724e-18
1.35088e-05
-1.58199e-12
4.11032e-15
0.00011004
0
0
1.24651e-06
0
0
1.17129e-05
-1.17855e-17
4.66349e-18
7.36531e-06
-1.28484e-12
1.25886e-15
6.70563e-05
0
0
7.39159e-08
0
0
3.1263e-06
-1.32704e-17
2.52378e-18
2.30918e-07
-9.30451e-13
-1.27265e-16
1.67843e-05
0
0
-1.11031e-06
0
0
-5.62805e-06
-1.14238e-17
-2.65223e-18
-7.00264e-06
-5.58311e-13
-6.25807e-16
-3.48053e-05
0
0
-2.12426e-06
0
0
-1.32886e-05
-4.01188e-18
-1.68336e-18
-1.31903e-05
-2.12337e-13
-1.27588e-15
-7.9854e-05
0
0
-2.80542e-06
0
0
-1.86996e-05
3.01423e-18
5.97512e-18
-1.7296e-05
6.60864e-14
-2.39777e-15
-0.000111065
0
0
-3.07251e-06
0
0
-2.12424e-05
4.05689e-18
1.25134e-17
-1.88045e-05
2.52423e-13
-3.38506e-15
-0.000124557
0
0
-2.9545e-06
0
0
-2.10536e-05
8.89111e-18
1.12344e-17
-1.79166e-05
3.44521e-13
-3.53139e-15
-0.000121328
0
0
-2.5679e-06
0
0
-1.88889e-05
2.34879e-17
3.11254e-18
-1.53948e-05
3.58078e-13
-2.78599e-15
-0.000106324
0
0
-2.05956e-06
0
0
-1.57418e-05
2.90997e-17
-5.45074e-18
-1.21784e-05
3.1954e-13
-1.68907e-15
-8.58795e-05
0
0
-1.55219e-06
0
0
-1.24669e-05
1.20368e-17
-9.08895e-18
-9.02953e-06
2.57215e-13
-8.11988e-16
-6.5272e-05
0
0
-1.1182e-06
0
0
-9.5891e-06
-2.86826e-18
-7.10532e-18
-6.37728e-06
1.92227e-13
-3.7889e-16
-4.75873e-05
0
0
-7.82639e-07
0
0
-7.31167e-06
1.41374e-17
-2.43661e-18
-4.35292e-06
1.35514e-13
-2.90439e-16
-3.38841e-05
0
0
-5.40384e-07
0
0
-5.62633e-06
4.70189e-17
1.49322e-18
-2.90762e-06
9.09681e-14
-3.3851e-16
-2.39585e-05
0
0
-3.73383e-07
0
0
-4.42901e-06
5.44028e-17
2.99829e-18
-1.92146e-06
5.86915e-14
-3.7149e-16
-1.70791e-05
0
0
-2.61659e-07
0
0
-3.59583e-06
2.85336e-17
2.38803e-18
-1.26874e-06
3.64754e-14
-3.39234e-16
-1.24395e-05
0
0
-1.88244e-07
0
0
-3.01864e-06
-1.85962e-19
9.37576e-19
-8.45236e-07
2.15506e-14
-2.60039e-16
-9.35618e-06
0
0
-1.40406e-07
0
0
-2.61509e-06
-7.45593e-18
-2.39542e-19
-5.73802e-07
1.19711e-14
-1.71715e-16
-7.31614e-06
0
0
-1.09244e-07
0
0
-2.32704e-06
1.40689e-18
-7.09397e-19
-4.00918e-07
6.34434e-15
-1.0106e-16
-5.95996e-06
0
0
-8.87925e-08
0
0
-2.11532e-06
8.8212e-18
-6.11144e-19
-2.90928e-07
3.23564e-15
-5.63581e-17
-5.04631e-06
0
0
-7.5171e-08
0
0
-1.95431e-06
6.58375e-18
-2.9311e-19
-2.20695e-07
1.47833e-15
-3.32097e-17
-4.41758e-06
0
0
-6.58978e-08
0
0
-1.82754e-06
-1.6778e-18
-2.42145e-20
-1.75464e-07
5.72376e-16
-2.30374e-17
-3.97266e-06
0
0
-5.94062e-08
0
0
-1.72458e-06
-8.27229e-18
9.83624e-20
-1.45938e-07
2.89495e-16
-1.86308e-17
-3.64747e-06
0
0
-5.47148e-08
0
0
-1.63885e-06
-8.36792e-18
1.02742e-19
-1.26301e-07
2.32988e-16
-1.588e-17
-3.4017e-06
0
0
-5.12116e-08
0
0
-1.5662e-06
-3.0763e-18
5.65258e-20
-1.12934e-07
7.78714e-17
-1.31924e-17
-3.21006e-06
0
0
-4.85157e-08
0
0
-1.50401e-06
2.62708e-18
1.19545e-20
-1.03592e-07
-1.34356e-16
-1.03354e-17
-3.05675e-06
0
0
-4.63899e-08
0
0
-1.4506e-06
5.10604e-18
-1.15887e-20
-9.68811e-08
-2.32437e-16
-7.55414e-18
-2.93183e-06
0
0
-4.46859e-08
0
0
-1.40489e-06
4.36278e-18
-1.58813e-20
-9.19384e-08
-1.98065e-16
-5.11742e-18
-2.82905e-06
0
0
-4.33111e-08
0
0
-1.36617e-06
2.22407e-18
-1.07015e-20
-8.82267e-08
-1.14034e-16
-3.16306e-18
-2.74444e-06
0
0
-4.22066e-08
0
0
-1.33396e-06
3.11456e-19
-4.33773e-21
-8.54118e-08
-4.09368e-17
-1.71747e-18
-2.67549e-06
0
0
-4.13353e-08
0
0
-1.30793e-06
-5.99295e-19
-3.97086e-22
-8.32842e-08
-5.42261e-18
-7.54129e-19
-2.62053e-06
0
0
-4.06735e-08
0
0
-1.28786e-06
-5.89812e-19
9.5989e-22
-8.17128e-08
-8.68253e-18
-2.14478e-19
-2.57852e-06
0
0
-4.02055e-08
0
0
-1.27359e-06
-2.36218e-19
8.02438e-22
-8.06124e-08
-2.16936e-17
-1.22361e-21
-2.54874e-06
0
0
-3.99207e-08
0
0
-1.26501e-06
-3.34834e-21
3.15928e-22
-7.9932e-08
-1.61737e-17
2.43127e-20
-2.53073e-06
0
0
-1.99108e-08
0
0
-6.31057e-07
0
0
-3.98348e-08
0
0
-1.26224e-06
-3.62607e-17
-3.29975e-18
2.42464e-06
5.19761e-14
-1.09789e-18
0.000639318
0
0
3.96855e-07
0
0
0.000110002
-5.39607e-17
-9.18321e-18
4.61369e-06
4.79468e-13
-8.19214e-16
0.00114031
-9.39138e-17
-1.10526e-17
6.68962e-06
1.37142e-12
-6.18333e-15
0.00138505
-9.9827e-17
-8.81394e-18
8.80518e-06
1.75746e-12
-2.37504e-14
0.00124347
-7.89253e-17
-3.04532e-17
9.8361e-06
6.98409e-15
-6.12714e-14
0.000677961
-2.17547e-17
-5.05184e-17
6.53824e-06
-4.40494e-12
-1.17498e-13
-0.000128433
1.33568e-17
-3.12907e-17
-5.08851e-06
-9.22587e-12
-1.73605e-13
-0.000833509
-4.79714e-17
-4.63018e-18
-2.64321e-05
-9.68887e-12
-1.9187e-13
-0.0011846
-1.51922e-16
3.91772e-18
-5.41511e-05
-8.17203e-13
-1.32246e-13
-0.00115929
-1.87823e-16
1.63339e-18
-8.11133e-05
2.00161e-11
2.87596e-14
-0.000877291
-2.4586e-16
-8.79865e-20
-9.93654e-05
5.18909e-11
2.89401e-13
-0.000465866
-4.31987e-16
3.84906e-18
-0.000103503
9.05142e-11
6.22652e-13
-1.31694e-05
-5.41812e-16
9.45222e-18
-9.29386e-05
1.29374e-10
9.826e-13
0.000427593
-3.73421e-16
1.8625e-17
-7.16908e-05
1.61626e-10
1.31443e-12
0.000825235
-9.14863e-17
1.88088e-17
-4.59221e-05
1.81969e-10
1.56754e-12
0.0011602
6.96472e-17
9.92179e-18
-2.11078e-05
1.87808e-10
1.70315e-12
0.00141881
1.21714e-16
1.82621e-17
-5.37689e-07
1.79701e-10
1.70588e-12
0.0015917
1.60312e-16
2.71578e-17
1.46542e-05
1.60965e-10
1.597e-12
0.00167526
1.25582e-16
4.18366e-18
2.47459e-05
1.3642e-10
1.41952e-12
0.0016742
-1.0085e-17
-2.63171e-17
3.0701e-05
1.10768e-10
1.21078e-12
0.00160312
-1.06033e-16
-3.18093e-17
3.36785e-05
8.74393e-11
9.99856e-13
0.00148472
-7.19664e-17
-1.73784e-17
3.47246e-05
6.82621e-11
8.14566e-13
0.00134398
-1.43939e-17
3.7892e-18
3.4601e-05
5.36756e-11
6.73725e-13
0.0012007
-6.92536e-17
1.8479e-17
3.37643e-05
4.3187e-11
5.78295e-13
0.0010648
-2.27086e-16
8.38883e-18
3.24852e-05
3.58653e-11
5.15854e-13
0.000937525
-3.32166e-16
-1.85201e-17
3.10135e-05
3.06857e-11
4.71432e-13
0.000816937
-2.36805e-16
-2.3657e-17
2.96672e-05
2.66843e-11
4.34307e-13
0.000703037
-2.20729e-17
4.6994e-18
2.88014e-05
2.30707e-11
3.98748e-13
0.00059923
4.7834e-17
2.82162e-17
2.87119e-05
1.93604e-11
3.62435e-13
0.000510508
-1.09618e-16
1.72324e-17
2.95564e-05
1.54227e-11
3.25761e-13
0.000440851
-2.22225e-16
-6.33758e-18
3.13326e-05
1.13474e-11
2.90971e-13
0.000391718
-1.96619e-18
-6.74423e-18
3.38981e-05
7.23432e-12
2.59655e-13
0.00036194
4.30479e-16
1.61493e-17
3.70031e-05
3.12986e-12
2.30659e-13
0.000348368
6.77567e-16
3.72205e-17
4.03137e-05
-8.64381e-13
2.01209e-13
0.000346636
5.81629e-16
4.41167e-17
4.34214e-05
-4.53114e-12
1.70253e-13
0.000351718
3.67383e-16
4.15016e-17
4.58433e-05
-7.64616e-12
1.40147e-13
0.000358234
2.65855e-16
2.88728e-17
4.70232e-05
-1.00877e-11
1.14302e-13
0.000360593
2.31197e-16
6.44695e-19
4.63442e-05
-1.17746e-11
9.32183e-14
0.000353113
1.08972e-16
-3.18756e-17
4.31698e-05
-1.25693e-11
7.36411e-14
0.000330278
-8.28607e-17
-4.27602e-17
3.69333e-05
-1.23576e-11
5.22439e-14
0.000287295
-1.83967e-16
-2.42158e-17
2.73016e-05
-1.1202e-11
2.97533e-14
0.000221143
-1.53111e-16
-2.23802e-19
1.4426e-05
-9.32849e-12
1.05755e-14
0.000132241
-1.10093e-16
3.716e-18
-7.55361e-07
-6.99312e-12
-1.93326e-15
2.64927e-05
-1.02309e-16
-8.02921e-18
-1.63367e-05
-4.44825e-12
-9.01612e-15
-8.34217e-05
-5.51368e-17
-1.22418e-17
-2.96961e-05
-1.99627e-12
-1.45725e-14
-0.000179619
1.54182e-17
2.80725e-19
-3.83505e-05
4.32971e-14
-2.03273e-14
-0.000244728
1.48271e-17
1.64362e-17
-4.10558e-05
1.45287e-12
-2.42856e-14
-0.000269458
1.0402e-17
2.02778e-17
-3.83713e-05
2.18447e-12
-2.39157e-14
-0.000256745
1.27637e-16
9.41315e-18
-3.22308e-05
2.33986e-12
-1.94039e-14
-0.00021917
2.4769e-16
-6.5764e-18
-2.48878e-05
2.11123e-12
-1.33663e-14
-0.00017194
1.71387e-16
-1.6623e-17
-1.80241e-05
1.70518e-12
-8.39202e-15
-0.000126725
6.08503e-18
-1.60262e-17
-1.24596e-05
1.27375e-12
-5.46252e-15
-8.94806e-05
1.9496e-17
-7.76284e-18
-8.34102e-06
8.9585e-13
-4.1503e-15
-6.15583e-05
2.01698e-16
1.44422e-18
-5.46925e-06
6.00193e-13
-3.57507e-15
-4.18578e-05
2.94166e-16
6.35035e-18
-3.54424e-06
3.87085e-13
-3.09561e-15
-2.84925e-05
1.83859e-16
5.93961e-18
-2.28727e-06
2.40961e-13
-2.4887e-15
-1.9648e-05
1.56593e-17
2.55835e-18
-1.48062e-06
1.43267e-13
-1.81178e-15
-1.38803e-05
-5.64348e-17
-7.45691e-19
-9.68636e-07
8.08013e-14
-1.20113e-15
-1.01442e-05
-3.17546e-17
-2.28573e-18
-6.45727e-07
4.39916e-14
-7.45869e-16
-7.72372e-06
1.28165e-17
-2.08934e-18
-4.42564e-07
2.31225e-14
-4.58021e-16
-6.14521e-06
2.88357e-17
-1.08474e-18
-3.14613e-07
1.05343e-14
-2.98578e-16
-5.10221e-06
1.35676e-17
-1.57052e-19
-2.33671e-07
3.46355e-15
-2.15419e-16
-4.3995e-06
-1.06687e-17
3.01777e-19
-1.82057e-07
1.11449e-15
-1.68028e-16
-3.91394e-06
-1.8769e-17
3.40849e-19
-1.4875e-07
9.96193e-16
-1.34069e-16
-3.56834e-06
-5.78156e-18
1.8588e-19
-1.26914e-07
5.37703e-16
-1.04862e-16
-3.31449e-06
1.18512e-17
2.55856e-20
-1.12315e-07
-4.9992e-16
-7.86518e-17
-3.12232e-06
1.93724e-17
-5.87758e-20
-1.02334e-07
-1.22903e-15
-5.60372e-17
-2.97308e-06
1.61489e-17
-7.06918e-20
-9.53495e-08
-1.37091e-15
-3.76701e-17
-2.85502e-06
8.45261e-18
-4.66307e-20
-9.03585e-08
-1.12439e-15
-2.35442e-17
-2.76078e-06
1.76788e-18
-1.8449e-20
-8.67372e-08
-6.77675e-16
-1.32313e-17
-2.68571e-06
-1.11461e-18
-1.33011e-21
-8.40972e-08
-2.6583e-16
-6.22495e-18
-2.62685e-06
-9.4248e-19
4.22667e-21
-8.21951e-08
-9.83834e-17
-2.11233e-18
-2.5823e-06
-5.08884e-19
4.08368e-21
-8.08778e-08
-1.03759e-16
-3.26463e-19
-2.55085e-06
8.9198e-20
1.66273e-21
-8.00474e-08
-7.7802e-17
9.62198e-20
-2.53169e-06
0
0
-3.9855e-08
0
0
-1.26243e-06
-9.52328e-17
-1.00171e-17
3.84123e-06
1.8695e-13
-2.72041e-16
0.00104279
0
0
6.46815e-07
0
0
0.000177663
-1.52064e-16
-3.40906e-17
6.95574e-06
1.46871e-12
-3.68005e-15
0.00192822
-2.2711e-16
-4.70185e-17
9.38027e-06
4.10187e-12
-2.35716e-14
0.00252757
-2.01168e-16
-2.33727e-17
1.21512e-05
5.45264e-12
-8.78491e-14
0.00255305
-1.34253e-16
-5.0181e-17
1.54358e-05
6.89786e-13
-2.24217e-13
0.00169677
-4.27942e-17
-8.63137e-17
1.3456e-05
-1.17863e-11
-4.18306e-13
0.000235952
1.88694e-17
-5.03486e-17
-3.18739e-06
-2.4922e-11
-5.94824e-13
-0.00104952
-1.17429e-16
-4.89336e-19
-3.85865e-05
-2.49483e-11
-6.31973e-13
-0.00163732
-3.83028e-16
1.18461e-17
-8.6639e-05
1.36694e-12
-4.21577e-13
-0.00159724
-4.35544e-16
2.93311e-18
-0.000134304
6.07466e-11
1.05041e-13
-0.00118058
-3.12787e-16
-5.2315e-19
-0.000166588
1.50393e-10
9.45543e-13
-0.00057984
-3.9199e-16
5.09023e-18
-0.000172894
2.58252e-10
2.01485e-12
8.22003e-05
-5.1651e-16
2.28687e-17
-0.000152458
3.66065e-10
3.16151e-12
0.000730424
-2.99064e-16
4.88246e-17
-0.000114001
4.54662e-10
4.2074e-12
0.00131785
7.57979e-17
3.65679e-17
-6.97871e-05
5.09181e-10
4.99293e-12
0.00181202
2.34196e-16
-5.24218e-18
-2.94526e-05
5.22323e-10
5.39366e-12
0.0021882
3.04774e-16
1.07425e-17
2.28902e-06
4.95599e-10
5.35386e-12
0.0024284
4.15673e-16
5.14285e-17
2.45402e-05
4.38607e-10
4.93759e-12
0.00252472
3.07853e-16
2.55125e-17
3.84183e-05
3.65586e-10
4.29255e-12
0.00248477
-1.18728e-16
-3.67762e-17
4.58814e-05
2.90606e-10
3.56167e-12
0.00233532
-4.69549e-16
-7.33891e-17
4.90708e-05
2.23959e-10
2.85772e-12
0.00211972
-4.02811e-16
-7.37428e-17
4.98462e-05
1.70902e-10
2.2738e-12
0.00188601
-1.03309e-16
-3.01368e-17
4.94431e-05
1.32238e-10
1.8621e-12
0.00166974
-1.42432e-17
3.67835e-17
4.84033e-05
1.05869e-10
1.6137e-12
0.00148289
-3.69576e-16
5.11124e-17
4.68601e-05
8.85191e-11
1.47638e-12
0.00131754
-8.57876e-16
-1.20758e-17
4.49702e-05
7.69131e-11
1.39166e-12
0.0011608
-8.38348e-16
-6.34354e-17
4.31476e-05
6.81995e-11
1.31885e-12
0.00100762
-1.86459e-16
-3.05776e-17
4.19764e-05
6.01447e-11
1.23793e-12
0.000863233
3.72295e-16
3.18467e-17
4.197e-05
5.13831e-11
1.14228e-12
0.000737486
1.96177e-16
4.36451e-17
4.33993e-05
4.15282e-11
1.03443e-12
0.000638443
-2.73871e-16
2.25161e-17
4.62608e-05
3.08667e-11
9.24354e-13
0.000569379
-6.8328e-17
2.98205e-17
5.03291e-05
1.97859e-11
8.23217e-13
0.00052891
8.94323e-16
6.10406e-17
5.522e-05
8.49699e-12
7.34707e-13
0.000512405
1.65954e-15
6.35423e-17
6.04288e-05
-2.72441e-12
6.52756e-13
0.000513355
1.5409e-15
3.10652e-17
6.53412e-05
-1.32783e-11
5.68498e-13
0.000524268
8.96765e-16
1.22079e-17
6.92293e-05
-2.24551e-11
4.79346e-13
0.000537108
4.27782e-16
2.71518e-17
7.12452e-05
-2.98083e-11
3.90649e-13
0.000543456
2.33719e-16
3.53551e-17
7.04313e-05
-3.50808e-11
3.08802e-13
0.000534633
-7.30226e-17
3.53904e-18
6.5768e-05
-3.78944e-11
2.34492e-13
0.000501973
-5.38832e-16
-3.94789e-17
5.62879e-05
-3.78618e-11
1.63855e-13
0.000437535
-7.00946e-16
-4.64846e-17
4.12982e-05
-3.50203e-11
9.5661e-14
0.000335529
-4.06422e-16
-1.96958e-17
2.07614e-05
-2.98865e-11
3.50215e-14
0.000194812
-1.34906e-16
-3.14605e-19
-4.13973e-06
-2.31226e-11
-1.13346e-14
2.26656e-05
-1.53202e-16
-8.18032e-18
-3.04113e-05
-1.54268e-11
-4.231e-14
-0.000161172
-1.40138e-16
-2.52292e-17
-5.3287e-05
-7.71668e-12
-6.26907e-14
-0.000324505
7.01246e-18
-3.03046e-17
-6.77381e-05
-1.0744e-12
-7.6295e-14
-0.000432565
-2.31146e-17
-2.10346e-17
-7.10747e-05
3.64152e-12
-8.17899e-14
-0.000465622
-1.31742e-16
-5.34945e-18
-6.45426e-05
6.1402e-12
-7.67952e-14
-0.000430405
8.67808e-17
7.58432e-18
-5.23214e-05
6.73362e-12
-6.32586e-14
-0.000354138
4.20414e-16
1.07972e-17
-3.89183e-05
6.09047e-12
-4.68759e-14
-0.00026723
3.21283e-16
4.41939e-18
-2.72339e-05
4.89724e-12
-3.27694e-14
-0.000189904
-6.87592e-17
-4.08366e-18
-1.82979e-05
3.63351e-12
-2.29328e-14
-0.000129903
-1.2485e-16
-7.26667e-18
-1.19773e-05
2.5404e-12
-1.67787e-14
-8.69486e-05
2.27054e-16
-4.10578e-18
-7.71447e-06
1.69687e-12
-1.28351e-14
-5.76581e-05
4.69332e-16
9.65545e-19
-4.9249e-06
1.09328e-12
-9.91202e-15
-3.828e-05
3.35645e-16
3.4646e-18
-3.13486e-06
6.8047e-13
-7.44145e-15
-2.56985e-05
5.9078e-17
2.42065e-18
-2.00077e-06
4.06034e-13
-5.31995e-15
-1.76185e-05
-8.47352e-17
-2.01515e-19
-1.288e-06
2.31561e-13
-3.61855e-15
-1.24546e-05
-7.25143e-17
-2.10006e-18
-8.42003e-07
1.28398e-13
-2.38297e-15
-9.15317e-06
-5.46878e-18
-2.36933e-18
-5.63363e-07
6.94578e-14
-1.56999e-15
-7.03089e-06
4.52361e-17
-1.49494e-18
-3.89086e-07
3.32257e-14
-1.07285e-15
-5.65199e-06
5.22585e-17
-4.2137e-19
-2.79676e-07
1.11745e-14
-7.73663e-16
-4.74151e-06
2.38994e-17
2.35175e-19
-2.10538e-07
1.58455e-15
-5.81787e-16
-4.12722e-06
-1.59872e-18
3.83468e-19
-1.66424e-07
-4.95148e-16
-4.44199e-16
-3.70169e-06
-4.17343e-19
2.3797e-19
-1.37909e-07
-1.15828e-15
-3.36105e-16
-3.39809e-06
1.44844e-17
4.00972e-20
-1.1917e-07
-2.35984e-15
-2.47919e-16
-3.17486e-06
2.31996e-17
-7.89736e-20
-1.06616e-07
-3.40312e-15
-1.76502e-16
-3.00617e-06
2.11764e-17
-1.03098e-19
-9.80267e-08
-3.86761e-15
-1.20195e-16
-2.87589e-06
1.2946e-17
-7.24813e-20
-9.20296e-08
-3.64239e-15
-7.71062e-17
-2.77393e-06
4.13544e-18
-3.09336e-20
-8.77737e-08
-2.6182e-15
-4.52311e-17
-2.69394e-06
1.06527e-19
-3.76121e-21
-8.47298e-08
-1.27303e-15
-2.28059e-17
-2.63193e-06
4.23287e-19
5.30106e-21
-8.25676e-08
-4.04886e-16
-8.87576e-18
-2.58534e-06
2.88063e-19
6.32143e-21
-8.10794e-08
-1.72899e-16
-2.08741e-18
-2.55255e-06
4.09653e-19
2.77906e-21
-8.01341e-08
-1.09674e-16
-3.34864e-21
-2.53249e-06
0
0
-3.98699e-08
0
0
-1.26261e-06
-1.49626e-16
-1.71916e-17
5.65988e-06
3.80744e-13
-7.01697e-16
0.00142813
0
0
9.69581e-07
0
0
0.000241204
-2.45419e-16
-5.60864e-17
9.8401e-06
2.84291e-12
-8.85817e-15
0.00272343
-3.66815e-16
-7.06869e-17
1.17208e-05
7.99398e-12
-5.4861e-14
0.00385589
-2.94807e-16
-1.56e-17
1.14869e-05
1.12823e-11
-2.23447e-13
0.00455956
-1.63136e-16
-2.78017e-17
1.45436e-05
2.59995e-12
-5.68933e-13
0.00375979
-5.68812e-17
-9.44076e-17
2.01165e-05
-2.17991e-11
-1.03202e-12
0.00106152
2.0046e-17
-4.37488e-17
1.00894e-06
-4.50772e-11
-1.33156e-12
-0.00113261
-9.37637e-17
1.88363e-17
-5.17389e-05
-4.14862e-11
-1.32994e-12
-0.00194833
-4.26413e-16
2.22632e-17
-0.000127121
1.20347e-11
-8.52957e-13
-0.00187945
-5.53301e-16
3.30479e-18
-0.000204966
1.27478e-10
2.67011e-13
-0.00134285
-2.19338e-16
-4.58436e-18
-0.000258413
2.9915e-10
2.04228e-12
-0.00058073
4.22179e-18
-2.8085e-18
-0.000266486
5.03875e-10
4.30935e-12
0.000259503
4.97852e-17
2.38556e-17
-0.000228102
7.06625e-10
6.73684e-12
0.00108624
3.0768e-16
8.08793e-17
-0.000162266
8.70539e-10
8.92077e-12
0.00183763
4.94604e-16
6.43747e-17
-9.29948e-05
9.6712e-10
1.05078e-11
0.00246649
2.41341e-16
-2.60528e-17
-3.493e-05
9.82552e-10
1.12362e-11
0.00293369
8.81981e-17
-2.98031e-17
7.54861e-06
9.20043e-10
1.09878e-11
0.00320889
3.55568e-16
3.55074e-17
3.52044e-05
7.9894e-10
9.89062e-12
0.00327681
4.67214e-16
3.29998e-17
5.07276e-05
6.48147e-10
8.26992e-12
0.00314719
-1.2152e-16
-2.507e-17
5.75284e-05
4.96777e-10
6.48424e-12
0.00286357
-9.10022e-16
-8.28759e-17
5.91878e-05
3.66437e-10
4.84764e-12
0.00250259
-1.04611e-15
-1.25639e-16
5.88391e-05
2.67701e-10
3.6062e-12
0.00215339
-4.37365e-16
-1.03759e-16
5.83927e-05
2.00835e-10
2.86891e-12
0.00187947
1.5806e-16
-2.90782e-18
5.81867e-05
1.59679e-10
2.56934e-12
0.00168947
-1.54121e-16
6.93273e-17
5.76037e-05
1.36026e-10
2.52889e-12
0.00154572
-1.25435e-15
2.14491e-17
5.62176e-05
1.22378e-10
2.56517e-12
0.00140387
-1.78488e-15
-5.98702e-17
5.44277e-05
1.12779e-10
2.56546e-12
0.00124554
-8.02068e-16
-4.62665e-17
5.31914e-05
1.02938e-10
2.49295e-12
0.00108041
7.08289e-16
2.17521e-17
5.34026e-05
9.0384e-11
2.35252e-12
0.000929068
1.03769e-15
3.16284e-17
5.55246e-05
7.45279e-11
2.16365e-12
0.000807904
2.33789e-16
1.15915e-18
5.95707e-05
5.61035e-11
1.95221e-12
0.000724075
3.81125e-17
2.82777e-17
6.52322e-05
3.61214e-11
1.74478e-12
0.000676843
1.22971e-15
1.09185e-16
7.19926e-05
1.52081e-11
1.5571e-12
0.000660482
2.51195e-15
1.37981e-16
7.91849e-05
-6.05803e-12
1.38642e-12
0.000666588
2.43472e-15
7.20062e-17
8.60026e-05
-2.65284e-11
1.21795e-12
0.000685424
1.26504e-15
-6.71488e-18
9.14865e-05
-4.47241e-11
1.04062e-12
0.000706503
3.30854e-16
-1.76817e-17
9.4508e-05
-5.96082e-11
8.5658e-13
0.000718752
5.92607e-17
1.03295e-17
9.37672e-05
-7.06097e-11
6.76483e-13
0.000710569
-3.79363e-16
4.50461e-18
8.78309e-05
-7.70143e-11
5.07977e-13
0.000670023
-1.27305e-15
-3.61784e-17
7.52407e-05
-7.80152e-11
3.50789e-13
0.000585512
-1.5392e-15
-5.3455e-17
5.47422e-05
-7.34868e-11
2.03198e-13
0.000447218
-6.56321e-16
-2.79037e-17
2.57235e-05
-6.41885e-11
6.98037e-14
0.000249973
1.71035e-16
-1.14745e-18
-1.09837e-05
-5.11962e-11
-3.9996e-14
-1.49309e-06
9.58562e-17
-6.4038e-18
-5.17504e-05
-3.56711e-11
-1.19957e-13
-0.000283613
-1.16921e-16
-3.07151e-17
-8.88456e-05
-1.93091e-11
-1.71368e-13
-0.000545027
-7.35862e-18
-4.96115e-17
-0.000112131
-4.54496e-12
-1.97699e-13
-0.000716951
-1.3394e-16
-5.32462e-17
-0.000115193
6.23893e-12
-1.99315e-13
-0.000753745
-3.96825e-16
-3.78257e-17
-0.000100544
1.19448e-11
-1.78156e-13
-0.000668941
-1.14316e-16
-8.09558e-18
-7.73899e-05
1.32584e-11
-1.43006e-13
-0.000522376
3.59375e-16
1.77633e-17
-5.45922e-05
1.18831e-11
-1.0592e-13
-0.000373722
1.96727e-16
2.45782e-17
-3.65331e-05
9.43685e-12
-7.51068e-14
-0.000253837
-3.05696e-16
1.44333e-17
-2.37284e-05
6.92063e-12
-5.28992e-14
-0.000167652
-3.04604e-16
8.26871e-19
-1.51482e-05
4.79209e-12
-3.78949e-14
-0.000109215
1.77743e-16
-5.7438e-18
-9.5766e-06
3.18159e-12
-2.77267e-14
-7.08568e-05
5.20162e-16
-4.58549e-18
-6.02668e-06
2.04455e-12
-2.0434e-14
-4.61573e-05
4.17505e-16
-9.43422e-19
-3.79168e-06
1.27137e-12
-1.48714e-14
-3.04331e-05
1.24652e-16
8.3741e-19
-2.39504e-06
7.57986e-13
-1.05406e-14
-2.0483e-05
-4.731e-17
1.63309e-19
-1.52609e-06
4.30658e-13
-7.25855e-15
-1.4198e-05
-6.6636e-17
-1.26144e-18
-9.86549e-07
2.36882e-13
-4.90568e-15
-1.02198e-05
-1.9476e-17
-1.90084e-18
-6.51524e-07
1.28411e-13
-3.32061e-15
-7.68661e-06
4.24453e-17
-1.48182e-18
-4.43081e-07
6.36069e-14
-2.30176e-15
-6.05689e-06
7.72582e-17
-6.09414e-19
-3.12873e-07
2.27558e-14
-1.65229e-15
-4.99257e-06
6.12771e-17
6.90611e-20
-2.31021e-07
1.62779e-15
-1.2212e-15
-4.2835e-06
2.56945e-17
3.14896e-19
-1.79106e-07
-5.66763e-15
-9.14853e-16
-3.79934e-06
9.57883e-18
2.38956e-19
-1.45785e-07
-7.27884e-15
-6.83212e-16
-3.45933e-06
1.40274e-17
5.94507e-20
-1.24076e-07
-7.43086e-15
-5.01671e-16
-3.21339e-06
2.19223e-17
-7.05795e-20
-1.09677e-07
-7.20857e-15
-3.58504e-16
-3.03047e-06
2.39178e-17
-1.09225e-19
-9.99385e-08
-7.1057e-15
-2.46737e-16
-2.89124e-06
1.83625e-17
-8.39255e-20
-9.32208e-08
-6.78931e-15
-1.61051e-16
-2.78361e-06
8.00648e-18
-3.91558e-20
-8.85101e-08
-5.33167e-15
-9.68588e-17
-2.70001e-06
1.25331e-18
-7.15825e-21
-8.51767e-08
-2.96219e-15
-5.07121e-17
-2.63568e-06
6.13231e-19
4.28793e-21
-8.2828e-08
-1.02518e-15
-2.09996e-17
-2.58759e-06
8.3002e-19
6.75885e-21
-8.12183e-08
-2.52029e-16
-5.62923e-18
-2.55381e-06
7.11995e-19
3.31746e-21
-8.01935e-08
-9.68676e-17
-3.68465e-19
-2.53312e-06
0
0
-3.98808e-08
0
0
-1.26277e-06
-1.89604e-16
-1.42497e-17
8.13525e-06
5.5282e-13
-1.1985e-15
0.00166439
0
0
1.39798e-06
0
0
0.000280105
-3.1204e-16
-5.18857e-17
1.41744e-05
4.03705e-12
-1.50067e-14
0.00321562
-4.0253e-16
-5.0168e-17
1.66538e-05
1.13361e-11
-9.12339e-14
0.00471744
-3.04434e-16
4.97649e-17
1.13922e-05
1.66363e-11
-3.78282e-13
0.00631952
-1.71469e-16
7.97188e-17
4.81729e-06
4.42142e-12
-1.44293e-12
0.00655915
1.22358e-17
-6.60305e-17
2.42358e-05
-3.20406e-11
-1.96611e-12
0.00202016
2.20953e-19
-7.93248e-18
3.69307e-06
-6.18019e-11
-2.10975e-12
-0.00114253
-1.58866e-17
4.5883e-17
-6.86997e-05
-5.0014e-11
-2.04665e-12
-0.00207251
-2.59226e-16
3.03806e-17
-0.000178073
3.55249e-11
-1.27074e-12
-0.0019715
-3.64178e-16
1.37555e-18
-0.000300983
2.12135e-10
4.75502e-13
-0.00134746
6.12331e-17
-1.25637e-17
-0.000387567
4.70558e-10
3.28444e-12
-0.000472881
5.3283e-16
-2.56241e-17
-0.000396779
7.75509e-10
6.94623e-12
0.000493266
7.76953e-16
9.85863e-19
-0.000324601
1.07384e-09
1.09126e-11
0.00144828
1.21946e-15
9.47547e-17
-0.000213343
1.30949e-09
1.44308e-11
0.00231669
1.20194e-15
1.00353e-16
-0.000112068
1.43932e-09
1.6841e-11
0.00303496
1.8767e-16
-2.06861e-17
-3.65052e-05
1.44301e-09
1.77309e-11
0.00354632
-6.93313e-16
-6.30055e-17
1.41084e-05
1.32668e-09
1.69324e-11
0.00380332
-4.18222e-16
-1.05956e-17
4.37997e-05
1.12131e-09
1.46415e-11
0.00377776
3.5557e-16
-4.90909e-18
5.7282e-05
8.73108e-10
1.13884e-11
0.00347702
1.81876e-16
-3.76506e-17
5.96818e-05
6.29932e-10
7.84957e-12
0.00296342
-9.32441e-16
-7.34528e-17
5.66204e-05
4.28364e-10
4.71676e-12
0.00236535
-1.63272e-15
-1.20498e-16
5.35785e-05
2.85844e-10
2.58443e-12
0.00185292
-1.01896e-15
-1.26997e-16
5.39652e-05
2.00373e-10
1.70402e-12
0.00155535
2.27213e-16
-4.67899e-17
5.74614e-05
1.57913e-10
1.86117e-12
0.00147319
4.19418e-16
4.33959e-17
6.11125e-05
1.41882e-10
2.53614e-12
0.00148783
-1.07092e-15
1.98854e-17
6.25877e-05
1.38502e-10
3.22465e-12
0.00147153
-2.53459e-15
-6.79209e-17
6.20512e-05
1.37879e-10
3.65216e-12
0.00137602
-1.78968e-15
-6.10398e-17
6.12681e-05
1.3355e-10
3.78035e-12
0.00122629
6.50212e-16
2.59175e-17
6.19085e-05
1.2225e-10
3.68474e-12
0.00106844
2.04717e-15
4.87427e-17
6.47975e-05
1.03632e-10
3.45299e-12
0.000935928
1.42171e-15
6.48415e-19
7.00214e-05
7.93013e-11
3.15318e-12
0.00084379
7.42023e-16
9.81983e-18
7.72142e-05
5.13161e-11
2.83688e-12
0.000793769
1.67674e-15
1.08069e-16
8.57482e-05
2.10352e-11
2.53702e-12
0.000779967
3.09608e-15
1.70568e-16
9.48187e-05
-1.0534e-11
2.26049e-12
0.000792656
2.81102e-15
1.05967e-16
0.000103457
-4.1619e-11
1.99219e-12
0.000820309
8.30533e-16
-1.18913e-17
0.000110507
-6.98051e-11
1.71382e-12
0.000850409
-5.69321e-16
-5.87471e-17
0.000114598
-9.32764e-11
1.42133e-12
0.000869633
-3.61213e-16
-2.84108e-17
0.000114119
-1.11061e-10
1.1261e-12
0.000863807
-3.68051e-16
-8.70059e-18
0.000107238
-1.22094e-10
8.42513e-13
0.000817949
-1.69984e-15
-3.45969e-17
9.19672e-05
-1.2511e-10
5.7667e-13
0.000716654
-2.23041e-15
-5.41666e-17
6.63233e-05
-1.19727e-10
3.28388e-13
0.000545123
-5.98315e-16
-3.09233e-17
2.86693e-05
-1.0681e-10
1.00286e-13
0.00029136
9.27438e-16
7.81363e-19
-2.15594e-05
-8.77201e-11
-9.91176e-14
-4.90853e-05
6.81069e-16
-1.18919e-18
-8.20354e-05
-6.38286e-11
-2.60603e-13
-0.000461421
1.12717e-16
-2.99607e-17
-0.000142953
-3.7022e-11
-3.70532e-13
-0.000881932
4.68959e-17
-5.93702e-17
-0.000183272
-1.09718e-11
-4.18382e-13
-0.00117184
-3.33452e-16
-7.68933e-17
-0.000184805
8.87462e-12
-4.00909e-13
-0.00120648
-5.93257e-16
-6.8658e-17
-0.000152276
1.90933e-11
-3.35146e-13
-0.00101014
-4.67153e-17
-3.0882e-17
-0.000108268
2.09625e-11
-2.5342e-13
-0.0007289
2.46001e-16
1.31079e-17
-7.12026e-05
1.83562e-11
-1.8091e-13
-0.000486419
-3.00926e-16
3.64356e-17
-4.53317e-05
1.43131e-11
-1.26868e-13
-0.000314362
-6.36685e-16
3.2253e-17
-2.84489e-05
1.03499e-11
-8.87789e-14
-0.000200546
-3.84948e-16
1.37303e-17
-1.7728e-05
7.08755e-12
-6.2715e-14
-0.00012741
1.29537e-16
-1.98339e-18
-1.10144e-05
4.66908e-12
-4.48311e-14
-8.11121e-05
4.96282e-16
-7.39974e-18
-6.84301e-06
2.98693e-12
-3.221e-14
-5.20411e-05
4.52809e-16
-5.36921e-18
-4.26284e-06
1.85481e-12
-2.30033e-14
-3.3863e-05
1.99386e-16
-1.87918e-18
-2.67086e-06
1.10601e-12
-1.61846e-14
-2.25101e-05
2.65514e-17
-2.69441e-19
-1.6895e-06
6.25047e-13
-1.11937e-14
-1.54102e-05
-3.00785e-17
-4.50541e-19
-1.08432e-06
3.37609e-13
-7.65708e-15
-1.0952e-05
-2.71981e-17
-1.0007e-18
-7.10517e-07
1.79041e-13
-5.24967e-15
-8.13266e-06
2.19215e-17
-1.02569e-18
-4.78926e-07
8.89775e-14
-3.66226e-15
-6.33062e-06
7.74312e-17
-5.69544e-19
-3.34784e-07
3.34207e-14
-2.6213e-15
-5.16164e-06
8.62043e-17
-7.00698e-20
-2.44485e-07
2.01319e-15
-1.91946e-15
-4.38854e-06
5.60572e-17
1.84699e-19
-1.87418e-07
-1.18876e-14
-1.42325e-15
-3.86493e-06
2.71869e-17
1.82267e-19
-1.50937e-07
-1.59426e-14
-1.05545e-15
-3.50048e-06
1.65884e-17
5.92432e-20
-1.2728e-07
-1.51152e-14
-7.73554e-16
-3.23932e-06
1.80192e-17
-5.12731e-20
-1.11675e-07
-1.24945e-14
-5.54533e-16
-3.04686e-06
2.19056e-17
-9.4373e-20
-1.01184e-07
-1.05193e-14
-3.8448e-16
-2.90161e-06
2.06518e-17
-7.8602e-20
-9.39953e-08
-9.49966e-15
-2.53835e-16
-2.79016e-06
1.1988e-17
-4.00986e-20
-8.89871e-08
-7.81668e-15
-1.5507e-16
-2.70413e-06
3.62883e-18
-9.60618e-21
-8.54642e-08
-4.84484e-15
-8.30736e-17
-2.63823e-06
1.08698e-18
2.09341e-21
-8.29936e-08
-1.91476e-15
-3.56213e-17
-2.58912e-06
9.66912e-19
5.52445e-21
-8.13053e-08
-4.02976e-16
-1.01516e-17
-2.55468e-06
7.97232e-19
3.13e-21
-8.02306e-08
-6.29222e-17
-9.20294e-19
-2.53358e-06
0
0
-3.98883e-08
0
0
-1.26291e-06
-1.99231e-16
-7.95322e-18
1.10345e-05
6.2504e-13
-1.62678e-15
0.00164908
0
0
1.88635e-06
0
0
0.000278401
-2.97975e-16
-3.88533e-17
1.98602e-05
4.46978e-12
-1.9597e-14
0.00314932
-2.94927e-16
-2.51268e-17
2.54604e-05
1.22268e-11
-1.14181e-13
0.00452404
-3.75299e-16
8.50911e-17
2.61617e-05
1.6881e-11
-4.58903e-13
0.00566002
-2.5721e-16
9.15409e-17
2.7181e-05
2.28382e-12
-1.3478e-12
0.0051805
3.13683e-17
-3.05548e-17
3.37471e-05
-3.63439e-11
-2.14766e-12
0.00156648
-1.35843e-17
1.81509e-17
-6.42622e-07
-6.65899e-11
-2.5355e-12
-0.00114221
4.07509e-17
6.17301e-17
-9.0754e-05
-4.43362e-11
-2.43496e-12
-0.00200827
6.96593e-18
3.10728e-17
-0.000233157
7.02641e-11
-1.47337e-12
-0.0018694
1.37247e-16
-2.51564e-18
-0.000409743
2.97161e-10
5.78576e-13
-0.00120859
5.33875e-16
-1.57303e-17
-0.000534972
6.23464e-10
4.13589e-12
-0.000287391
8.27212e-16
-4.16445e-17
-0.000543157
1.00368e-09
8.91892e-12
0.000735022
9.41474e-16
-2.72701e-17
-0.000423016
1.36983e-09
1.42967e-11
0.0017497
1.58804e-15
8.53489e-17
-0.000253474
1.65022e-09
1.90112e-11
0.00266888
1.8243e-15
1.19599e-16
-0.000121409
1.79015e-09
2.19067e-11
0.00341182
3.52039e-16
2.64966e-19
-3.36821e-05
1.76514e-09
2.25685e-11
0.00390127
-1.56433e-15
-6.11913e-17
1.97481e-05
1.58529e-09
2.07921e-11
0.00406688
-1.76152e-15
-2.9771e-17
4.63187e-05
1.29257e-09
1.6807e-11
0.00385738
-2.47908e-16
-3.13928e-17
5.23002e-05
9.48812e-10
1.1279e-11
0.00326364
6.33038e-16
-4.78059e-17
4.40939e-05
6.19184e-10
5.14233e-12
0.00235427
-3.04377e-16
-5.33062e-17
2.97859e-05
3.55632e-10
-3.36432e-13
0.0013212
-1.58985e-15
-6.86437e-17
1.96093e-05
1.84752e-10
-3.80864e-12
0.000495119
-1.40036e-15
-7.60382e-17
2.18433e-05
1.01333e-10
-4.46553e-12
0.000198077
9.6773e-17
-4.52997e-17
3.56201e-05
7.9222e-11
-2.75753e-12
0.000451651
9.32009e-16
1.82849e-17
5.14e-05
8.96064e-11
-2.25029e-14
0.000923872
-4.10469e-16
1.15969e-17
6.11081e-05
1.11366e-10
2.41043e-12
0.00125948
-2.58286e-15
-7.53692e-17
6.43656e-05
1.30841e-10
3.93136e-12
0.00135006
-2.55087e-15
-8.10573e-17
6.5077e-05
1.40161e-10
4.5945e-12
0.0012752
1.64574e-16
2.2697e-17
6.65276e-05
1.36391e-10
4.70196e-12
0.00114004
2.73273e-15
8.0248e-17
7.02288e-05
1.20036e-10
4.51219e-12
0.00101098
2.95166e-15
3.7832e-17
7.64835e-05
9.38381e-11
4.17758e-12
0.000918097
2.04056e-15
1.74266e-17
8.49416e-05
6.11933e-11
3.78927e-12
0.000868863
2.36616e-15
9.22805e-17
9.49132e-05
2.44498e-11
3.40117e-12
0.000858806
3.57228e-15
1.62795e-16
0.000105499
-1.48919e-11
3.03342e-12
0.000877834
2.73753e-15
1.13362e-16
0.000115615
-5.44912e-11
2.67681e-12
0.000913341
-6.61558e-16
-1.35337e-17
0.000123964
-9.10223e-11
2.31078e-12
0.000951416
-2.78472e-15
-8.42029e-17
0.000128993
-1.21868e-10
1.92561e-12
0.000977109
-1.27956e-15
-5.95983e-17
0.000128857
-1.4567e-10
1.53044e-12
0.000974327
2.73265e-16
-2.11649e-17
0.000121403
-1.61087e-10
1.14346e-12
0.000925687
-1.11816e-15
-2.87459e-17
0.000104173
-1.66513e-10
7.77301e-13
0.000812532
-1.92089e-15
-4.67976e-17
7.44577e-05
-1.61339e-10
4.34663e-13
0.000615205
5.03454e-16
-2.85641e-17
2.93735e-05
-1.46404e-10
1.14915e-13
0.00031363
2.14303e-15
4.15669e-18
-3.3964e-05
-1.23255e-10
-1.79843e-13
-0.000111514
9.39325e-16
5.07327e-18
-0.00011786
-9.34308e-11
-4.47667e-13
-0.000675045
1.39152e-16
-2.84054e-17
-0.000219426
-5.82937e-11
-6.88494e-13
-0.00135846
1.95655e-16
-6.7719e-17
-0.000306256
-2.00795e-11
-7.97176e-13
-0.00195431
-6.78065e-16
-9.52656e-17
-0.000306235
1.2057e-11
-7.27988e-13
-0.00199101
-3.97407e-16
-9.17993e-17
-0.000224027
2.70937e-11
-5.47879e-13
-0.00148075
9.69985e-16
-5.05085e-17
-0.000141101
2.83849e-11
-3.67116e-13
-0.000947789
2.20661e-16
4.85552e-19
-8.61544e-05
2.40508e-11
-2.51412e-13
-0.000587725
-8.46772e-16
3.57055e-17
-5.25051e-05
1.83948e-11
-1.7352e-13
-0.000363709
-9.03223e-16
4.10231e-17
-3.20293e-05
1.31386e-11
-1.20546e-13
-0.000225535
-4.55233e-16
2.43244e-17
-1.95786e-05
8.91912e-12
-8.43939e-14
-0.000140504
6.21857e-17
4.01566e-18
-1.20007e-05
5.83219e-12
-5.95057e-14
-8.81815e-05
4.58038e-16
-7.2891e-18
-7.3829e-06
3.70705e-12
-4.20805e-14
-5.59593e-05
4.791e-16
-8.4426e-18
-4.56541e-06
2.29519e-12
-2.96599e-14
-3.60849e-05
2.71941e-16
-4.83935e-18
-2.84386e-06
1.37045e-12
-2.07307e-14
-2.37952e-05
1.03683e-16
-1.50633e-18
-1.79011e-06
7.73955e-13
-1.4352e-14
-1.61661e-05
1.71393e-17
-1.77306e-19
-1.14367e-06
4.12209e-13
-9.88209e-15
-1.1403e-05
-2.08937e-17
-1.7894e-19
-7.45936e-07
2.117e-13
-6.82841e-15
-8.40499e-06
3.19749e-18
-4.00404e-19
-5.00273e-07
1.0242e-13
-4.78508e-15
-6.49676e-06
6.1288e-17
-3.60476e-19
-3.47756e-07
3.9139e-14
-3.42134e-15
-5.2639e-06
9.05689e-17
-1.45676e-19
-2.52423e-07
2.83652e-15
-2.49188e-15
-4.45196e-06
7.58225e-17
3.07904e-20
-1.92304e-07
-1.58201e-14
-1.83565e-15
-3.90454e-06
4.54605e-17
7.5467e-20
-1.5396e-07
-2.31273e-14
-1.35476e-15
-3.52537e-06
2.43123e-17
2.52665e-20
-1.29158e-07
-2.27031e-14
-9.91538e-16
-3.25504e-06
1.75014e-17
-4.08583e-20
-1.12844e-07
-1.81716e-14
-7.1225e-16
-3.05683e-06
1.90517e-17
-7.27649e-20
-1.01913e-07
-1.37817e-14
-4.96245e-16
-2.90794e-06
1.96005e-17
-6.39679e-20
-9.44474e-08
-1.13455e-14
-3.29988e-16
-2.79419e-06
1.37829e-17
-3.51523e-20
-8.92647e-08
-9.36291e-15
-2.03579e-16
-2.70667e-06
6.07836e-18
-1.06064e-20
-8.56305e-08
-6.27672e-15
-1.10604e-16
-2.63982e-06
2.16288e-18
-6.14634e-22
-8.30887e-08
-2.79176e-15
-4.84108e-17
-2.59009e-06
1.08755e-18
3.23405e-21
-8.13549e-08
-6.23192e-16
-1.4264e-17
-2.55525e-06
7.73224e-19
2.31342e-21
-8.02522e-08
-3.82297e-17
-1.47209e-18
-2.53391e-06
0
0
-3.98932e-08
0
0
-1.26303e-06
-1.59127e-16
-5.508e-18
1.34175e-05
5.76497e-13
-1.78983e-15
0.00139632
0
0
2.28361e-06
0
0
0.000237917
-1.95987e-16
-3.08861e-17
2.47494e-05
4.00875e-12
-2.08922e-14
0.00258034
-1.5011e-16
-1.47529e-17
3.38364e-05
1.03734e-11
-1.15258e-13
0.00344833
-1.51154e-16
6.81765e-17
4.07246e-05
1.23901e-11
-4.12674e-13
0.00367992
-4.21014e-17
4.65256e-17
4.40901e-05
-2.61065e-12
-1.01245e-12
0.00266964
1.26853e-17
-2.90462e-17
3.30821e-05
-3.56537e-11
-1.8056e-12
0.000585249
-2.41994e-17
1.61188e-17
-1.47763e-05
-5.89531e-11
-2.37864e-12
-0.00112635
5.01506e-17
5.81092e-17
-0.000114115
-2.57208e-11
-2.31569e-12
-0.00177903
2.78678e-16
2.53249e-17
-0.00027162
1.07492e-10
-1.29498e-12
-0.00161475
7.88675e-16
-6.53625e-18
-0.00047027
3.60491e-10
8.85983e-13
-0.000971082
1.18462e-15
-1.39412e-17
-0.000607759
7.17361e-10
4.75039e-12
-7.31506e-05
9.52055e-16
-4.40906e-17
-0.000607098
1.1269e-09
1.00315e-11
0.000929831
4.11654e-16
-4.42737e-17
-0.000459049
1.51365e-09
1.59928e-11
0.00192665
9.22655e-16
6.42589e-17
-0.000261772
1.79837e-09
2.1086e-11
0.00281973
1.82995e-15
1.14227e-16
-0.000116677
1.92131e-09
2.38777e-11
0.00351243
8.06756e-16
1.30998e-17
-2.70556e-05
1.85777e-09
2.38831e-11
0.00390596
-1.79675e-15
-4.88157e-17
2.20274e-05
1.62248e-09
2.08712e-11
0.00390176
-2.86541e-15
-3.04962e-17
3.95885e-05
1.26548e-09
1.50386e-11
0.0034121
-1.02862e-15
-3.25406e-17
3.17513e-05
8.58522e-10
7.01762e-12
0.00238334
9.34727e-16
-3.22553e-17
4.24508e-06
4.76186e-10
-2.29625e-12
0.000839911
5.46497e-16
-1.05796e-17
-3.42217e-05
1.77208e-10
-1.17233e-11
-0.00102531
-9.28702e-16
2.42636e-17
-6.5976e-05
-3.16597e-12
-1.80506e-11
-0.00265322
-1.19031e-15
4.75918e-17
-6.52971e-05
-6.39767e-11
-1.87269e-11
-0.00310674
-9.39394e-18
8.24549e-18
-2.74117e-05
-4.78417e-11
-1.36328e-11
-0.00207577
1.00555e-15
3.22797e-18
1.92514e-05
1.2544e-12
-6.35292e-12
-0.000474164
1.97828e-16
9.15593e-18
4.83361e-05
5.51469e-11
-3.50931e-13
0.000654922
-1.93158e-15
-6.3204e-17
5.99102e-05
9.77185e-11
3.10625e-12
0.00112632
-2.70187e-15
-8.69232e-17
6.38818e-05
1.23176e-10
4.59657e-12
0.00120883
-5.05893e-16
9.49356e-18
6.67281e-05
1.30396e-10
5.05768e-12
0.00113363
2.85889e-15
9.39701e-17
7.12606e-05
1.2046e-10
5.00475e-12
0.00102573
4.27702e-15
7.60621e-17
7.82612e-05
9.67599e-11
4.70892e-12
0.000940349
3.35574e-15
4.18028e-17
8.75207e-05
6.3856e-11
4.31104e-12
0.000894932
2.92443e-15
8.30089e-17
9.83627e-05
2.51189e-11
3.8873e-12
0.000888554
3.96131e-15
1.42022e-16
0.000109853
-1.75041e-11
3.47141e-12
0.000912024
2.75878e-15
1.07524e-16
0.000120851
-6.13213e-11
3.06402e-12
0.000952571
-2.51545e-15
-1.04203e-17
0.000129984
-1.02333e-10
2.64851e-12
0.000995684
-5.99764e-15
-9.41764e-17
0.000135605
-1.37282e-10
2.21305e-12
0.00102559
-2.73183e-15
-8.30724e-17
0.000135741
-1.64526e-10
1.7632e-12
0.00102517
1.37985e-15
-3.67621e-17
0.000128054
-1.82578e-10
1.31694e-12
0.00097571
1.46466e-16
-2.52663e-17
0.000109812
-1.89711e-10
8.90943e-13
0.000856633
-7.05163e-16
-3.51938e-17
7.78329e-05
-1.85238e-10
4.91219e-13
0.000645194
3.23696e-15
-2.18899e-17
2.83373e-05
-1.69853e-10
1.14856e-13
0.000315571
4.29903e-15
5.36098e-18
-4.35172e-05
-1.45104e-10
-2.43838e-13
-0.000163985
-2.89178e-16
4.2103e-18
-0.000145134
-1.12866e-10
-5.9649e-13
-0.000840561
-1.14089e-15
-3.15932e-17
-0.000292608
-7.48552e-11
-9.77173e-13
-0.00181543
3.09001e-16
-8.79562e-17
-0.000472751
-2.91157e-11
-1.53317e-12
-0.00301037
-7.64144e-16
-1.11137e-16
-0.000474571
1.59978e-11
-1.36085e-12
-0.00307404
8.31888e-16
-8.03623e-17
-0.000292667
3.37352e-11
-7.06307e-13
-0.00192954
2.03763e-15
-5.14181e-17
-0.000163555
3.32242e-11
-4.41794e-13
-0.00109746
3.88782e-16
-1.05249e-17
-9.53831e-05
2.74612e-11
-2.94007e-13
-0.000650287
-7.92446e-16
2.47174e-17
-5.66398e-05
2.07317e-11
-2.01091e-13
-0.000392193
-9.10971e-16
3.72062e-17
-3.39986e-05
1.47155e-11
-1.39268e-13
-0.000239312
-5.68689e-16
2.716e-17
-2.056e-05
9.9522e-12
-9.71225e-14
-0.000147473
-4.80714e-17
8.55062e-18
-1.25083e-05
6.47416e-12
-6.7991e-14
-9.18378e-05
3.85507e-16
-5.02779e-18
-7.65392e-06
4.08815e-12
-4.76288e-14
-5.79387e-05
4.64872e-16
-9.03341e-18
-4.71415e-06
2.52119e-12
-3.32771e-14
-3.71859e-05
3.13528e-16
-6.62258e-18
-2.92744e-06
1.50776e-12
-2.31406e-14
-2.44223e-05
1.64245e-16
-2.80404e-18
-1.83804e-06
8.55272e-13
-1.60208e-14
-1.65305e-05
6.34134e-17
-4.33195e-19
-1.17163e-06
4.54038e-13
-1.10789e-14
-1.16185e-05
-5.9169e-19
2.328e-19
-7.62478e-07
2.27073e-13
-7.70055e-15
-8.53429e-06
-2.21357e-18
9.26279e-20
-5.10178e-07
1.05185e-13
-5.41849e-15
-6.57535e-06
4.3573e-17
-1.10248e-19
-3.53746e-07
3.94656e-14
-3.87569e-15
-5.31219e-06
8.12411e-17
-1.48482e-19
-2.56076e-07
3.56022e-15
-2.81426e-15
-4.48193e-06
8.17309e-17
-8.78618e-20
-1.94548e-07
-1.62888e-14
-2.06369e-15
-3.9233e-06
5.72402e-17
-3.40838e-20
-1.55347e-07
-2.61039e-14
-1.51719e-15
-3.5372e-06
3.22432e-17
-2.54174e-20
-1.30019e-07
-2.73679e-14
-1.1086e-15
-3.26256e-06
1.96717e-17
-4.21027e-20
-1.13381e-07
-2.24879e-14
-7.97011e-16
-3.06163e-06
1.77898e-17
-5.39662e-20
-1.02247e-07
-1.632e-14
-5.56838e-16
-2.91103e-06
1.78585e-17
-4.69913e-20
-9.46553e-08
-1.22631e-14
-3.71768e-16
-2.79617e-06
1.37239e-17
-2.76882e-20
-8.93924e-08
-9.76725e-15
-2.30543e-16
-2.70795e-06
7.24855e-18
-1.03081e-20
-8.57072e-08
-6.84712e-15
-1.26159e-16
-2.64063e-06
2.93424e-18
-3.00195e-21
-8.31327e-08
-3.34708e-15
-5.58098e-17
-2.5906e-06
1.2271e-18
7.89645e-22
-8.13782e-08
-8.42182e-16
-1.67399e-17
-2.55558e-06
7.55848e-19
1.24616e-21
-8.02631e-08
-3.56758e-17
-1.84456e-18
-2.53412e-06
0
0
-3.98962e-08
0
0
-1.26311e-06
-7.60968e-17
-5.18778e-18
1.41974e-05
4.42309e-13
-1.64927e-15
0.00102464
0
0
2.41778e-06
0
0
0.000176795
-7.37426e-17
-2.59854e-17
2.62561e-05
2.96725e-12
-1.89374e-14
0.00181178
-4.21385e-17
-1.17111e-17
3.594e-05
7.0705e-12
-9.90797e-14
0.00221602
2.70083e-17
4.59999e-17
4.21075e-05
6.50475e-12
-3.28649e-13
0.00204297
9.75202e-17
2.57002e-17
3.99975e-05
-7.20195e-12
-7.80016e-13
0.00119302
1.04455e-17
-2.78042e-17
1.93009e-05
-3.2102e-11
-1.38599e-12
-3.22405e-05
-8.6938e-17
5.19775e-18
-3.34076e-05
-4.43417e-11
-1.86372e-12
-0.00104596
-6.9662e-17
4.17327e-17
-0.000129908
-2.21227e-12
-1.78372e-12
-0.00145863
3.56683e-16
1.5723e-17
-0.000278539
1.34481e-10
-7.93431e-13
-0.00128104
1.22186e-15
-1.047e-17
-0.000462575
3.82947e-10
1.2819e-12
-0.000697676
1.76953e-15
-1.38481e-17
-0.00058335
7.25811e-10
4.94448e-12
0.000117872
1.2121e-15
-3.87434e-17
-0.000571056
1.11216e-09
9.91741e-12
0.00103321
-2.54615e-16
-5.13539e-17
-0.000422306
1.46851e-09
1.546e-11
0.00193961
-5.16621e-16
3.67609e-17
-0.000233395
1.71834e-09
2.00127e-11
0.00273416
8.81617e-16
8.82883e-17
-9.82877e-05
1.80496e-09
2.21201e-11
0.00330885
1.07887e-15
1.20605e-17
-1.85876e-05
1.70764e-09
2.12797e-11
0.00354664
-1.32788e-15
-4.28362e-17
1.96337e-05
1.44563e-09
1.72364e-11
0.00332099
-3.06725e-15
-3.37596e-17
2.39404e-05
1.07221e-09
1.01025e-11
0.00250091
-1.33328e-15
-2.64052e-17
-1.72142e-06
6.61634e-10
3.42472e-13
0.00096381
1.09277e-15
-6.26194e-18
-5.51044e-05
2.88684e-10
-1.15071e-11
-0.00138098
1.01503e-15
3.44986e-17
-0.000133518
6.26094e-12
-2.50069e-11
-0.00454825
-2.49832e-16
1.49583e-16
-0.000224972
-1.63832e-10
-4.07958e-11
-0.00821694
-6.30286e-16
2.57949e-16
-0.000265678
-2.10219e-10
-4.40375e-11
-0.0102643
-9.47084e-17
1.36546e-16
-0.000171736
-1.49559e-10
-3.34206e-11
-0.00748065
6.06169e-16
2.56481e-18
-4.42256e-05
-6.40593e-11
-1.61198e-11
-0.00297485
3.77306e-16
5.33329e-18
2.32879e-05
5.9643e-12
-3.83287e-12
-0.000334722
-9.76892e-16
-3.96731e-17
4.87194e-05
5.77356e-11
1.49277e-12
0.000719653
-2.28126e-15
-7.20558e-17
5.78427e-05
9.26488e-11
3.81432e-12
0.00103262
-1.04664e-15
-2.12746e-18
6.26377e-05
1.09164e-10
4.65328e-12
0.00105021
2.60568e-15
8.28112e-17
6.79451e-05
1.0692e-10
4.78652e-12
0.000979837
5.07134e-15
8.58599e-17
7.5293e-05
8.87242e-11
4.58932e-12
0.000909568
4.09761e-15
5.27506e-17
8.47503e-05
5.95416e-11
4.24546e-12
0.000870312
2.69536e-15
6.95788e-17
9.57397e-05
2.34659e-11
3.84813e-12
0.000866648
3.80337e-15
1.13795e-16
0.000107359
-1.72937e-11
3.44142e-12
0.000891575
3.26e-15
9.427e-17
0.000118476
-6.00566e-11
3.03623e-12
0.000933145
-3.35976e-15
-2.90393e-18
0.000127718
-1.00578e-10
2.62389e-12
0.000977125
-8.82334e-15
-8.92078e-17
0.000133437
-1.3525e-10
2.19468e-12
0.00100782
-4.1322e-15
-9.62654e-17
0.000133659
-1.62287e-10
1.75131e-12
0.00100811
2.87671e-15
-5.5151e-17
0.000126045
-1.80228e-10
1.30846e-12
0.000959256
9.53009e-16
-2.98549e-17
0.000107862
-1.87463e-10
8.83134e-13
0.000840689
-1.04275e-15
-2.69805e-17
7.59262e-05
-1.8337e-10
4.83804e-13
0.000629637
6.00418e-15
-1.51467e-17
2.64558e-05
-1.68469e-10
1.08666e-13
0.000300254
7.82235e-15
3.51489e-18
-4.53982e-05
-1.43933e-10
-2.49828e-13
-0.000179261
-1.69922e-15
-3.48092e-18
-0.000147054
-1.11745e-10
-6.05012e-13
-0.000856114
-4.23354e-15
-3.80732e-17
-0.000294654
-7.40006e-11
-9.89822e-13
-0.00183194
2.2574e-16
-7.05058e-17
-0.000474869
-2.80456e-11
-1.54816e-12
-0.00302742
-6.56682e-16
-5.46808e-17
-0.000476117
1.68517e-11
-1.36721e-12
-0.00308651
3.62054e-16
-3.52051e-17
-0.000293416
3.41889e-11
-7.06267e-13
-0.00193563
1.05996e-15
-2.83143e-17
-0.000163895
3.34115e-11
-4.40654e-13
-0.00110026
5.78066e-16
-1.04128e-17
-9.55468e-05
2.75462e-11
-2.93528e-13
-0.000651645
-7.09932e-17
1.23691e-17
-5.67206e-05
2.07757e-11
-2.0147e-13
-0.000392872
-4.36418e-16
2.52269e-17
-3.40391e-05
1.47656e-11
-1.40033e-13
-0.000239657
-4.515e-16
2.21745e-17
-2.05806e-05
1.00019e-11
-9.77905e-14
-0.000147651
-1.18335e-16
9.61746e-18
-1.25188e-05
6.4987e-12
-6.83364e-14
-9.19312e-05
2.39916e-16
-2.06005e-18
-7.65937e-06
4.08733e-12
-4.76688e-14
-5.79883e-05
3.51884e-16
-7.17606e-18
-4.71698e-06
2.51264e-12
-3.31509e-14
-3.72128e-05
2.85003e-16
-6.39336e-18
-2.92893e-06
1.50481e-12
-2.29887e-14
-2.44372e-05
1.92304e-16
-3.30615e-18
-1.83883e-06
8.60153e-13
-1.59228e-14
-1.6539e-05
1.0497e-16
-7.96417e-19
-1.17205e-06
4.59972e-13
-1.10503e-14
-1.16235e-05
3.11237e-17
2.60161e-19
-7.6271e-07
2.27526e-13
-7.71883e-15
-8.53743e-06
5.84862e-18
3.20888e-19
-5.10309e-07
1.01328e-13
-5.45314e-15
-6.57738e-06
3.06826e-17
7.76146e-20
-3.53822e-07
3.65254e-14
-3.90577e-15
-5.31358e-06
6.64014e-17
-9.39021e-20
-2.56122e-07
4.03781e-15
-2.8319e-15
-4.48291e-06
7.81525e-17
-1.29888e-19
-1.94577e-07
-1.3877e-14
-2.06991e-15
-3.92402e-06
6.20318e-17
-9.73646e-20
-1.55366e-07
-2.44333e-14
-1.51663e-15
-3.53775e-06
3.69891e-17
-6.21074e-20
-1.30033e-07
-2.76772e-14
-1.10577e-15
-3.26298e-06
2.09006e-17
-4.54268e-20
-1.13391e-07
-2.39657e-14
-7.94579e-16
-3.06196e-06
1.6637e-17
-3.97764e-20
-1.02255e-07
-1.73696e-14
-5.55589e-16
-2.91129e-06
1.63388e-17
-3.19065e-20
-9.46612e-08
-1.21796e-14
-3.71412e-16
-2.79638e-06
1.31152e-17
-1.95948e-20
-8.93972e-08
-9.12992e-15
-2.30588e-16
-2.70812e-06
7.38735e-18
-9.1137e-21
-8.57112e-08
-6.48623e-15
-1.26331e-16
-2.64078e-06
3.05267e-18
-4.55999e-21
-8.31361e-08
-3.41256e-15
-5.60052e-17
-2.59073e-06
1.21084e-18
-1.07301e-21
-8.13812e-08
-9.73581e-16
-1.68981e-17
-2.55569e-06
7.2691e-19
3.10113e-22
-8.02659e-08
-4.95012e-17
-1.92396e-18
-2.53423e-06
0
0
-3.98975e-08
0
0
-1.26316e-06
3.76138e-18
-4.64151e-18
1.29981e-05
2.80989e-13
-1.29933e-15
0.00066386
0
0
2.22442e-06
0
0
0.000116034
6.6386e-17
-2.1159e-17
2.36816e-05
1.813e-12
-1.48612e-14
0.00112303
5.90974e-17
-1.13962e-17
3.12545e-05
3.80829e-12
-7.54929e-14
0.00126482
8.14504e-17
2.87585e-17
3.37522e-05
1.65044e-12
-2.41384e-13
0.00101892
1.00759e-16
1.48685e-17
2.65136e-05
-9.5558e-12
-5.54757e-13
0.00042138
-2.70138e-17
-2.26375e-17
2.16658e-06
-2.60658e-11
-9.63916e-13
-0.000321129
-1.79387e-16
-2.60843e-18
-4.77412e-05
-2.82317e-11
-1.26116e-12
-0.000909632
-2.23545e-16
2.36652e-17
-0.000130351
1.67536e-11
-1.11139e-12
-0.0011299
3.33983e-16
5.90514e-18
-0.000249529
1.40535e-10
-2.07307e-13
-0.000946199
1.40765e-15
-1.22417e-17
-0.000389009
3.55617e-10
1.58477e-12
-0.000447248
2.12607e-15
-9.16124e-18
-0.000472641
6.45218e-10
4.63178e-12
0.000246645
1.5636e-15
-3.02922e-17
-0.000451817
9.64653e-10
8.63123e-12
0.00102499
-6.14538e-16
-4.77194e-17
-0.000329113
1.2512e-09
1.29436e-11
0.00178704
-2.12411e-15
1.34821e-17
-0.00017937
1.44044e-09
1.62822e-11
0.00243127
-7.66179e-16
5.69016e-17
-7.23187e-05
1.48583e-09
1.74393e-11
0.00284652
8.04162e-16
7.47142e-18
-1.07505e-05
1.37347e-09
1.59663e-11
0.00290695
-7.07389e-16
-3.61233e-17
1.34115e-05
1.1252e-09
1.16077e-11
0.00246914
-2.58709e-15
-3.36961e-17
4.3139e-06
7.9201e-10
4.41455e-12
0.0013722
-1.10298e-15
-1.56499e-17
-3.68824e-05
4.42655e-10
-5.2984e-12
-0.000559963
1.05388e-15
1.65507e-17
-0.000111675
1.44812e-10
-1.72608e-11
-0.00352235
8.54196e-16
5.72858e-17
-0.000224698
-5.54117e-11
-3.17809e-11
-0.00776421
3.08584e-17
1.92246e-16
-0.000395286
-1.56443e-10
-5.02894e-11
-0.014014
-1.33334e-16
7.07528e-16
-0.000571871
-1.64157e-10
-9.81278e-11
-0.0207649
2.30439e-16
4.06498e-16
-0.000386746
-9.82741e-11
-6.63775e-11
-0.0151341
1.4494e-16
2.02369e-17
-0.000118406
-5.02696e-11
-1.97292e-11
-0.00567721
2.45873e-16
1.0992e-18
-6.01947e-06
-1.09167e-11
-6.24522e-12
-0.00136174
-2.55955e-16
-1.87358e-17
3.3699e-05
2.74116e-11
-7.84066e-14
0.000242282
-1.59263e-15
-4.51301e-17
4.82651e-05
6.05985e-11
2.60163e-12
0.000785327
-1.24671e-15
-2.49309e-18
5.50887e-05
8.07931e-11
3.66311e-12
0.00090533
2.18003e-15
6.3725e-17
6.09486e-05
8.44858e-11
3.94914e-12
0.00088116
5.30911e-15
7.36045e-17
6.81736e-05
7.26931e-11
3.8691e-12
0.000831055
4.23221e-15
4.52395e-17
7.71823e-05
4.97867e-11
3.62027e-12
0.000799431
1.49817e-15
4.6651e-17
8.75637e-05
2.00353e-11
3.29985e-12
0.00079718
2.51591e-15
7.76985e-17
9.85102e-05
-1.43756e-11
2.95547e-12
0.000820404
3.85102e-15
7.23333e-17
0.00010896
-5.11975e-11
2.60495e-12
0.000858853
-2.27122e-15
4.03687e-18
0.000117619
-8.6492e-11
2.24793e-12
0.000899424
-9.68121e-15
-7.13424e-17
0.00012293
-1.16675e-10
1.87931e-12
0.00092739
-5.10794e-15
-9.16862e-17
0.000123046
-1.39943e-10
1.50038e-12
0.000926683
4.56553e-15
-6.36779e-17
0.000115811
-1.55059e-10
1.1215e-12
0.000879899
1.68884e-15
-3.46695e-17
9.87702e-05
-1.6077e-10
7.56767e-13
0.000768361
-3.97196e-15
-2.21232e-17
6.92119e-05
-1.56572e-10
4.15581e-13
0.0005724
5.3492e-15
-1.02411e-17
2.42538e-05
-1.42912e-10
9.93498e-14
0.000271938
1.00672e-14
1.28925e-18
-3.89873e-05
-1.20353e-10
-1.94784e-13
-0.000152336
2.06994e-16
-8.56069e-18
-0.00012281
-9.06161e-11
-4.6854e-13
-0.00071518
-3.79369e-15
-3.59616e-17
-0.000224249
-5.58071e-11
-7.17054e-13
-0.00139748
-4.82315e-17
-3.73266e-17
-0.000310569
-1.77028e-11
-8.22158e-13
-0.00198919
-1.00472e-15
-8.98079e-18
-0.000309338
1.38787e-11
-7.38274e-13
-0.00201616
-1.53381e-15
5.23174e-18
-0.000225782
2.81908e-11
-5.46862e-13
-0.00149506
-8.12242e-16
7.02247e-19
-0.000141988
2.89298e-11
-3.63831e-13
-0.000955091
2.18543e-16
-1.37215e-18
-8.65983e-05
2.42926e-11
-2.50124e-13
-0.000591414
5.31643e-16
4.9642e-18
-5.27292e-05
1.85124e-11
-1.74626e-13
-0.000365591
2.88871e-16
1.23291e-17
-3.21433e-05
1.32564e-11
-1.22678e-13
-0.000226505
-6.5644e-18
1.31373e-17
-1.96371e-05
9.03322e-12
-8.6204e-14
-0.00014101
-2.8567e-17
7.27677e-18
-1.20308e-05
5.88816e-12
-6.03941e-14
-8.84479e-05
9.8528e-17
-6.87906e-20
-7.39849e-06
3.70368e-12
-4.21279e-14
-5.61016e-05
1.71862e-16
-4.35681e-18
-4.57354e-06
2.27438e-12
-2.92685e-14
-3.61622e-05
1.82801e-16
-4.70164e-18
-2.84813e-06
1.36454e-12
-2.02908e-14
-2.38383e-05
1.71689e-16
-2.87247e-18
-1.79238e-06
7.87253e-13
-1.40765e-14
-1.61908e-05
1.29724e-16
-9.48124e-19
-1.14489e-06
4.27301e-13
-9.80368e-15
-1.14177e-05
6.66535e-17
8.61917e-20
-7.46608e-07
2.12715e-13
-6.87877e-15
-8.41412e-06
2.39475e-17
2.99734e-19
-5.00652e-07
9.29308e-14
-4.87849e-15
-6.5027e-06
2.37559e-17
1.45321e-19
-3.47977e-07
3.23054e-14
-3.50116e-15
-5.26795e-06
4.93875e-17
-3.41229e-20
-2.52558e-07
4.45398e-15
-2.53778e-15
-4.45484e-06
6.77245e-17
-1.12283e-19
-1.9239e-07
-9.77119e-15
-1.85108e-15
-3.90666e-06
6.10163e-17
-1.06974e-19
-1.54018e-07
-1.92266e-14
-1.35239e-15
-3.52697e-06
3.86948e-17
-7.31179e-20
-1.29198e-07
-2.37966e-14
-9.83357e-16
-3.25628e-06
2.0379e-17
-4.56628e-20
-1.12874e-07
-2.20521e-14
-7.05257e-16
-3.0578e-06
1.41924e-17
-3.08418e-20
-1.01935e-07
-1.63957e-14
-4.92548e-16
-2.90872e-06
1.41432e-17
-2.1595e-20
-9.4465e-08
-1.10034e-14
-3.28869e-16
-2.79482e-06
1.21736e-17
-1.34332e-20
-8.92788e-08
-7.6634e-15
-2.03682e-16
-2.70719e-06
7.19057e-18
-7.69775e-21
-8.56422e-08
-5.36656e-15
-1.11097e-16
-2.64025e-06
2.87233e-18
-5.36704e-21
-8.30987e-08
-2.98995e-15
-4.89507e-17
-2.59047e-06
1.00893e-18
-2.25191e-21
-8.13637e-08
-9.61735e-16
-1.46804e-17
-2.55559e-06
6.30914e-19
-3.9114e-22
-8.02604e-08
-6.58074e-17
-1.67846e-18
-2.53422e-06
0
0
-3.98972e-08
0
0
-1.26318e-06
4.34322e-17
-3.77845e-18
1.03593e-05
1.4418e-13
-8.60336e-16
0.000385779
0
0
1.78561e-06
0
0
6.82325e-05
1.44929e-16
-1.6437e-17
1.84213e-05
8.87149e-13
-9.97094e-15
0.000625817
1.0399e-16
-1.18383e-17
2.30305e-05
1.46137e-12
-5.02951e-14
0.000647457
6.54104e-17
1.43772e-17
2.22186e-05
-1.10709e-12
-1.57049e-13
0.000432384
3.7609e-17
5.9387e-18
1.24381e-05
-9.1155e-12
-3.50339e-13
3.42462e-05
-5.95229e-17
-1.8625e-17
-1.10367e-05
-1.84648e-11
-5.8826e-13
-0.00041358
-2.66475e-16
-6.9833e-18
-5.27955e-05
-1.4595e-11
-7.29546e-13
-0.000745331
-3.75605e-16
1.00849e-17
-0.000115188
2.52847e-11
-5.44409e-13
-0.000839059
1.95988e-16
-1.3345e-19
-0.000194918
1.22552e-10
2.00257e-13
-0.000661629
1.14088e-15
-9.31234e-18
-0.000274228
2.84505e-10
1.66161e-12
-0.000256208
1.90906e-15
-3.12665e-18
-0.00031459
4.96905e-10
3.87526e-12
0.000298017
1.75519e-15
-1.60053e-17
-0.000291535
7.25549e-10
6.61331e-12
0.000914298
-4.44585e-16
-3.04596e-17
-0.00021311
9.24166e-10
9.32008e-12
0.00150526
-2.95487e-15
6.09144e-18
-0.000119313
1.04612e-09
1.12095e-11
0.00197854
-2.1269e-15
3.63344e-17
-4.67792e-05
1.05874e-09
1.15699e-11
0.00223031
3.37796e-16
9.78168e-18
-5.19372e-06
9.55169e-10
9.96856e-12
0.00214019
-2.70402e-16
-2.03961e-17
5.99428e-06
7.56649e-10
6.21016e-12
0.00156866
-1.93944e-15
-2.19835e-17
-1.21825e-05
5.06071e-10
3.43258e-13
0.000358143
-7.94535e-16
-1.23754e-18
-5.99881e-05
2.58525e-10
-7.36605e-12
-0.00166096
5.57174e-16
2.72492e-17
-0.000139054
6.71905e-11
-1.66311e-11
-0.00465975
2.51417e-16
4.67851e-17
-0.000251998
-3.299e-11
-2.73142e-11
-0.00880306
-5.32784e-17
1.36362e-16
-0.000396271
-3.65075e-11
-4.04677e-11
-0.0140755
-1.84193e-17
3.20004e-16
-0.000489804
1.91679e-11
-4.92533e-11
-0.0178137
2.67396e-17
2.28926e-16
-0.000348315
3.15603e-11
-3.67434e-11
-0.0134594
-6.42811e-17
3.11782e-17
-0.00013785
3.03576e-13
-1.71731e-11
-0.00613079
3.62229e-17
-2.43828e-19
-2.57465e-05
-6.32536e-12
-6.01858e-12
-0.00192921
1.26784e-17
-4.13163e-18
1.94452e-05
1.10514e-11
-9.5167e-13
-0.000145108
-9.29424e-16
-1.6828e-17
3.72418e-05
3.47067e-11
1.42167e-12
0.000527703
-1.0864e-15
8.62461e-18
4.53951e-05
5.26499e-11
2.43265e-12
0.000725743
1.6218e-15
5.29777e-17
5.13763e-05
5.89409e-11
2.77005e-12
0.000744409
5.00928e-15
6.1063e-17
5.79983e-05
5.26411e-11
2.77972e-12
0.000715418
4.11919e-15
3.65147e-17
6.59798e-05
3.68143e-11
2.63284e-12
0.000691876
1.28323e-16
2.72953e-17
7.50997e-05
1.53162e-11
2.41381e-12
0.000689953
3.63445e-16
4.48192e-17
8.46891e-05
-9.95786e-12
2.16478e-12
0.000709046
3.6664e-15
4.82039e-17
9.38148e-05
-3.75173e-11
1.90494e-12
0.000741177
1.01624e-16
9.21654e-18
0.000101325
-6.4274e-11
1.63958e-12
0.00077508
-8.1492e-15
-4.44743e-17
0.000105843
-8.7067e-11
1.36799e-12
0.000797801
-6.16531e-15
-6.70036e-17
0.000105757
-1.04201e-10
1.09119e-12
0.000795237
4.39444e-15
-5.19937e-17
9.92359e-05
-1.14843e-10
8.15641e-13
0.000752409
3.09365e-15
-2.83593e-17
8.42957e-05
-1.18281e-10
5.50897e-13
0.000653929
-4.58137e-15
-1.47278e-17
5.89638e-05
-1.14115e-10
3.05172e-13
0.000485055
1.40733e-15
-5.75003e-18
2.16195e-05
-1.02684e-10
8.22373e-14
0.000233918
7.10679e-15
1.39393e-19
-2.82705e-05
-8.43282e-11
-1.15961e-13
-0.000103685
3.2554e-15
-8.29797e-18
-8.8311e-05
-6.06371e-11
-2.8348e-13
-0.000512416
-2.27596e-16
-2.62214e-17
-0.000148555
-3.41231e-11
-3.98712e-13
-0.00092743
-4.72452e-17
-2.63895e-17
-0.000187827
-8.53293e-12
-4.40551e-13
-0.00120887
-2.98848e-16
-3.47783e-18
-0.000188061
1.07224e-11
-4.08795e-13
-0.00123302
-1.15798e-15
1.48761e-17
-0.000154312
2.03176e-11
-3.32301e-13
-0.00102682
-1.18026e-15
1.41222e-17
-0.000109413
2.16483e-11
-2.48667e-13
-0.000738346
-2.91274e-16
5.63351e-18
-7.18129e-05
1.86684e-11
-1.79341e-13
-0.000491499
4.91709e-16
1.54046e-18
-4.56512e-05
1.44586e-11
-1.2863e-13
-0.00031705
6.29575e-16
2.65374e-18
-2.86153e-05
1.04734e-11
-9.18239e-14
-0.000201965
3.91917e-16
4.12504e-18
-1.78146e-05
7.20013e-12
-6.51577e-14
-0.000128161
1.69963e-16
2.9484e-18
-1.10595e-05
4.72253e-12
-4.59074e-14
-8.15124e-05
6.31115e-17
2.16883e-20
-6.86656e-06
2.98046e-12
-3.21183e-14
-5.22568e-05
3.30112e-17
-2.32227e-18
-4.2752e-06
1.83228e-12
-2.23534e-14
-3.39811e-05
6.0841e-17
-2.87882e-18
-2.67738e-06
1.1021e-12
-1.55261e-14
-2.25763e-05
1.08793e-16
-2.05955e-18
-1.69298e-06
6.42404e-13
-1.08023e-14
-1.54484e-05
1.2276e-16
-9.16921e-19
-1.0862e-06
3.55705e-13
-7.55295e-15
-1.09749e-05
9.03848e-17
-1.58734e-19
-7.11554e-07
1.80778e-13
-5.32219e-15
-8.14699e-06
4.48819e-17
1.02735e-19
-4.79514e-07
7.93563e-14
-3.78839e-15
-6.34001e-06
2.32302e-17
7.3209e-20
-3.35129e-07
2.71671e-14
-2.72506e-15
-5.16808e-06
3.30883e-17
-2.89218e-20
-2.44697e-07
4.64797e-15
-1.97646e-15
-4.39313e-06
5.17101e-17
-8.88646e-20
-1.87554e-07
-5.31733e-15
-1.44038e-15
-3.86833e-06
5.38295e-17
-9.24993e-20
-1.51029e-07
-1.23453e-14
-1.0502e-15
-3.50306e-06
3.74908e-17
-6.91503e-20
-1.27345e-07
-1.70941e-14
-7.61444e-16
-3.24132e-06
1.91711e-17
-4.51791e-20
-1.11723e-07
-1.72603e-14
-5.4433e-16
-3.04844e-06
1.10356e-17
-2.92127e-20
-1.0122e-07
-1.34305e-14
-3.78903e-16
-2.90287e-06
1.08057e-17
-1.863e-20
-9.40236e-08
-8.81374e-15
-2.52035e-16
-2.79119e-06
1.03715e-17
-1.13592e-20
-8.90099e-08
-5.66172e-15
-1.55199e-16
-2.70497e-06
6.73326e-18
-7.49012e-21
-8.54831e-08
-3.80222e-15
-8.38279e-17
-2.63894e-06
2.70601e-18
-5.9059e-21
-8.30098e-08
-2.21692e-15
-3.64015e-17
-2.58973e-06
7.54132e-19
-3.02028e-21
-8.13196e-08
-8.03202e-16
-1.07098e-17
-2.55523e-06
4.69671e-19
-9.09621e-22
-8.02438e-08
-7.24252e-17
-1.18812e-18
-2.53409e-06
0
0
-3.98947e-08
0
0
-1.26316e-06
4.00996e-17
-2.98841e-18
7.24391e-06
5.64066e-14
-4.48713e-16
0.000202133
0
0
1.25864e-06
0
0
3.6189e-05
1.49028e-16
-1.23827e-17
1.25045e-05
3.21736e-13
-5.41567e-15
0.000312588
1.22127e-16
-1.17217e-17
1.45831e-05
2.37154e-13
-2.77921e-14
0.000286998
3.93461e-17
3.91604e-18
1.1881e-05
-1.83437e-12
-8.58835e-14
0.000124071
-6.85381e-19
-9.18034e-19
2.04259e-06
-6.67007e-12
-1.8681e-13
-0.000131998
-4.41479e-17
-1.52462e-17
-1.75814e-05
-1.0998e-11
-3.02181e-13
-0.000397394
-3.35811e-16
-8.37851e-18
-4.88487e-05
-5.6086e-12
-3.49391e-13
-0.000576682
-5.3986e-16
2.41737e-18
-9.10479e-05
2.302e-11
-1.95835e-13
-0.000599561
-1.58539e-17
-1.37136e-18
-0.000138368
8.70882e-11
2.97004e-13
-0.000443708
6.75006e-16
-3.08261e-18
-0.000177749
1.89876e-10
1.2107e-12
-0.000132737
1.24971e-15
4.77973e-18
-0.000192342
3.21127e-10
2.51873e-12
0.000281212
1.57043e-15
-3.76919e-19
-0.000172912
4.58631e-10
4.04878e-12
0.00073366
2.18106e-17
-9.05604e-18
-0.000126289
5.73806e-10
5.46423e-12
0.0011546
-2.84808e-15
8.72015e-18
-7.15103e-05
6.38527e-10
6.33643e-12
0.00146756
-2.76159e-15
2.53711e-17
-2.69402e-05
6.33714e-10
6.28186e-12
0.00158557
-6.8617e-17
1.39315e-17
-2.11168e-06
5.57449e-10
5.04245e-12
0.00140783
-9.81817e-18
-4.25751e-18
1.46634e-07
4.26544e-10
2.50787e-12
0.000819701
-1.23087e-15
-8.44293e-18
-2.06586e-05
2.71196e-10
-1.25524e-12
-0.000300276
-5.85271e-16
6.21262e-18
-6.44487e-05
1.27727e-10
-6.00401e-12
-0.00206
8.34891e-17
2.18427e-17
-0.000129964
2.93826e-11
-1.13628e-11
-0.00450545
-3.2209e-16
1.99551e-17
-0.000211019
-5.50387e-12
-1.68022e-11
-0.00749045
-4.39323e-16
4.64882e-17
-0.000284309
1.479e-11
-2.081e-11
-0.0102702
1.7708e-16
1.06808e-16
-0.000297294
4.69791e-11
-2.06221e-11
-0.0110469
5.71758e-16
8.69385e-17
-0.000219178
4.36142e-11
-1.59613e-11
-0.00859922
1.37708e-16
1.55815e-17
-0.00010821
1.53841e-11
-9.42218e-12
-0.00475253
-1.23999e-16
-1.35746e-18
-2.99574e-05
-2.95043e-13
-4.11081e-12
-0.00186289
2.50491e-17
3.53046e-18
9.3415e-06
3.97621e-12
-9.97239e-13
-0.000342158
-3.1226e-16
2.60315e-18
2.67282e-05
1.71717e-11
5.86757e-13
0.000312833
-6.27444e-16
1.92888e-17
3.49511e-05
2.94488e-11
1.31865e-12
0.000540325
1.02342e-15
4.72671e-17
4.04844e-05
3.5257e-11
1.59654e-12
0.000587422
4.11299e-15
5.29809e-17
4.6089e-05
3.26537e-11
1.64369e-12
0.000576231
3.94519e-15
3.35095e-17
5.26245e-05
2.32296e-11
1.57648e-12
0.000560241
-2.02827e-16
1.87659e-17
6.00322e-05
9.97713e-12
1.45357e-12
0.000558143
-1.1949e-15
2.36757e-17
6.78032e-05
-5.6202e-12
1.30486e-12
0.000571979
2.5772e-15
2.84129e-17
7.51736e-05
-2.29028e-11
1.14551e-12
0.000596197
2.01613e-15
1.11262e-17
8.11891e-05
-3.99854e-11
9.82147e-13
0.00062184
-5.24976e-15
-1.89229e-17
8.47171e-05
-5.44796e-11
8.165e-13
0.000638324
-6.99032e-15
-3.49988e-17
8.44568e-05
-6.49635e-11
6.49761e-13
0.000634172
8.91944e-16
-2.8118e-17
7.89792e-05
-7.1023e-11
4.85115e-13
0.000597501
3.17986e-15
-1.32838e-17
6.68368e-05
-7.24566e-11
3.279e-13
0.000516777
-1.48517e-15
-4.56587e-18
4.67943e-05
-6.9035e-11
1.83571e-13
0.00038232
-1.53268e-15
-1.07881e-18
1.82694e-05
-6.08778e-11
5.5759e-14
0.00018919
1.6098e-15
2.96163e-20
-1.78598e-05
-4.84836e-11
-5.27523e-14
-5.7512e-05
2.04874e-15
-5.63182e-18
-5.7899e-05
-3.32049e-11
-1.37239e-13
-0.000333689
5.45449e-16
-1.66377e-17
-9.40598e-05
-1.71086e-11
-1.91486e-13
-0.000587519
1.14015e-18
-1.92665e-17
-0.000116228
-2.7208e-12
-2.11887e-13
-0.000750401
1.75916e-16
-6.97466e-18
-0.000118129
7.62769e-12
-2.0228e-13
-0.000777786
-6.48507e-17
7.58739e-18
-0.000102456
1.28932e-11
-1.73501e-13
-0.000684674
-4.05029e-16
1.13724e-17
-7.85372e-05
1.38048e-11
-1.38012e-13
-0.000531873
-2.59379e-16
5.6603e-18
-5.52404e-05
1.21365e-11
-1.04731e-13
-0.000379133
1.82797e-16
-4.22015e-19
-3.68867e-05
9.55119e-12
-7.73744e-14
-0.00025682
4.52216e-16
-2.53103e-18
-2.39178e-05
7.00572e-12
-5.62614e-14
-0.000169272
4.41294e-16
-1.81145e-18
-1.52487e-05
4.86388e-12
-4.03869e-14
-0.00011009
2.83527e-16
-9.40945e-19
-9.62968e-06
3.2135e-12
-2.86614e-14
-7.13304e-05
1.05461e-16
-1.01615e-18
-6.05468e-06
2.03715e-12
-2.0143e-14
-4.64158e-05
-5.35486e-18
-1.52407e-18
-3.80649e-06
1.25468e-12
-1.40637e-14
-3.05763e-05
-1.44755e-17
-1.70217e-18
-2.4029e-06
7.56659e-13
-9.79916e-15
-2.05641e-05
3.8995e-17
-1.35709e-18
-1.53031e-06
4.45764e-13
-6.84436e-15
-1.42453e-05
8.59837e-17
-7.92412e-19
-9.88846e-07
2.52749e-13
-4.80703e-15
-1.02485e-05
8.85533e-17
-3.41552e-19
-6.528e-07
1.32589e-13
-3.402e-15
-7.70478e-06
5.69674e-17
-1.14433e-19
-4.43811e-07
5.96115e-14
-2.43011e-15
-6.06894e-06
2.65089e-17
-5.62114e-20
-3.13306e-07
2.04441e-14
-1.75198e-15
-5.00092e-06
2.10682e-17
-6.98574e-20
-2.31289e-07
4.02533e-15
-1.27191e-15
-4.28952e-06
3.34776e-17
-8.38894e-20
-1.7928e-07
-1.88681e-15
-9.26974e-16
-3.80382e-06
4.06603e-17
-7.72003e-20
-1.45904e-07
-5.92933e-15
-6.75258e-16
-3.46274e-06
3.22245e-17
-5.96187e-20
-1.2416e-07
-9.68946e-15
-4.88347e-16
-3.21605e-06
1.73194e-17
-4.31532e-20
-1.0974e-07
-1.10149e-14
-3.47602e-16
-3.03257e-06
8.31997e-18
-3.03754e-20
-9.99864e-08
-9.17782e-15
-2.40621e-16
-2.89292e-06
7.08965e-18
-1.99969e-20
-9.32584e-08
-6.00592e-15
-1.58989e-16
-2.78497e-06
7.60465e-18
-1.22873e-20
-8.85405e-08
-3.53196e-15
-9.69958e-17
-2.70114e-06
5.66919e-18
-8.23649e-21
-8.52019e-08
-2.19242e-15
-5.15983e-17
-2.63663e-06
2.47615e-18
-6.15599e-21
-8.28495e-08
-1.3248e-15
-2.18864e-17
-2.58841e-06
5.63978e-19
-3.22738e-21
-8.12375e-08
-5.47632e-16
-6.23238e-18
-2.55454e-06
2.9889e-19
-1.12801e-21
-8.02112e-08
-6.35404e-17
-6.45783e-19
-2.5338e-06
0
0
-3.98895e-08
0
0
-1.2631e-06
8.76847e-18
-2.17095e-18
4.45883e-06
1.5231e-14
-1.62244e-16
9.47207e-05
0
0
7.81254e-07
0
0
1.72366e-05
9.87535e-17
-8.54321e-18
7.42587e-06
7.29319e-14
-2.13173e-15
0.000136255
1.17283e-16
-9.89812e-18
7.88621e-06
-1.27397e-13
-1.16102e-14
9.86665e-05
2.80825e-17
-1.59069e-18
4.71124e-06
-1.32097e-12
-3.62411e-14
-1.48267e-05
1.22368e-17
-2.74208e-18
-3.4803e-06
-3.64188e-12
-7.76639e-14
-0.000173339
4.03444e-17
-9.69473e-18
-1.79407e-05
-5.17281e-12
-1.21494e-13
-0.000325711
-2.7604e-16
-6.30392e-18
-3.9015e-05
-1.2899e-12
-1.30089e-13
-0.00041707
-5.51135e-16
-2.14638e-19
-6.50216e-05
1.44096e-11
-4.42805e-14
-0.000407744
-1.45643e-16
-5.63242e-19
-9.1205e-05
4.75127e-11
1.9614e-13
-0.000285141
3.20467e-16
9.30996e-19
-0.000109961
9.90896e-11
6.21474e-13
-6.40312e-05
5.96058e-16
7.55474e-18
-0.000113694
1.63283e-10
1.20916e-12
0.000221302
1.13658e-15
6.77683e-18
-9.9435e-05
2.28557e-10
1.87102e-12
0.000525827
4.94776e-16
2.35094e-18
-7.15761e-05
2.81059e-10
2.45167e-12
0.000798554
-2.01006e-15
7.87194e-18
-3.98e-05
3.07591e-10
2.7614e-12
0.000982876
-2.67969e-15
1.44698e-17
-1.4012e-05
2.99356e-10
2.63278e-12
0.00101467
-6.01909e-16
1.10534e-17
-7.19566e-07
2.56492e-10
1.95466e-12
0.000821079
7.98851e-17
2.15377e-18
-2.77647e-06
1.89113e-10
6.87792e-13
0.000323289
-5.28841e-16
-1.93206e-18
-2.07776e-05
1.13713e-10
-1.11102e-12
-0.000551909
-3.17788e-16
5.693e-18
-5.37635e-05
4.86761e-11
-3.27519e-12
-0.00184359
2.85884e-17
1.22737e-17
-9.82209e-05
9.1706e-12
-5.52811e-12
-0.00349582
-5.61278e-16
4.40373e-18
-0.00014497
4.31705e-13
-7.42502e-12
-0.00524137
-8.60467e-16
7.35649e-18
-0.000175924
1.24651e-11
-8.34521e-12
-0.00648
1.66403e-16
2.94681e-17
-0.000170945
2.41857e-11
-7.86201e-12
-0.00648912
9.93487e-16
2.68971e-17
-0.000128339
2.14339e-11
-6.13913e-12
-0.00513105
5.04236e-16
3.14683e-18
-7.09312e-05
9.24151e-12
-3.91788e-12
-0.00313832
-1.41045e-16
-1.79101e-18
-2.41265e-05
8.13492e-13
-1.95724e-12
-0.00142331
-1.02551e-16
4.66144e-18
3.82033e-06
1.20247e-12
-6.10142e-13
-0.000358818
7.73009e-17
8.03309e-18
1.78375e-05
6.91747e-12
1.62063e-13
0.000164414
-5.77953e-17
1.82016e-17
2.48473e-05
1.32338e-11
5.46954e-13
0.000370626
5.88647e-16
3.43597e-17
2.93877e-05
1.69154e-11
7.07252e-13
0.000426653
2.76545e-15
3.89124e-17
3.36919e-05
1.62396e-11
7.47153e-13
0.000427098
3.47578e-15
2.68513e-17
3.85663e-05
1.16586e-11
7.25276e-13
0.000417432
6.85716e-16
1.33207e-17
4.40524e-05
5.06712e-12
6.72108e-13
0.000415299
-1.02268e-15
1.0708e-17
4.97982e-05
-2.47566e-12
6.03461e-13
0.000424103
1.42057e-15
1.28959e-17
5.52323e-05
-1.08911e-11
5.27947e-13
0.000440461
2.40723e-15
7.42154e-18
5.96318e-05
-1.94644e-11
4.50205e-13
0.000457898
-2.34922e-15
-5.1433e-18
6.2146e-05
-2.67679e-11
3.72231e-13
0.000468529
-5.92005e-15
-1.28514e-17
6.18174e-05
-3.17953e-11
2.94937e-13
0.000463839
-2.5757e-15
-9.52921e-18
5.76327e-05
-3.4393e-11
2.19578e-13
0.000435245
1.08134e-15
-1.77078e-18
4.86375e-05
-3.46505e-11
1.48307e-13
0.000374906
1.2685e-16
2.05417e-18
3.41602e-05
-3.25265e-11
8.36638e-14
0.00027719
-1.66952e-15
1.68206e-18
1.41922e-05
-2.80495e-11
2.77004e-14
0.000141183
-9.63369e-16
2.79234e-19
-1.00494e-05
-2.1617e-11
-1.80813e-14
-2.55555e-05
1.93351e-16
-2.75988e-18
-3.55426e-05
-1.40553e-11
-5.22923e-14
-0.000203053
1.93092e-16
-8.10374e-18
-5.75239e-05
-6.4963e-12
-7.37703e-14
-0.000359128
-5.47251e-18
-1.09667e-17
-7.10195e-05
-6.72092e-14
-8.25299e-14
-0.00045944
2.17451e-16
-6.88667e-18
-7.34367e-05
4.41479e-12
-8.05519e-14
-0.000485032
3.74692e-16
6.3361e-19
-6.61201e-05
6.67577e-12
-7.14224e-14
-0.00044343
2.18641e-16
4.51683e-18
-5.33049e-05
7.04125e-12
-5.90339e-14
-0.000362309
4.2544e-17
2.78834e-18
-3.94978e-05
6.22572e-12
-4.63939e-14
-0.000272086
4.59656e-17
-1.01789e-18
-2.75617e-05
4.94934e-12
-3.51961e-14
-0.000192681
1.6175e-16
-3.29484e-18
-1.84783e-05
3.66743e-12
-2.60415e-14
-0.000131454
2.482e-16
-3.329e-18
-1.20749e-05
2.5694e-12
-1.89058e-14
-8.78053e-05
2.28132e-16
-2.34373e-18
-7.76681e-06
1.7093e-12
-1.35133e-14
-5.81303e-05
1.22721e-16
-1.5168e-18
-4.95283e-06
1.08751e-12
-9.53917e-15
-3.85418e-05
1.65735e-17
-1.14813e-18
-3.14976e-06
6.69873e-13
-6.68005e-15
-2.58458e-05
-2.47246e-17
-9.89453e-19
-2.00876e-06
4.04002e-13
-4.66844e-15
-1.77033e-05
-1.78939e-18
-7.99117e-19
-1.29232e-06
2.40209e-13
-3.27385e-15
-1.25051e-05
4.11182e-17
-5.55186e-19
-8.44382e-07
1.40009e-13
-2.31037e-15
-9.18435e-06
6.23705e-17
-3.35713e-19
-5.64701e-07
7.66669e-14
-1.64265e-15
-7.05103e-06
5.12057e-17
-1.88289e-19
-3.89862e-07
3.58348e-14
-1.17763e-15
-5.66561e-06
2.69406e-17
-1.1351e-19
-2.80144e-07
1.23221e-14
-8.50589e-16
-4.75111e-06
1.41044e-17
-8.57606e-20
-2.10833e-07
2.38001e-15
-6.17636e-16
-4.13423e-06
1.77682e-17
-7.16774e-20
-1.6662e-07
-3.1377e-16
-4.50093e-16
-3.70696e-06
2.45178e-17
-5.685e-20
-1.38045e-07
-1.73067e-15
-3.2779e-16
-3.40214e-06
2.25685e-17
-4.36777e-20
-1.19269e-07
-3.80275e-15
-2.36513e-16
-3.17804e-06
1.3613e-17
-3.41554e-20
-1.0669e-07
-5.23064e-15
-1.67469e-16
-3.00869e-06
6.11996e-18
-2.61624e-20
-9.80835e-08
-4.85284e-15
-1.15041e-16
-2.87791e-06
3.99942e-18
-1.81466e-20
-9.20746e-08
-3.24936e-15
-7.5275e-17
-2.77557e-06
4.48676e-18
-1.14395e-20
-8.78102e-08
-1.73466e-15
-4.53244e-17
-2.69531e-06
3.88665e-18
-7.36295e-21
-8.47602e-08
-9.29701e-16
-2.35977e-17
-2.63308e-06
1.93164e-18
-5.12446e-21
-8.25936e-08
-5.72677e-16
-9.6616e-18
-2.58634e-06
4.23483e-19
-2.51078e-21
-8.11026e-08
-2.8174e-16
-2.60668e-18
-2.55343e-06
1.66203e-19
-8.98859e-22
-8.01556e-08
-4.19604e-17
-2.34878e-19
-2.53332e-06
0
0
-3.98804e-08
0
0
-1.26301e-06
-1.59178e-17
-1.12314e-18
2.37806e-06
2.43796e-15
-3.36134e-17
3.8661e-05
0
0
4.19761e-07
0
0
7.20865e-06
3.42509e-17
-4.45112e-18
3.7962e-06
6.7018e-15
-4.857e-16
4.88703e-05
7.49802e-17
-5.89065e-18
3.54163e-06
-9.0821e-14
-3.05532e-15
1.65943e-05
1.24841e-17
-2.20526e-18
9.28475e-07
-5.33255e-13
-1.00167e-14
-5.46447e-05
1.24593e-17
-1.64907e-18
-4.74504e-06
-1.31195e-12
-2.15276e-14
-0.000145701
8.21334e-17
-3.99682e-18
-1.39504e-05
-1.68513e-12
-3.29442e-14
-0.000227412
-1.23935e-16
-2.93586e-18
-2.64751e-05
-5.4548e-14
-3.28698e-14
-0.000269954
-3.61311e-16
-4.15306e-19
-4.08816e-05
5.66794e-12
-3.64712e-15
-0.000252509
-1.59027e-16
9.0819e-21
-5.42261e-05
1.72907e-11
7.22602e-14
-0.000169238
6.04203e-17
1.50577e-18
-6.25777e-05
3.50586e-11
2.02522e-13
-2.96754e-05
1.5037e-16
5.20324e-18
-6.25855e-05
5.66506e-11
3.78451e-13
0.000144986
6.62436e-16
5.82449e-18
-5.34179e-05
7.78599e-11
5.7182e-13
0.000326483
6.81858e-16
3.80838e-18
-3.7652e-05
9.41626e-11
7.34527e-13
0.00048238
-8.68996e-16
3.76357e-18
-2.02747e-05
1.01455e-10
8.08932e-13
0.000576687
-1.87488e-15
5.09241e-18
-6.52641e-06
9.69038e-11
7.45255e-13
0.00056926
-9.24019e-16
4.81682e-18
-1.77162e-07
8.07835e-11
5.11938e-13
0.000415961
-2.39277e-17
1.9253e-18
-3.0647e-06
5.71138e-11
1.01136e-13
7.22676e-05
-1.02786e-16
-2.43995e-19
-1.54157e-05
3.20257e-11
-4.61346e-13
-0.000495828
1.56397e-18
2.86783e-18
-3.59706e-05
1.1744e-11
-1.10891e-12
-0.00128812
2.67121e-16
5.61911e-18
-6.1328e-05
7.14692e-13
-1.73463e-12
-0.00222872
-3.16019e-16
9.30683e-19
-8.48826e-05
-5.21587e-13
-2.19897e-12
-0.00311851
-8.40456e-16
-1.27796e-18
-9.7449e-05
3.77241e-12
-2.36775e-12
-0.00364705
-1.37422e-16
4.78318e-18
-9.20075e-05
7.25139e-12
-2.18351e-12
-0.00355077
7.25344e-16
5.27916e-18
-6.98676e-05
6.44562e-12
-1.71894e-12
-0.00283875
5.72234e-16
-1.02415e-18
-4.07809e-05
2.91957e-12
-1.14055e-12
-0.00182776
-4.31802e-17
-1.34145e-18
-1.54113e-05
2.96705e-13
-6.11941e-13
-0.00090234
-2.19992e-16
2.87943e-18
1.42545e-06
2.35744e-13
-2.21637e-13
-0.000268008
8.68594e-17
5.48344e-18
1.07481e-05
1.94364e-12
2.12723e-14
7.68436e-05
2.38226e-16
9.72795e-18
1.56853e-05
4.08711e-12
1.50771e-13
0.000226624
3.58721e-16
1.67437e-17
1.88502e-05
5.60635e-12
2.08256e-13
0.000273872
1.42551e-15
1.96525e-17
2.17223e-05
5.61838e-12
2.25214e-13
0.000279119
2.44461e-15
1.46549e-17
2.49005e-05
4.03512e-12
2.20839e-13
0.000274194
1.51303e-15
6.96232e-18
2.84572e-05
1.70601e-12
2.05405e-13
0.000272506
1.50853e-16
3.25664e-18
3.21783e-05
-7.53817e-13
1.84251e-13
0.000277351
8.1778e-16
3.36939e-18
3.56899e-05
-3.4467e-12
1.60414e-13
0.000286984
1.59721e-15
2.48126e-18
3.8514e-05
-6.34985e-12
1.35775e-13
0.000297316
-5.19544e-16
-8.48686e-19
4.00925e-05
-8.90015e-12
1.11369e-13
0.000303222
-3.20541e-15
-3.08232e-18
3.98089e-05
-1.05647e-11
8.7651e-14
0.000299184
-2.77996e-15
-1.48328e-18
3.70322e-05
-1.12715e-11
6.49344e-14
0.000279772
-6.50932e-16
1.81258e-18
3.12067e-05
-1.11649e-11
4.37141e-14
0.000240285
-1.08169e-16
3.07371e-18
2.20153e-05
-1.03024e-11
2.47067e-14
0.000177829
-7.90177e-16
1.87735e-18
9.62803e-06
-8.69434e-12
8.57807e-15
9.29747e-05
-8.6418e-16
2.97436e-19
-5.00045e-06
-6.4752e-12
-4.24073e-15
-8.23765e-06
-3.16854e-16
-9.33875e-19
-1.99603e-05
-3.96348e-12
-1.35413e-14
-0.000113085
-1.76654e-17
-2.56755e-18
-3.26479e-05
-1.55804e-12
-1.93089e-14
-0.000203822
3.02078e-18
-4.02904e-18
-4.06238e-05
4.05599e-13
-2.17974e-14
-0.000263417
1.02437e-16
-3.60659e-18
-4.27008e-05
1.7343e-12
-2.16053e-14
-0.000283034
2.56906e-16
-1.36937e-18
-3.9488e-05
2.38319e-12
-1.95816e-14
-0.00026601
2.77478e-16
5.24457e-19
-3.29444e-05
2.45225e-12
-1.66005e-14
-0.000225133
1.61681e-16
5.38007e-19
-2.53203e-05
2.15343e-12
-1.33668e-14
-0.000175589
4.73413e-17
-7.52376e-19
-1.82753e-05
1.71203e-12
-1.03406e-14
-0.000128873
2.41748e-17
-1.89183e-18
-1.2601e-05
1.27409e-12
-7.75567e-15
-9.0712e-05
6.6656e-17
-2.12409e-18
-8.41897e-06
8.98588e-13
-5.6789e-15
-6.22541e-05
9.70787e-17
-1.67007e-18
-5.51164e-06
6.01427e-13
-4.07955e-15
-4.22496e-05
7.70657e-17
-1.07945e-18
-3.56714e-06
3.83449e-13
-2.88659e-15
-2.87146e-05
2.95694e-17
-6.78384e-19
-2.29964e-06
2.35139e-13
-2.02269e-15
-1.97761e-05
-4.57997e-18
-4.74632e-19
-1.48733e-06
1.40627e-13
-1.41468e-15
-1.39562e-05
-7.20541e-18
-3.61985e-19
-9.72324e-07
8.38065e-14
-9.94568e-16
-1.01907e-05
1.1433e-17
-2.75894e-19
-6.47793e-07
5.05066e-14
-7.04709e-16
-7.75353e-06
2.88015e-17
-1.97878e-19
-4.43754e-07
2.94751e-14
-5.03358e-16
-6.16514e-06
3.03254e-17
-1.30161e-19
-3.15323e-07
1.46561e-14
-3.62309e-16
-5.11612e-06
1.93524e-17
-8.28283e-20
-2.34114e-07
5.01237e-15
-2.61921e-16
-4.40957e-06
9.21097e-18
-5.68886e-20
-1.82346e-07
6.55356e-16
-1.89656e-16
-3.92146e-06
7.47734e-18
-4.07515e-20
-1.48948e-07
-1.54396e-16
-1.37865e-16
-3.57408e-06
1.04783e-17
-2.9358e-20
-1.27055e-07
-1.43684e-16
-1.00251e-16
-3.31896e-06
1.11893e-17
-2.3378e-20
-1.1242e-07
-7.1634e-16
-7.19958e-17
-3.12585e-06
7.83212e-18
-2.01209e-20
-1.02413e-07
-1.49497e-15
-5.05634e-17
-2.97589e-06
3.74194e-18
-1.67691e-20
-9.54118e-08
-1.68734e-15
-3.43598e-17
-2.85729e-06
1.8909e-18
-1.22787e-20
-9.04084e-08
-1.21317e-15
-2.21847e-17
-2.76264e-06
1.91378e-18
-7.44173e-21
-8.67779e-08
-5.88458e-16
-1.31632e-17
-2.68725e-06
1.87229e-18
-4.04158e-21
-8.41311e-08
-2.3329e-16
-6.68113e-18
-2.62814e-06
1.06364e-18
-2.55543e-21
-8.22243e-08
-1.37481e-16
-2.58486e-18
-2.58342e-06
2.51603e-19
-1.16693e-21
-8.09039e-08
-9.185e-17
-6.16143e-19
-2.55185e-06
7.72392e-20
-4.1434e-22
-8.00715e-08
-1.78201e-17
-2.85326e-20
-2.53262e-06
0
0
-3.98667e-08
0
0
-1.26288e-06
-1.44708e-17
-3.26442e-19
9.79823e-07
3.61435e-16
-1.47929e-18
1.24975e-05
0
0
1.72532e-07
0
0
2.38639e-06
1.18901e-18
-1.33129e-18
1.50299e-06
3.31896e-17
-2.67285e-17
1.27437e-05
2.53951e-17
-1.88666e-18
1.20189e-06
-1.31379e-14
-3.15272e-16
-5.39166e-06
-1.73726e-18
-8.68506e-19
-2.37991e-07
-8.08527e-14
-1.17934e-15
-3.9733e-05
-1.08011e-17
-3.28974e-19
-3.09346e-06
-2.05061e-13
-2.60942e-15
-8.11102e-05
2.78715e-17
-6.5496e-19
-7.49024e-06
-2.59558e-13
-3.97515e-15
-0.000116293
-1.09734e-17
-5.70503e-19
-1.32082e-05
9.67187e-15
-3.78363e-15
-0.00013224
-7.73832e-17
-1.05598e-19
-1.94834e-05
9.14791e-13
3.17889e-16
-0.000120218
-3.19161e-17
5.06264e-20
-2.4969e-05
2.74681e-12
1.06536e-14
-7.82507e-05
3.79239e-18
5.53895e-19
-2.80359e-05
5.54798e-12
2.8112e-14
-1.12657e-05
3.06846e-17
1.61761e-18
-2.74313e-05
8.86457e-12
5.14251e-14
7.04887e-05
3.06792e-16
2.04313e-18
-2.29878e-05
1.1948e-11
7.6798e-14
0.000153456
4.57605e-16
1.45687e-18
-1.58959e-05
1.41702e-11
9.76501e-14
0.000222141
-1.02312e-16
6.70277e-19
-8.29343e-06
1.50365e-11
1.0604e-13
0.000259522
-7.32835e-16
4.37745e-19
-2.43881e-06
1.41295e-11
9.53216e-14
0.000246987
-6.11253e-16
6.66308e-19
-6.54982e-09
1.14658e-11
6.15633e-14
0.000164763
-1.68072e-16
4.31907e-19
-1.81735e-06
7.72933e-12
4.13273e-15
-5.75899e-06
-2.24914e-17
-1.70104e-20
-7.87398e-06
3.95011e-12
-7.27011e-14
-0.000275877
4.72732e-17
7.62489e-19
-1.73564e-05
1.0687e-12
-1.58513e-13
-0.000637533
8.12304e-17
1.68736e-18
-2.8395e-05
-3.36065e-13
-2.37746e-13
-0.00104593
-2.28537e-16
5.70736e-19
-3.79243e-05
-3.05692e-13
-2.92806e-13
-0.00140807
-5.10368e-16
-7.50586e-19
-4.23766e-05
4.51249e-13
-3.09257e-13
-0.00160236
-2.20906e-16
-2.19739e-19
-3.95268e-05
1.01842e-12
-2.82948e-13
-0.00154215
2.75731e-16
-3.9598e-20
-3.02388e-05
9.29229e-13
-2.23928e-13
-0.00124304
3.52895e-16
-9.29091e-19
-1.81402e-05
4.18407e-13
-1.51654e-13
-0.000823065
2.53266e-17
-5.43771e-19
-7.19919e-06
3.07898e-14
-8.46343e-14
-0.000425426
-2.08056e-16
9.30878e-19
5.00649e-07
1.62622e-14
-3.34036e-14
-0.000137329
1.7421e-17
1.78589e-18
5.03873e-06
2.38676e-13
-6.79788e-17
2.94928e-05
4.31678e-16
2.50609e-18
7.55047e-06
5.40264e-13
1.84651e-14
0.000106904
6.63412e-16
3.85762e-18
9.16641e-06
8.25265e-13
2.69665e-14
0.000133729
9.17709e-16
4.6781e-18
1.05972e-05
9.03654e-13
2.96235e-14
0.000138344
1.14086e-15
3.66813e-18
1.21541e-05
6.66019e-13
2.92122e-14
0.000136732
7.76473e-16
1.5349e-18
1.38866e-05
2.77276e-13
2.72328e-14
0.00013602
1.00994e-16
3.06784e-20
1.56955e-05
-8.09753e-14
2.44113e-14
0.000138181
1.11227e-17
-2.21651e-19
1.7398e-05
-4.44356e-13
2.1148e-14
0.000142533
2.6196e-16
-3.92523e-20
1.87587e-05
-8.82981e-13
1.77357e-14
0.000147139
-1.24179e-16
-1.72549e-19
1.95046e-05
-1.30745e-12
1.43897e-14
0.000149513
-9.21966e-16
-2.93291e-19
1.93382e-05
-1.57738e-12
1.12223e-14
0.000146988
-1.07768e-15
1.92809e-19
1.79623e-05
-1.65837e-12
8.26611e-15
0.000136983
-5.53695e-16
1.00221e-18
1.51273e-05
-1.60082e-12
5.54555e-15
0.00011735
-1.5946e-16
1.26844e-18
1.07142e-05
-1.44389e-12
3.12836e-15
8.69221e-05
-1.67088e-16
7.67353e-19
4.84981e-06
-1.19302e-12
1.10493e-15
4.62856e-05
-2.07489e-16
1.2281e-19
-1.97451e-06
-8.59388e-13
-4.61816e-16
-1.41481e-06
-1.08959e-16
-1.62393e-19
-8.86923e-06
-4.88417e-13
-1.56307e-15
-5.02183e-05
-1.18785e-17
-2.79099e-19
-1.47019e-05
-1.45361e-13
-2.23561e-15
-9.23609e-05
9.78897e-18
-5.2185e-19
-1.84587e-05
1.22184e-13
-2.54291e-15
-0.000120718
1.9433e-17
-7.2685e-19
-1.96496e-05
2.96568e-13
-2.56273e-15
-0.000131611
5.47466e-17
-6.16899e-19
-1.84963e-05
3.77574e-13
-2.37873e-15
-0.000126203
8.13643e-17
-3.1166e-19
-1.57709e-05
3.77889e-13
-2.07028e-15
-0.00010952
6.75249e-17
-1.57562e-19
-1.24105e-05
3.25942e-13
-1.70551e-15
-8.78796e-05
2.87654e-17
-2.75486e-19
-9.16681e-06
2.55366e-13
-1.33926e-15
-6.64795e-05
1.38935e-18
-4.88364e-19
-6.45591e-06
1.88505e-13
-1.01033e-15
-4.8299e-05
-2.06266e-19
-5.83335e-19
-4.39695e-06
1.33122e-13
-7.39061e-16
-3.42989e-05
1.08629e-17
-5.09379e-19
-2.93195e-06
8.98859e-14
-5.28543e-16
-2.42007e-05
1.70558e-17
-3.53995e-19
-1.93484e-06
5.78029e-14
-3.71716e-16
-1.72226e-05
1.31407e-17
-2.15483e-19
-1.27612e-06
3.52597e-14
-2.58902e-16
-1.25268e-05
4.88865e-18
-1.28498e-19
-8.49355e-07
2.04798e-14
-1.80633e-16
-9.41116e-06
5.66087e-20
-8.38328e-20
-5.76148e-07
1.18408e-14
-1.27317e-16
-7.35222e-06
1.51538e-18
-6.31297e-20
-4.02294e-07
7.39197e-15
-9.05719e-17
-5.98464e-06
5.9758e-18
-4.96562e-20
-2.91767e-07
4.87608e-15
-6.48783e-17
-5.06387e-06
8.2766e-18
-3.58605e-20
-2.21229e-07
2.7964e-15
-4.66397e-17
-4.43049e-06
6.67766e-18
-2.51049e-20
-1.75821e-07
1.01721e-15
-3.32095e-17
-3.98241e-06
3.60172e-18
-1.82729e-20
-1.46186e-07
1.0017e-17
-2.34205e-17
-3.65498e-06
1.95746e-18
-1.25686e-20
-1.26481e-07
-1.75391e-16
-1.6744e-17
-3.40757e-06
2.11142e-18
-8.72088e-21
-1.13069e-07
-2.55075e-17
-1.2095e-17
-3.2147e-06
2.5234e-18
-6.93508e-21
-1.03695e-07
1.00199e-17
-8.62174e-18
-3.06045e-06
2.10043e-18
-6.00785e-21
-9.6962e-08
-1.20483e-16
-6.01833e-18
-2.9348e-06
1.15957e-18
-5.46501e-21
-9.20028e-08
-2.30199e-16
-3.98348e-18
-2.83145e-06
5.16621e-19
-4.18861e-21
-8.8279e-08
-2.04606e-16
-2.47279e-18
-2.74641e-06
3.89198e-19
-2.34639e-21
-8.5455e-08
-9.89365e-17
-1.44589e-18
-2.67712e-06
3.92274e-19
-1.05997e-21
-8.33208e-08
-2.21293e-17
-6.96293e-19
-2.62191e-06
2.42049e-19
-5.1381e-22
-8.17443e-08
-7.29497e-18
-2.41671e-19
-2.57971e-06
5.21109e-20
-1.78109e-22
-8.06416e-08
-1.1887e-17
-5.13943e-20
-2.54981e-06
1.48585e-20
-6.2109e-23
-7.99582e-08
-2.84379e-18
3.12694e-21
-2.53172e-06
0
0
-3.98485e-08
0
0
-1.26272e-06
0
0
1.47397e-07
0
0
1.66554e-06
0
0
2.46451e-08
0
0
3.0235e-07
0
0
2.24322e-07
0
0
1.46493e-06
0
0
1.6535e-07
0
0
-1.62794e-06
0
0
-7.99068e-08
0
0
-7.21841e-06
0
0
-5.53073e-07
0
0
-1.37953e-05
0
0
-1.26889e-06
0
0
-1.92274e-05
0
0
-2.18493e-06
0
0
-2.14507e-05
0
0
-3.17287e-06
0
0
-1.91169e-05
0
0
-4.01695e-06
0
0
-1.19717e-05
0
0
-4.46504e-06
0
0
-8.7018e-07
0
0
-4.33098e-06
0
0
1.24785e-05
0
0
-3.59971e-06
0
0
2.58351e-05
0
0
-2.46463e-06
0
0
3.66567e-05
0
0
-1.26351e-06
0
0
4.21735e-05
0
0
-3.52571e-07
0
0
3.93938e-05
0
0
3.03424e-09
0
0
2.51977e-05
0
0
-3.24732e-07
0
0
-3.24744e-06
0
0
-1.32749e-06
0
0
-4.74421e-05
0
0
-2.85774e-06
0
0
-0.000105592
0
0
-4.59956e-06
0
0
-0.000170006
0
0
-6.06434e-06
0
0
-0.00022585
0
0
-6.71567e-06
0
0
-0.000254794
0
0
-6.24268e-06
0
0
-0.000244527
0
0
-4.79138e-06
0
0
-0.000197899
0
0
-2.90279e-06
0
0
-0.00013249
0
0
-1.17036e-06
0
0
-6.97043e-05
0
0
7.80513e-08
0
0
-2.31809e-05
0
0
8.35555e-07
0
0
4.55783e-06
0
0
1.26699e-06
0
0
1.79614e-05
0
0
1.54848e-06
0
0
2.2998e-05
0
0
1.79522e-06
0
0
2.42257e-05
0
0
2.05908e-06
0
0
2.42808e-05
0
0
2.34887e-06
0
0
2.43632e-05
0
0
2.64854e-06
0
0
2.48179e-05
0
0
2.92801e-06
0
0
2.55437e-05
0
0
3.14851e-06
0
0
2.62283e-05
0
0
3.26519e-06
0
0
2.64681e-05
0
0
3.22949e-06
0
0
2.58323e-05
0
0
2.99338e-06
0
0
2.39086e-05
0
0
2.51735e-06
0
0
2.03627e-05
0
0
1.78411e-06
0
0
1.50289e-05
0
0
8.17183e-07
0
0
8.034e-06
0
0
-3.01211e-07
0
0
-8.1003e-08
0
0
-1.42693e-06
0
0
-8.3358e-06
0
0
-2.3803e-06
0
0
-1.54849e-05
0
0
-3.00246e-06
0
0
-2.04002e-05
0
0
-3.21618e-06
0
0
-2.24951e-05
0
0
-3.05363e-06
0
0
-2.19312e-05
0
0
-2.63277e-06
0
0
-1.94761e-05
0
0
-2.10004e-06
0
0
-1.61201e-05
0
0
-1.57648e-06
0
0
-1.27044e-05
0
0
-1.13237e-06
0
0
-9.73653e-06
0
0
-7.90765e-07
0
0
-7.40357e-06
0
0
-5.45021e-07
0
0
-5.68468e-06
0
0
-3.76047e-07
0
0
-4.46716e-06
0
0
-2.63218e-07
0
0
-3.62167e-06
0
0
-1.89183e-07
0
0
-3.0368e-06
0
0
-1.40994e-07
0
0
-2.62828e-06
0
0
-1.09627e-07
0
0
-2.3369e-06
0
0
-8.90543e-08
0
0
-2.12285e-06
0
0
-7.53571e-08
0
0
-1.96015e-06
0
0
-6.60346e-08
0
0
-1.83212e-06
0
0
-5.95095e-08
0
0
-1.72821e-06
0
0
-5.47945e-08
0
0
-1.64174e-06
0
0
-5.1274e-08
0
0
-1.56851e-06
0
0
-4.85652e-08
0
0
-1.50587e-06
0
0
-4.64294e-08
0
0
-1.4521e-06
0
0
-4.47179e-08
0
0
-1.40611e-06
0
0
-4.33373e-08
0
0
-1.36717e-06
0
0
-4.22285e-08
0
0
-1.33479e-06
0
0
-4.1354e-08
0
0
-1.30863e-06
0
0
-4.06898e-08
0
0
-1.28847e-06
0
0
-4.02203e-08
0
0
-1.27413e-06
0
0
-3.99352e-08
0
0
-1.26552e-06
0
0
-1.99172e-08
0
0
-6.31306e-07
