0.0333333 0.0333333 1.69614e-05
0.1 0.0333333 7.37676e-05
0.166667 0.0333333 0.000172216
0.233333 0.0333333 0.000259274
0.3 0.0333333 0.000263068
0.366667 0.0333333 0.00014248
0.433333 0.0333333 7.84065e-05
0.5 0.0333333 0.000324464
0.566667 0.0333333 0.000519508
0.633333 0.0333333 0.000625381
0.7 0.0333333 0.000644941
0.766667 0.0333333 0.000602363
0.833333 0.0333333 0.000524614
0.9 0.0333333 0.000432996
0.966667 0.0333333 0.000341842
1.03333 0.0333333 0.000259761
1.1 0.0333333 0.000191121
1.16667 0.0333333 0.00013722
1.23333 0.0333333 9.71229e-05
1.3 0.0333333 6.83166e-05
1.36667 0.0333333 4.74395e-05
1.43333 0.0333333 3.11689e-05
1.5 0.0333333 1.71161e-05
1.56667 0.0333333 4.42261e-06
1.63333 0.0333333 6.22643e-06
1.7 0.0333333 1.31925e-05
1.76667 0.0333333 1.47829e-05
1.83333 0.0333333 1.00247e-05
1.9 0.0333333 9.79799e-07
1.96667 0.0333333 1.71354e-05
2.03333 0.0333333 3.66904e-05
2.1 0.0333333 5.76101e-05
2.16667 0.0333333 7.78543e-05
2.23333 0.0333333 9.55298e-05
2.3 0.0333333 0.000108953
2.36667 0.0333333 0.000116678
2.43333 0.0333333 0.000117541
2.5 0.0333333 0.000110765
2.56667 0.0333333 9.61573e-05
2.63333 0.0333333 7.44306e-05
2.7 0.0333333 4.76153e-05
2.76667 0.0333333 1.94676e-05
2.83333 0.0333333 4.42335e-06
2.9 0.0333333 1.72803e-05
2.96667 0.0333333 1.28651e-05
3.03333 0.0333333 1.20243e-05
3.1 0.0333333 5.54973e-05
3.16667 0.0333333 0.000110437
3.23333 0.0333333 0.000166784
3.3 0.0333333 0.000215075
3.36667 0.0333333 0.000249276
3.43333 0.0333333 0.000267636
3.5 0.0333333 0.000271747
3.56667 0.0333333 0.000264891
3.63333 0.0333333 0.000250643
3.7 0.0333333 0.000232069
3.76667 0.0333333 0.00021147
3.83333 0.0333333 0.000190418
3.9 0.0333333 0.000169908
3.96667 0.0333333 0.000150513
4.03333 0.0333333 0.000132521
4.1 0.0333333 0.000116039
4.16667 0.0333333 0.00010106
4.23333 0.0333333 8.75129e-05
4.3 0.0333333 7.52869e-05
4.36667 0.0333333 6.42541e-05
4.43333 0.0333333 5.42785e-05
4.5 0.0333333 4.52217e-05
4.56667 0.0333333 3.69485e-05
4.63333 0.0333333 2.93331e-05
4.7 0.0333333 2.22729e-05
4.76667 0.0333333 1.57178e-05
4.83333 0.0333333 9.73467e-06
4.9 0.0333333 4.65211e-06
4.96667 0.0333333 1.43584e-06
0.0333333 0.1 8.41434e-05
0.1 0.1 0.000153446
0.166667 0.1 0.000240487
0.233333 0.1 0.000316627
0.3 0.1 0.00033675
0.366667 0.1 0.000267076
0.433333 0.1 0.000110619
0.5 0.1 8.54318e-05
0.566667 0.1 0.00025781
0.633333 0.1 0.000367039
0.7 0.1 0.00040822
0.766667 0.1 0.000397145
0.833333 0.1 0.000353489
0.9 0.1 0.000293907
0.966667 0.1 0.000230548
1.03333 0.1 0.000171377
1.1 0.1 0.000120956
1.16667 0.1 8.12691e-05
1.23333 0.1 5.23789e-05
1.3 0.1 3.29107e-05
1.36667 0.1 2.05468e-05
1.43333 0.1 1.2609e-05
1.5 0.1 6.73951e-06
1.56667 0.1 1.52163e-06
1.63333 0.1 3.22042e-06
1.7 0.1 6.61422e-06
1.76667 0.1 7.33961e-06
1.83333 0.1 4.32552e-06
1.9 0.1 2.78128e-06
1.96667 0.1 1.35108e-05
2.03333 0.1 2.67463e-05
2.1 0.1 4.10071e-05
2.16667 0.1 5.46991e-05
2.23333 0.1 6.62788e-05
2.3 0.1 7.43411e-05
2.36667 0.1 7.76675e-05
2.43333 0.1 7.52749e-05
2.5 0.1 6.65e-05
2.56667 0.1 5.11445e-05
2.63333 0.1 2.97026e-05
2.7 0.1 3.6736e-06
2.76667 0.1 2.40712e-05
2.83333 0.1 4.90289e-05
2.9 0.1 6.52919e-05
2.96667 0.1 6.67556e-05
3.03333 0.1 4.93554e-05
3.1 0.1 1.34015e-05
3.16667 0.1 3.55898e-05
3.23333 0.1 8.85416e-05
3.3 0.1 0.00013619
3.36667 0.1 0.000172166
3.43333 0.1 0.000194174
3.5 0.1 0.000203233
3.56667 0.1 0.000202079
3.63333 0.1 0.000193802
3.7 0.1 0.000181108
3.76667 0.1 0.000166069
3.83333 0.1 0.00015014
3.9 0.1 0.000134274
3.96667 0.1 0.000119048
4.03333 0.1 0.00010478
4.1 0.1 9.16174e-05
4.16667 0.1 7.95961e-05
4.23333 0.1 6.86869e-05
4.3 0.1 5.88216e-05
4.36667 0.1 4.9912e-05
4.43333 0.1 4.1861e-05
4.5 0.1 3.45707e-05
4.56667 0.1 2.79503e-05
4.63333 0.1 2.19261e-05
4.7 0.1 1.6461e-05
4.76667 0.1 1.15931e-05
4.83333 0.1 7.51525e-06
4.9 0.1 4.74212e-06
4.96667 0.1 4.45454e-06
0.0333333 0.166667 0.000228419
0.1 0.166667 0.000268401
0.166667 0.166667 0.000288228
0.233333 0.166667 0.000277372
0.3 0.166667 0.00026927
0.366667 0.166667 0.000269539
0.433333 0.166667 0.000244147
0.5 0.166667 0.000157054
0.566667 0.166667 3.67252e-05
0.633333 0.166667 6.48807e-05
0.7 0.166667 0.000130582
0.766667 0.166667 0.000161027
0.833333 0.166667 0.00016301
0.9 0.166667 0.000145772
0.966667 0.166667 0.000118242
1.03333 0.166667 8.73288e-05
1.1 0.166667 5.76805e-05
1.16667 0.166667 3.2166e-05
1.23333 0.166667 1.24046e-05
1.3 0.166667 8.68032e-07
1.36667 0.166667 7.66661e-06
1.43333 0.166667 8.84592e-06
1.5 0.166667 6.13964e-06
1.56667 0.166667 1.82028e-06
1.63333 0.166667 2.06386e-06
1.7 0.166667 4.45939e-06
1.76667 0.166667 5.54954e-06
1.83333 0.166667 6.32446e-06
1.9 0.166667 7.84944e-06
1.96667 0.166667 1.07128e-05
2.03333 0.166667 1.48576e-05
2.1 0.166667 1.97031e-05
2.16667 0.166667 2.43684e-05
2.23333 0.166667 2.78728e-05
2.3 0.166667 2.92725e-05
2.36667 0.166667 2.77438e-05
2.43333 0.166667 2.26374e-05
2.5 0.166667 1.35275e-05
2.56667 0.166667 2.65175e-07
2.63333 0.166667 1.69577e-05
2.7 0.166667 3.75271e-05
2.76667 0.166667 6.02591e-05
2.83333 0.166667 8.30323e-05
2.9 0.166667 0.000102327
2.96667 0.166667 0.000113186
3.03333 0.166667 0.000110399
3.1 0.166667 9.08932e-05
3.16667 0.166667 5.60998e-05
3.23333 0.166667 1.23618e-05
3.3 0.166667 3.15752e-05
3.36667 0.166667 6.83992e-05
3.43333 0.166667 9.45638e-05
3.5 0.166667 0.000110017
3.56667 0.166667 0.000116573
3.63333 0.166667 0.000116543
3.7 0.166667 0.000112051
3.76667 0.166667 0.00010481
3.83333 0.166667 9.60894e-05
3.9 0.166667 8.67726e-05
3.96667 0.166667 7.74363e-05
4.03333 0.166667 6.84339e-05
4.1 0.166667 5.99633e-05
4.16667 0.166667 5.21186e-05
4.23333 0.166667 4.49273e-05
4.3 0.166667 3.83764e-05
4.36667 0.166667 3.24294e-05
4.43333 0.166667 2.70397e-05
4.5 0.166667 2.216e-05
4.56667 0.166667 1.77541e-05
4.63333 0.166667 1.38129e-05
4.7 0.166667 1.03831e-05
4.76667 0.166667 7.62028e-06
4.83333 0.166667 5.88698e-06
4.9 0.166667 5.91844e-06
4.96667 0.166667 8.84897e-06
0.0333333 0.233333 0.000416183
0.1 0.233333 0.000403884
0.166667 0.233333 0.000297026
0.233333 0.233333 0.000164556
0.3 0.233333 8.83901e-05
0.366667 0.233333 4.1473e-05
0.433333 0.233333 0.000178022
0.5 0.233333 0.000292357
0.566667 0.233333 0.000282988
0.633333 0.233333 0.000211456
0.7 0.233333 0.000124198
0.766667 0.233333 5.11114e-05
0.833333 0.233333 1.76911e-06
0.9 0.233333 2.49133e-05
0.966667 0.233333 3.46124e-05
1.03333 0.233333 3.26038e-05
1.1 0.233333 2.30839e-05
1.16667 0.233333 9.27316e-06
1.23333 0.233333 6.02507e-06
1.3 0.233333 1.97865e-05
1.36667 0.233333 2.86143e-05
1.43333 0.233333 2.95874e-05
1.5 0.233333 2.19645e-05
1.56667 0.233333 8.32108e-06
1.63333 0.233333 6.31103e-06
1.7 0.233333 1.70844e-05
1.76667 0.233333 2.16581e-05
1.83333 0.233333 2.05554e-05
1.9 0.233333 1.58596e-05
1.96667 0.233333 9.69998e-06
2.03333 0.233333 3.45516e-06
2.1 0.233333 2.3272e-06
2.16667 0.233333 7.67749e-06
2.23333 0.233333 1.29116e-05
2.3 0.233333 1.8412e-05
2.36667 0.233333 2.44939e-05
2.43333 0.233333 3.13358e-05
2.5 0.233333 3.89595e-05
2.56667 0.233333 4.72622e-05
2.63333 0.233333 5.61256e-05
2.7 0.233333 6.56338e-05
2.76667 0.233333 7.63947e-05
2.83333 0.233333 8.97308e-05
2.9 0.233333 0.000106554
2.96667 0.233333 0.0001259
3.03333 0.233333 0.000143312
3.1 0.233333 0.000151169
3.16667 0.233333 0.000142508
3.23333 0.233333 0.000116792
3.3 0.233333 8.13806e-05
3.36667 0.233333 4.59123e-05
3.43333 0.233333 1.63617e-05
3.5 0.233333 5.58769e-06
3.56667 0.233333 2.04961e-05
3.63333 0.233333 2.95689e-05
3.7 0.233333 3.41985e-05
3.76667 0.233333 3.56849e-05
3.83333 0.233333 3.50877e-05
3.9 0.233333 3.32039e-05
3.96667 0.233333 3.0599e-05
4.03333 0.233333 2.76543e-05
4.1 0.233333 2.46149e-05
4.16667 0.233333 2.16296e-05
4.23333 0.233333 1.87816e-05
4.3 0.233333 1.6112e-05
4.36667 0.233333 1.36361e-05
4.43333 0.233333 1.13565e-05
4.5 0.233333 9.27557e-06
4.56667 0.233333 7.40953e-06
4.63333 0.233333 5.81067e-06
4.7 0.233333 4.60443e-06
4.76667 0.233333 4.05428e-06
4.83333 0.233333 4.66937e-06
4.9 0.233333 7.34022e-06
4.96667 0.233333 1.3409e-05
0.0333333 0.3 0.000559762
0.1 0.3 0.000513361
0.166667 0.3 0.00029955
0.233333 0.3 9.93397e-05
0.3 0.3 0.000268059
0.366667 0.3 0.00126207
0.433333 0.3 0.000362232
0.5 0.3 0.000269185
0.566667 0.3 0.000453378
0.633333 0.3 0.000417023
0.7 0.3 0.00031307
0.766667 0.3 0.000203254
0.833333 0.3 0.000112468
0.9 0.3 4.64603e-05
0.966667 0.3 2.25073e-06
1.03333 0.3 2.34126e-05
1.1 0.3 3.35101e-05
1.16667 0.3 3.04758e-05
1.23333 0.3 1.67542e-05
1.3 0.3 4.06379e-06
1.36667 0.3 2.56466e-05
1.43333 0.3 3.91563e-05
1.5 0.3 3.69586e-05
1.56667 0.3 1.86657e-05
1.63333 0.3 7.32367e-06
1.7 0.3 2.9246e-05
1.76667 0.3 3.95585e-05
1.83333 0.3 3.75564e-05
1.9 0.3 2.68106e-05
1.96667 0.3 1.15821e-05
2.03333 0.3 5.02297e-06
2.1 0.3 2.12647e-05
2.16667 0.3 3.63465e-05
2.23333 0.3 4.99481e-05
2.3 0.3 6.18947e-05
2.36667 0.3 7.1961e-05
2.43333 0.3 7.97744e-05
2.5 0.3 8.47967e-05
2.56667 0.3 8.63885e-05
2.63333 0.3 8.40007e-05
2.7 0.3 7.75805e-05
2.76667 0.3 6.83378e-05
2.83333 0.3 6.00201e-05
2.9 0.3 6.04826e-05
2.96667 0.3 7.59814e-05
3.03333 0.3 0.000110882
3.1 0.3 0.000157788
3.16667 0.3 0.000194123
3.23333 0.3 0.000201241
3.3 0.3 0.000182389
3.36667 0.3 0.000152788
3.43333 0.3 0.000122918
3.5 0.3 9.58543e-05
3.56667 0.3 7.34279e-05
3.63333 0.3 5.5952e-05
3.7 0.3 4.2749e-05
3.76667 0.3 3.29443e-05
3.83333 0.3 2.57029e-05
3.9 0.3 2.03279e-05
3.96667 0.3 1.62836e-05
4.03333 0.3 1.31799e-05
4.1 0.3 1.0743e-05
4.16667 0.3 8.78638e-06
4.23333 0.3 7.18527e-06
4.3 0.3 5.85722e-06
4.36667 0.3 4.74662e-06
4.43333 0.3 3.81188e-06
4.5 0.3 3.01241e-06
4.56667 0.3 2.29187e-06
4.63333 0.3 1.55229e-06
4.7 0.3 6.10307e-07
4.76667 0.3 8.77006e-07
4.83333 0.3 3.53242e-06
4.9 0.3 8.43641e-06
4.96667 0.3 1.7352e-05
0.0333333 0.366667 0.000566578
0.1 0.366667 0.000534338
0.166667 0.366667 0.000324936
0.233333 0.366667 0.000113353
0.3 0.366667 0.000824284
0.366667 0.366667 0.000606917
0.433333 0.366667 0.000789029
0.5 0.366667 0.000313084
0.566667 0.366667 0.000570243
0.633333 0.366667 0.000543438
0.7 0.366667 0.000422295
0.766667 0.366667 0.000283766
0.833333 0.366667 0.000160678
0.9 0.366667 6.28052e-05
0.966667 0.366667 1.10854e-05
1.03333 0.366667 6.25154e-05
1.1 0.366667 9.29907e-05
1.16667 0.366667 0.000103391
1.23333 0.366667 9.43286e-05
1.3 0.366667 6.70319e-05
1.36667 0.366667 2.49575e-05
1.43333 0.366667 1.84393e-05
1.5 0.366667 4.22583e-05
1.56667 0.366667 3.18818e-05
1.63333 0.366667 3.71439e-06
1.7 0.366667 4.04364e-05
1.76667 0.366667 5.95372e-05
1.83333 0.366667 5.77378e-05
1.9 0.366667 4.12188e-05
1.96667 0.366667 1.73066e-05
2.03333 0.366667 8.89667e-06
2.1 0.366667 3.45487e-05
2.16667 0.366667 5.81902e-05
2.23333 0.366667 7.90185e-05
2.3 0.366667 9.64238e-05
2.36667 0.366667 0.000109728
2.43333 0.366667 0.00011805
2.5 0.366667 0.000120265
2.56667 0.366667 0.000115028
2.63333 0.366667 0.000100918
2.7 0.366667 7.67494e-05
2.76667 0.366667 4.22697e-05
2.83333 0.366667 2.96413e-07
2.9 0.366667 4.25974e-05
2.96667 0.366667 5.89812e-05
3.03333 0.366667 3.7878e-05
3.1 0.366667 5.11842e-05
3.16667 0.366667 0.000170671
3.23333 0.366667 0.000240506
3.3 0.366667 0.000249533
3.36667 0.366667 0.000236672
3.43333 0.366667 0.000210059
3.5 0.366667 0.000179789
3.56667 0.366667 0.000151539
3.63333 0.366667 0.000127417
3.7 0.366667 0.000107258
3.76667 0.366667 9.06296e-05
3.83333 0.366667 7.69038e-05
3.9 0.366667 6.54766e-05
3.96667 0.366667 5.5846e-05
4.03333 0.366667 4.7624e-05
4.1 0.366667 4.05223e-05
4.16667 0.366667 3.43312e-05
4.23333 0.366667 2.88991e-05
4.3 0.366667 2.41159e-05
4.36667 0.366667 1.98987e-05
4.43333 0.366667 1.618e-05
4.5 0.366667 1.28941e-05
4.56667 0.366667 9.95997e-06
4.63333 0.366667 7.25255e-06
4.7 0.366667 4.55475e-06
4.76667 0.366667 1.47428e-06
4.83333 0.366667 2.69869e-06
4.9 0.366667 9.23129e-06
4.96667 0.366667 2.0346e-05
0.0333333 0.433333 0.000411105
0.1 0.433333 0.000434653
0.166667 0.433333 0.000342195
0.233333 0.433333 0.000131381
0.3 0.433333 0.000249225
0.366667 0.433333 0.000709603
0.433333 0.433333 6.92032e-05
0.5 0.433333 0.000488753
0.566667 0.433333 0.000650415
0.633333 0.433333 0.000595095
0.7 0.433333 0.000456994
0.766667 0.433333 0.000300609
0.833333 0.433333 0.000157597
0.9 0.433333 3.84286e-05
0.966667 0.433333 5.73504e-05
1.03333 0.433333 0.000130122
1.1 0.433333 0.000180543
1.16667 0.433333 0.000207962
1.23333 0.433333 0.000211347
1.3 0.433333 0.00018974
1.36667 0.433333 0.000141153
1.43333 0.433333 5.50919e-05
1.5 0.433333 2.79959e-05
1.56667 0.433333 5.65263e-05
1.63333 0.433333 1.56269e-05
1.7 0.433333 4.44613e-05
1.76667 0.433333 7.8951e-05
1.83333 0.433333 7.96268e-05
1.9 0.433333 5.8109e-05
1.96667 0.433333 2.6648e-05
2.03333 0.433333 7.49196e-06
2.1 0.433333 4.0566e-05
2.16667 0.433333 7.07086e-05
2.23333 0.433333 9.6871e-05
2.3 0.433333 0.00011822
2.36667 0.433333 0.000133815
2.43333 0.433333 0.000142448
2.5 0.433333 0.00014256
2.56667 0.433333 0.000132214
2.63333 0.433333 0.0001091
2.7 0.433333 7.05838e-05
2.76667 0.433333 1.3816e-05
2.83333 0.433333 6.40017e-05
2.9 0.433333 0.000164763
2.96667 0.433333 0.000282269
3.03333 0.433333 0.000347621
3.1 0.433333 0.000293353
3.16667 0.433333 2.2594e-05
3.23333 0.433333 0.000199815
3.3 0.433333 0.000280181
3.36667 0.433333 0.000288368
3.43333 0.433333 0.000266535
3.5 0.433333 0.000234725
3.56667 0.433333 0.000202765
3.63333 0.433333 0.000174326
3.7 0.433333 0.000149615
3.76667 0.433333 0.000128506
3.83333 0.433333 0.000110513
3.9 0.433333 9.50952e-05
3.96667 0.433333 8.17723e-05
4.03333 0.433333 7.01591e-05
4.1 0.433333 5.99592e-05
4.16667 0.433333 5.09496e-05
4.23333 0.433333 4.2963e-05
4.3 0.433333 3.5873e-05
4.36667 0.433333 2.95809e-05
4.43333 0.433333 2.40044e-05
4.5 0.433333 1.90646e-05
4.56667 0.433333 1.4668e-05
4.63333 0.433333 1.06768e-05
4.7 0.433333 6.85836e-06
4.76667 0.433333 2.79411e-06
4.83333 0.433333 2.28101e-06
4.9 0.433333 9.76719e-06
4.96667 0.433333 2.22268e-05
0.0333333 0.5 0.000158549
0.1 0.5 0.000246154
0.166667 0.5 0.000290066
0.233333 0.5 0.00026564
0.3 0.5 0.000175343
0.366667 0.5 0.000258069
0.433333 0.5 0.000474207
0.5 0.5 0.000644665
0.566667 0.5 0.000667365
0.633333 0.5 0.000575929
0.7 0.5 0.000430359
0.766667 0.5 0.000271574
0.833333 0.5 0.000124599
0.9 0.5 1.62321e-06
0.966667 0.5 0.000107369
1.03333 0.5 0.000192338
1.1 0.5 0.00025689
1.16667 0.5 0.000299349
1.23333 0.5 0.0003185
1.3 0.5 0.000314275
1.36667 0.5 0.000287272
1.43333 0.5 0.000240565
1.5 0.5 2.89751e-05
1.56667 0.5 0.000110667
1.63333 0.5 8.72714e-05
1.7 0.5 2.27562e-05
1.76667 0.5 9.12199e-05
1.83333 0.5 9.79627e-05
1.9 0.5 7.36846e-05
1.96667 0.5 3.73894e-05
2.03333 0.5 1.56482e-06
2.1 0.5 3.88271e-05
2.16667 0.5 7.24092e-05
2.23333 0.5 0.000101267
2.3 0.5 0.000124579
2.36667 0.5 0.000141384
2.43333 0.5 0.000150404
2.5 0.5 0.000149955
2.56667 0.5 0.000137885
2.63333 0.5 0.000111522
2.7 0.5 6.75725e-05
2.76667 0.5 1.87063e-06
2.83333 0.5 9.13067e-05
2.9 0.5 0.000221362
2.96667 0.5 0.000404443
3.03333 0.5 0.000693494
3.1 0.5 0.000319605
3.16667 0.5 0.000228209
3.23333 0.5 0.000168098
3.3 0.5 0.000286776
3.36667 0.5 0.000305495
3.43333 0.5 0.000286077
3.5 0.5 0.000253973
3.56667 0.5 0.00022081
3.63333 0.5 0.000190907
3.7 0.5 0.000164646
3.76667 0.5 0.000141994
3.83333 0.5 0.000122518
3.9 0.5 0.000105701
3.96667 0.5 9.10754e-05
4.03333 0.5 7.82586e-05
4.1 0.5 6.69533e-05
4.16667 0.5 5.69336e-05
4.23333 0.5 4.80282e-05
4.3 0.5 4.01061e-05
4.36667 0.5 3.30642e-05
4.43333 0.5 2.6816e-05
4.5 0.5 2.12788e-05
4.56667 0.5 1.63557e-05
4.63333 0.5 1.19058e-05
4.7 0.5 7.69169e-06
4.76667 0.5 3.28599e-06
4.83333 0.5 2.09723e-06
4.9 0.5 9.91012e-06
4.96667 0.5 2.28464e-05
0.0333333 0.566667 8.60952e-05
0.1 0.566667 4.29453e-05
0.166667 0.566667 0.00017422
0.233333 0.566667 0.000275064
0.3 0.566667 0.000372698
0.366667 0.566667 0.000490411
0.433333 0.566667 0.000601157
0.5 0.566667 0.000644059
0.566667 0.566667 0.000601059
0.633333 0.566667 0.000495306
0.7 0.566667 0.000358262
0.766667 0.566667 0.000213806
0.833333 0.566667 7.97056e-05
0.9 0.566667 3.73725e-05
0.966667 0.566667 0.000137679
1.03333 0.566667 0.00022062
1.1 0.566667 0.000286052
1.16667 0.566667 0.000331538
1.23333 0.566667 0.000355708
1.3 0.566667 0.000359134
1.36667 0.566667 0.000347831
1.43333 0.566667 0.000340073
1.5 0.566667 0.0005521
1.56667 0.566667 0.000290814
1.63333 0.566667 0.000349555
1.7 0.566667 2.19827e-05
1.76667 0.566667 9.31907e-05
1.83333 0.566667 0.000107531
1.9 0.566667 8.35525e-05
1.96667 0.566667 4.62754e-05
2.03333 0.566667 6.65941e-06
2.1 0.566667 3.07151e-05
2.16667 0.566667 6.39995e-05
2.23333 0.566667 9.23768e-05
2.3 0.566667 0.000115256
2.36667 0.566667 0.000131896
2.43333 0.566667 0.000141236
2.5 0.566667 0.000141823
2.56667 0.566667 0.000131793
2.63333 0.566667 0.000108888
2.7 0.566667 7.05081e-05
2.76667 0.566667 1.383e-05
2.83333 0.566667 6.39267e-05
2.9 0.566667 0.00016464
2.96667 0.566667 0.000282095
3.03333 0.566667 0.000347319
3.1 0.566667 0.000292999
3.16667 0.566667 2.27705e-05
3.23333 0.566667 0.000199844
3.3 0.566667 0.000280178
3.36667 0.566667 0.000288357
3.43333 0.566667 0.000266524
3.5 0.566667 0.000234716
3.56667 0.566667 0.000202758
3.63333 0.566667 0.000174321
3.7 0.566667 0.000149611
3.76667 0.566667 0.000128503
3.83333 0.566667 0.000110511
3.9 0.566667 9.50936e-05
3.96667 0.566667 8.17711e-05
4.03333 0.566667 7.01583e-05
4.1 0.566667 5.99586e-05
4.16667 0.566667 5.09492e-05
4.23333 0.566667 4.29627e-05
4.3 0.566667 3.58728e-05
4.36667 0.566667 2.95808e-05
4.43333 0.566667 2.40043e-05
4.5 0.566667 1.90646e-05
4.56667 0.566667 1.46679e-05
4.63333 0.566667 1.06768e-05
4.7 0.566667 6.85835e-06
4.76667 0.566667 2.79411e-06
4.83333 0.566667 2.28101e-06
4.9 0.566667 9.76719e-06
4.96667 0.566667 2.22268e-05
0.0333333 0.633333 0.000244941
0.1 0.633333 0.000106495
0.166667 0.633333 5.88933e-05
0.233333 0.633333 0.000211812
0.3 0.633333 0.000343131
0.366667 0.633333 0.000447675
0.433333 0.633333 0.000508798
0.5 0.633333 0.000510771
0.566667 0.633333 0.000455987
0.633333 0.633333 0.000362702
0.7 0.633333 0.000251418
0.766667 0.633333 0.00013717
0.833333 0.633333 3.18372e-05
0.9 0.633333 6.0164e-05
0.966667 0.633333 0.000139116
1.03333 0.633333 0.000204342
1.1 0.633333 0.000254969
1.16667 0.633333 0.000287694
1.23333 0.633333 0.000299367
1.3 0.633333 0.000287212
1.36667 0.633333 0.000249264
1.43333 0.633333 0.000195067
1.5 0.633333 7.82076e-05
1.56667 0.633333 0.000343471
1.63333 0.633333 0.00058495
1.7 0.633333 4.14862e-05
1.76667 0.633333 8.44776e-05
1.83333 0.633333 0.000103999
1.9 0.633333 8.3282e-05
1.96667 0.633333 4.97655e-05
2.03333 0.633333 1.44644e-05
2.1 0.633333 1.8342e-05
2.16667 0.633333 4.7199e-05
2.23333 0.633333 7.1688e-05
2.3 0.633333 9.16091e-05
2.36667 0.633333 0.00010662
2.43333 0.633333 0.00011609
2.5 0.633333 0.00011907
2.56667 0.633333 0.00011434
2.63333 0.633333 0.000100561
2.7 0.633333 7.66064e-05
2.76667 0.633333 4.22635e-05
2.83333 0.633333 2.15483e-07
2.9 0.633333 4.24593e-05
2.96667 0.633333 5.88008e-05
3.03333 0.633333 3.76805e-05
3.1 0.633333 5.13419e-05
3.16667 0.633333 0.000170755
3.23333 0.633333 0.000240528
3.3 0.633333 0.000249523
3.36667 0.633333 0.000236654
3.43333 0.633333 0.000210041
3.5 0.633333 0.000179774
3.56667 0.633333 0.000151527
3.63333 0.633333 0.000127408
3.7 0.633333 0.000107251
3.76667 0.633333 9.06248e-05
3.83333 0.633333 7.69003e-05
3.9 0.633333 6.54741e-05
3.96667 0.633333 5.58443e-05
4.03333 0.633333 4.76228e-05
4.1 0.633333 4.05215e-05
4.16667 0.633333 3.43306e-05
4.23333 0.633333 2.88987e-05
4.3 0.633333 2.41156e-05
4.36667 0.633333 1.98985e-05
4.43333 0.633333 1.61798e-05
4.5 0.633333 1.2894e-05
4.56667 0.633333 9.95992e-06
4.63333 0.633333 7.25252e-06
4.7 0.633333 4.55474e-06
4.76667 0.633333 1.47428e-06
4.83333 0.633333 2.69868e-06
4.9 0.633333 9.23129e-06
4.96667 0.633333 2.0346e-05
0.0333333 0.7 0.000296091
0.1 0.7 0.000175767
0.166667 0.7 2.64038e-05
0.233333 0.7 0.000110226
0.3 0.7 0.00021772
0.366667 0.7 0.000288687
0.433333 0.7 0.000318269
0.5 0.7 0.000305895
0.566667 0.7 0.000259336
0.633333 0.7 0.000191971
0.7 0.7 0.00011691
0.766667 0.7 4.33596e-05
0.833333 0.7 2.1985e-05
0.9 0.7 7.69275e-05
0.966667 0.7 0.000122044
1.03333 0.7 0.000157175
1.1 0.7 0.000181233
1.16667 0.7 0.000190679
1.23333 0.7 0.000180709
1.3 0.7 0.000144686
1.36667 0.7 7.32891e-05
1.43333 0.7 5.79004e-05
1.5 0.7 0.000310485
1.56667 0.7 0.000493965
1.63333 0.7 0.000289422
1.7 0.7 3.24508e-05
1.76667 0.7 7.07642e-05
1.83333 0.7 8.72408e-05
1.9 0.7 7.15781e-05
1.96667 0.7 4.59046e-05
2.03333 0.7 1.94462e-05
2.1 0.7 4.49677e-06
2.16667 0.7 2.51314e-05
2.23333 0.7 4.25744e-05
2.3 0.7 5.71183e-05
2.36667 0.7 6.8917e-05
2.43333 0.7 7.78756e-05
2.5 0.7 8.36488e-05
2.56667 0.7 8.57286e-05
2.63333 0.7 8.3654e-05
2.7 0.7 7.7431e-05
2.76667 0.7 6.83088e-05
2.83333 0.7 6.00612e-05
2.9 0.7 6.056e-05
2.96667 0.7 7.60708e-05
3.03333 0.7 0.000110962
3.1 0.7 0.000157841
3.16667 0.7 0.000194145
3.23333 0.7 0.00020124
3.3 0.7 0.000182375
3.36667 0.7 0.00015277
3.43333 0.7 0.000122901
3.5 0.7 9.58402e-05
3.56667 0.7 7.3417e-05
3.63333 0.7 5.59437e-05
3.7 0.7 4.27429e-05
3.76667 0.7 3.29399e-05
3.83333 0.7 2.56997e-05
3.9 0.7 2.03256e-05
3.96667 0.7 1.6282e-05
4.03333 0.7 1.31787e-05
4.1 0.7 1.07422e-05
4.16667 0.7 8.78583e-06
4.23333 0.7 7.1849e-06
4.3 0.7 5.85696e-06
4.36667 0.7 4.74645e-06
4.43333 0.7 3.81177e-06
4.5 0.7 3.01234e-06
4.56667 0.7 2.29183e-06
4.63333 0.7 1.55226e-06
4.7 0.7 6.10296e-07
4.76667 0.7 8.7701e-07
4.83333 0.7 3.53242e-06
4.9 0.7 8.4364e-06
4.96667 0.7 1.7352e-05
0.0333333 0.766667 0.000260241
0.1 0.766667 0.000176667
0.166667 0.766667 7.86717e-05
0.233333 0.766667 3.18525e-06
0.3 0.766667 5.8249e-05
0.366667 0.766667 8.47664e-05
0.433333 0.766667 8.49891e-05
0.5 0.766667 6.42199e-05
0.566667 0.766667 3.04944e-05
0.633333 0.766667 7.39015e-06
0.7 0.766667 4.24047e-05
0.766667 0.766667 7.05392e-05
0.833333 0.766667 9.01288e-05
0.9 0.766667 0.000101689
0.966667 0.766667 0.000106902
1.03333 0.766667 0.000106935
1.1 0.766667 0.000101607
1.16667 0.766667 8.86701e-05
1.23333 0.766667 6.40731e-05
1.3 0.766667 2.22044e-05
1.36667 0.766667 4.39459e-05
1.43333 0.766667 0.000136249
1.5 0.766667 0.000213845
1.56667 0.766667 0.000199563
1.63333 0.766667 0.000101979
1.7 0.766667 8.75043e-07
1.76667 0.766667 5.04618e-05
1.83333 0.766667 5.94971e-05
1.9 0.766667 4.96593e-05
1.96667 0.766667 3.47928e-05
2.03333 0.766667 2.06661e-05
2.1 0.766667 8.94457e-06
2.16667 0.766667 5.11396e-07
2.23333 0.766667 8.45241e-06
2.3 0.766667 1.5689e-05
2.36667 0.766667 2.2866e-05
2.43333 0.766667 3.0391e-05
2.5 0.766667 3.84363e-05
2.56667 0.766667 4.69959e-05
2.63333 0.766667 5.60123e-05
2.7 0.766667 6.56082e-05
2.76667 0.766667 7.64152e-05
2.83333 0.766667 8.97715e-05
2.9 0.766667 0.000106599
2.96667 0.766667 0.000125938
3.03333 0.766667 0.00014334
3.1 0.766667 0.000151185
3.16667 0.766667 0.000142512
3.23333 0.766667 0.000116789
3.3 0.766667 8.1373e-05
3.36667 0.766667 4.59037e-05
3.43333 0.766667 1.63537e-05
3.5 0.766667 5.59441e-06
3.56667 0.766667 2.05014e-05
3.63333 0.766667 2.95729e-05
3.7 0.766667 3.42015e-05
3.76667 0.766667 3.56871e-05
3.83333 0.766667 3.50892e-05
3.9 0.766667 3.3205e-05
3.96667 0.766667 3.05998e-05
4.03333 0.766667 2.76549e-05
4.1 0.766667 2.46153e-05
4.16667 0.766667 2.16298e-05
4.23333 0.766667 1.87818e-05
4.3 0.766667 1.61122e-05
4.36667 0.766667 1.36362e-05
4.43333 0.766667 1.13566e-05
4.5 0.766667 9.2756e-06
4.56667 0.766667 7.40955e-06
4.63333 0.766667 5.81068e-06
4.7 0.766667 4.60443e-06
4.76667 0.766667 4.05428e-06
4.83333 0.766667 4.66937e-06
4.9 0.766667 7.34021e-06
4.96667 0.766667 1.3409e-05
0.0333333 0.833333 0.000176457
0.1 0.833333 0.00014041
0.166667 0.833333 0.000112181
0.233333 0.833333 0.000102891
0.3 0.833333 0.000112057
0.366667 0.833333 0.000134651
0.433333 0.833333 0.000163906
0.5 0.833333 0.000192555
0.566667 0.833333 0.000214019
0.633333 0.833333 0.000223724
0.7 0.833333 0.000219932
0.766667 0.833333 0.000203603
0.833333 0.833333 0.000177594
0.9 0.833333 0.000145675
0.966667 0.833333 0.000111629
1.03333 0.833333 7.85117e-05
1.1 0.833333 4.80538e-05
1.16667 0.833333 2.03735e-05
1.23333 0.833333 5.94934e-06
1.3 0.833333 3.321e-05
1.36667 0.833333 6.19529e-05
1.43333 0.833333 8.50367e-05
1.5 0.833333 8.74636e-05
1.56667 0.833333 6.23418e-05
1.63333 0.833333 2.24251e-05
1.7 0.833333 1.0068e-05
1.76667 0.833333 2.46216e-05
1.83333 0.833333 2.56555e-05
1.9 0.833333 2.19659e-05
1.96667 0.833333 1.91823e-05
2.03333 0.833333 1.9091e-05
2.1 0.833333 2.12915e-05
2.16667 0.833333 2.45234e-05
2.23333 0.833333 2.7367e-05
2.3 0.833333 2.85418e-05
2.36667 0.833333 2.70069e-05
2.43333 0.833333 2.1988e-05
2.5 0.833333 1.29936e-05
2.56667 0.833333 1.55914e-07
2.63333 0.833333 1.72808e-05
2.7 0.833333 3.77699e-05
2.76667 0.833333 6.04382e-05
2.83333 0.833333 8.3162e-05
2.9 0.833333 0.000102419
2.96667 0.833333 0.000113251
3.03333 0.833333 0.000110445
3.1 0.833333 9.09252e-05
3.16667 0.833333 5.61223e-05
3.23333 0.833333 1.23777e-05
3.3 0.833333 3.15641e-05
3.36667 0.833333 6.83914e-05
3.43333 0.833333 9.45583e-05
3.5 0.833333 0.000110013
3.56667 0.833333 0.00011657
3.63333 0.833333 0.000116541
3.7 0.833333 0.00011205
3.76667 0.833333 0.000104809
3.83333 0.833333 9.60887e-05
3.9 0.833333 8.67721e-05
3.96667 0.833333 7.7436e-05
4.03333 0.833333 6.84336e-05
4.1 0.833333 5.99631e-05
4.16667 0.833333 5.21184e-05
4.23333 0.833333 4.49272e-05
4.3 0.833333 3.83763e-05
4.36667 0.833333 3.24294e-05
4.43333 0.833333 2.70396e-05
4.5 0.833333 2.21599e-05
4.56667 0.833333 1.7754e-05
4.63333 0.833333 1.38129e-05
4.7 0.833333 1.03831e-05
4.76667 0.833333 7.62027e-06
4.83333 0.833333 5.88698e-06
4.9 0.833333 5.91843e-06
4.96667 0.833333 8.84896e-06
0.0333333 0.9 8.50694e-05
0.1 0.9 9.90982e-05
0.166667 0.9 0.00014251
0.233333 0.9 0.000204785
0.3 0.9 0.000275026
0.366667 0.9 0.000342839
0.433333 0.9 0.000398857
0.5 0.9 0.000435492
0.566667 0.9 0.000448
0.633333 0.9 0.000435255
0.7 0.9 0.00039969
0.766667 0.9 0.000346415
0.833333 0.9 0.000281934
0.9 0.9 0.000212986
0.966667 0.9 0.000145711
1.03333 0.9 8.5211e-05
1.1 0.9 3.53041e-05
1.16667 0.9 1.63012e-06
1.23333 0.9 2.47623e-05
1.3 0.9 3.47174e-05
1.36667 0.9 3.31921e-05
1.43333 0.9 2.30047e-05
1.5 0.9 8.83896e-06
1.56667 0.9 3.08245e-06
1.63333 0.9 7.69743e-06
1.7 0.9 4.57876e-06
1.76667 0.9 1.87553e-06
1.83333 0.9 5.94363e-06
1.9 0.9 4.11992e-06
1.96667 0.9 4.01865e-06
2.03333 0.9 1.68623e-05
2.1 0.9 3.20461e-05
2.16667 0.9 4.72258e-05
2.23333 0.9 6.03801e-05
2.3 0.9 6.98599e-05
2.36667 0.9 7.43553e-05
2.43333 0.9 7.2876e-05
2.5 0.9 6.47888e-05
2.56667 0.9 4.99381e-05
2.63333 0.9 2.88598e-05
2.7 0.9 3.08861e-06
2.76667 0.9 2.44758e-05
2.83333 0.9 4.9309e-05
2.9 0.9 6.54873e-05
2.96667 0.9 6.68943e-05
3.03333 0.9 4.94562e-05
3.1 0.9 1.34767e-05
3.16667 0.9 3.55325e-05
3.23333 0.9 8.84977e-05
3.3 0.9 0.000136156
3.36667 0.9 0.00017214
3.43333 0.9 0.000194155
3.5 0.9 0.000203219
3.56667 0.9 0.000202069
3.63333 0.9 0.000193795
3.7 0.9 0.000181102
3.76667 0.9 0.000166065
3.83333 0.9 0.000150138
3.9 0.9 0.000134272
3.96667 0.9 0.000119047
4.03333 0.9 0.000104779
4.1 0.9 9.16166e-05
4.16667 0.9 7.95956e-05
4.23333 0.9 6.86865e-05
4.3 0.9 5.88214e-05
4.36667 0.9 4.99118e-05
4.43333 0.9 4.18608e-05
4.5 0.9 3.45706e-05
4.56667 0.9 2.79502e-05
4.63333 0.9 2.19261e-05
4.7 0.9 1.6461e-05
4.76667 0.9 1.15931e-05
4.83333 0.9 7.51524e-06
4.9 0.9 4.74211e-06
4.96667 0.9 4.45454e-06
0.0333333 0.966667 2.52406e-05
0.1 0.966667 8.55624e-05
0.166667 0.966667 0.000184435
0.233333 0.966667 0.000299553
0.3 0.966667 0.000413935
0.366667 0.966667 0.000514146
0.433333 0.966667 0.000589585
0.5 0.966667 0.000632835
0.566667 0.966667 0.000640525
0.633333 0.966667 0.000613779
0.7 0.966667 0.000557711
0.766667 0.966667 0.000480114
0.833333 0.966667 0.000389905
0.9 0.966667 0.000295836
0.966667 0.966667 0.000205697
1.03333 0.966667 0.000126
1.1 0.966667 6.19051e-05
1.16667 0.966667 1.70737e-05
1.23333 0.966667 6.73409e-06
1.3 0.966667 1.04913e-05
1.36667 0.966667 9.14265e-07
1.43333 0.966667 1.83125e-05
1.5 0.966667 3.05793e-05
1.56667 0.966667 2.97935e-05
1.63333 0.966667 1.57713e-05
1.7 0.966667 4.23153e-06
1.76667 0.966667 2.05764e-05
1.83333 0.966667 2.66341e-05
1.9 0.966667 2.07715e-05
1.96667 0.966667 5.09174e-06
2.03333 0.966667 1.67627e-05
2.1 0.966667 4.1129e-05
2.16667 0.966667 6.49344e-05
2.23333 0.966667 8.57707e-05
2.3 0.966667 0.000101774
2.36667 0.966667 0.000111498
2.43333 0.966667 0.000113857
2.5 0.966667 0.000108172
2.56667 0.966667 9.43478e-05
2.63333 0.966667 7.31745e-05
2.7 0.966667 4.67457e-05
2.76667 0.966667 1.8865e-05
2.83333 0.966667 4.84335e-06
2.9 0.966667 1.75765e-05
2.96667 0.966667 1.30778e-05
3.03333 0.966667 1.18684e-05
3.1 0.966667 5.53808e-05
3.16667 0.966667 0.000110349
3.23333 0.966667 0.000166717
3.3 0.966667 0.000215024
3.36667 0.966667 0.000249237
3.43333 0.966667 0.000267607
3.5 0.966667 0.000271725
3.56667 0.966667 0.000264876
3.63333 0.966667 0.000250632
3.7 0.966667 0.000232061
3.76667 0.966667 0.000211464
3.83333 0.966667 0.000190414
3.9 0.966667 0.000169905
3.96667 0.966667 0.000150511
4.03333 0.966667 0.000132519
4.1 0.966667 0.000116038
4.16667 0.966667 0.00010106
4.23333 0.966667 8.75124e-05
4.3 0.966667 7.52865e-05
4.36667 0.966667 6.42539e-05
4.43333 0.966667 5.42783e-05
4.5 0.966667 4.52216e-05
4.56667 0.966667 3.69484e-05
4.63333 0.966667 2.93331e-05
4.7 0.966667 2.22729e-05
4.76667 0.966667 1.57177e-05
4.83333 0.966667 9.73466e-06
4.9 0.966667 4.6521e-06
4.96667 0.966667 1.43584e-06
