0.0333333 0.0333333 5.69123e-06
0.1 0.0333333 1.6986e-05
0.166667 0.0333333 3.3244e-05
0.233333 0.0333333 4.28146e-05
0.3 0.0333333 3.93311e-05
0.366667 0.0333333 2.28048e-05
0.433333 0.0333333 4.34235e-07
0.5 0.0333333 2.14768e-05
0.566667 0.0333333 3.38255e-05
0.633333 0.0333333 3.57237e-05
0.7 0.0333333 2.91325e-05
0.766667 0.0333333 1.74586e-05
0.833333 0.0333333 3.99197e-06
0.9 0.0333333 8.7085e-06
0.966667 0.0333333 1.89588e-05
1.03333 0.0333333 2.50785e-05
1.1 0.0333333 2.89206e-05
1.16667 0.0333333 2.94665e-05
1.23333 0.0333333 2.73537e-05
1.3 0.0333333 2.34236e-05
1.36667 0.0333333 1.68714e-05
1.43333 0.0333333 1.09689e-05
1.5 0.0333333 5.59381e-06
1.56667 0.0333333 1.33321e-06
1.63333 0.0333333 1.5314e-06
1.7 0.0333333 3.02897e-06
1.76667 0.0333333 3.41629e-06
1.83333 0.0333333 3.05228e-06
1.9 0.0333333 2.28447e-06
1.96667 0.0333333 1.38095e-06
2.03333 0.0333333 5.11148e-07
2.1 0.0333333 2.40069e-07
2.16667 0.0333333 8.45135e-07
2.23333 0.0333333 1.30788e-06
2.3 0.0333333 1.64503e-06
2.36667 0.0333333 1.87531e-06
2.43333 0.0333333 2.01437e-06
2.5 0.0333333 2.07303e-06
2.56667 0.0333333 2.05749e-06
2.63333 0.0333333 1.97056e-06
2.7 0.0333333 1.81367e-06
2.76667 0.0333333 1.58969e-06
2.83333 0.0333333 1.30677e-06
2.9 0.0333333 9.82054e-07
2.96667 0.0333333 6.43215e-07
3.03333 0.0333333 3.25085e-07
3.1 0.0333333 6.10908e-08
3.16667 0.0333333 1.26919e-07
3.23333 0.0333333 2.34755e-07
3.3 0.0333333 2.74507e-07
3.36667 0.0333333 2.67235e-07
3.43333 0.0333333 2.34519e-07
3.5 0.0333333 1.92927e-07
3.56667 0.0333333 1.52497e-07
3.63333 0.0333333 1.1788e-07
3.7 0.0333333 9.03251e-08
3.76667 0.0333333 6.93567e-08
3.83333 0.0333333 5.38456e-08
3.9 0.0333333 4.25666e-08
3.96667 0.0333333 3.44379e-08
4.03333 0.0333333 2.85943e-08
4.1 0.0333333 2.43807e-08
4.16667 0.0333333 2.13191e-08
4.23333 0.0333333 1.90687e-08
4.3 0.0333333 1.73908e-08
4.36667 0.0333333 1.61199e-08
4.43333 0.0333333 1.51426e-08
4.5 0.0333333 1.43812e-08
4.56667 0.0333333 1.37831e-08
4.63333 0.0333333 1.33126e-08
4.7 0.0333333 1.29457e-08
4.76667 0.0333333 1.26662e-08
4.83333 0.0333333 1.24635e-08
4.9 0.0333333 1.23309e-08
4.96667 0.0333333 1.22654e-08
0.0333333 0.1 1.80123e-05
0.1 0.1 1.53663e-06
0.166667 0.1 4.37164e-07
0.233333 0.1 5.67939e-06
0.3 0.1 1.09285e-05
0.366667 0.1 1.14079e-05
0.433333 0.1 5.28636e-06
0.5 0.1 5.19804e-06
0.566667 0.1 1.51209e-05
0.633333 0.1 2.06758e-05
0.7 0.1 2.06431e-05
0.766667 0.1 1.58394e-05
0.833333 0.1 8.00791e-06
0.9 0.1 9.17637e-07
0.966667 0.1 9.32231e-06
1.03333 0.1 1.56305e-05
1.1 0.1 2.06875e-05
1.16667 0.1 2.36157e-05
1.23333 0.1 2.4475e-05
1.3 0.1 2.35205e-05
1.36667 0.1 2.01522e-05
1.43333 0.1 1.62955e-05
1.5 0.1 1.19685e-05
1.56667 0.1 7.78534e-06
1.63333 0.1 4.25216e-06
1.7 0.1 1.65441e-06
1.76667 0.1 3.45196e-08
1.83333 0.1 7.50515e-07
1.9 0.1 9.35755e-07
1.96667 0.1 7.58931e-07
2.03333 0.1 4.07243e-07
2.1 0.1 3.47142e-09
2.16667 0.1 3.84178e-07
2.23333 0.1 7.24657e-07
2.3 0.1 1.00832e-06
2.36667 0.1 1.23582e-06
2.43333 0.1 1.41141e-06
2.5 0.1 1.53939e-06
2.56667 0.1 1.62247e-06
2.63333 0.1 1.66115e-06
2.7 0.1 1.6536e-06
2.76667 0.1 1.59577e-06
2.83333 0.1 1.48236e-06
2.9 0.1 1.30999e-06
2.96667 0.1 1.08298e-06
3.03333 0.1 8.19072e-07
3.1 0.1 5.49225e-07
3.16667 0.1 3.08542e-07
3.23333 0.1 1.23004e-07
3.3 0.1 1.0113e-09
3.36667 0.1 6.52842e-08
3.43333 0.1 9.19408e-08
3.5 0.1 9.51136e-08
3.56667 0.1 8.68423e-08
3.63333 0.1 7.45143e-08
3.7 0.1 6.20026e-08
3.76667 0.1 5.09988e-08
3.83333 0.1 4.20039e-08
3.9 0.1 3.49497e-08
3.96667 0.1 2.95456e-08
4.03333 0.1 2.54537e-08
4.1 0.1 2.23647e-08
4.16667 0.1 2.00249e-08
4.23333 0.1 1.82383e-08
4.3 0.1 1.68587e-08
4.36667 0.1 1.57801e-08
4.43333 0.1 1.4927e-08
4.5 0.1 1.42462e-08
4.56667 0.1 1.37005e-08
4.63333 0.1 1.32643e-08
4.7 0.1 1.292e-08
4.76667 0.1 1.26554e-08
4.83333 0.1 1.24626e-08
4.9 0.1 1.23369e-08
4.96667 0.1 1.2276e-08
0.0333333 0.166667 4.0566e-05
0.1 0.166667 5.44323e-06
0.166667 0.166667 2.82751e-05
0.233333 0.166667 3.0202e-05
0.3 0.166667 2.01458e-06
0.366667 0.166667 5.80232e-06
0.433333 0.166667 2.03121e-05
0.5 0.166667 1.81616e-05
0.566667 0.166667 5.38775e-06
0.633333 0.166667 7.84693e-06
0.7 0.166667 1.68218e-05
0.766667 0.166667 2.00794e-05
0.833333 0.166667 1.81081e-05
0.9 0.166667 1.25535e-05
0.966667 0.166667 5.29597e-06
1.03333 0.166667 2.24179e-06
1.1 0.166667 9.25791e-06
1.16667 0.166667 1.53254e-05
1.23333 0.166667 2.00963e-05
1.3 0.166667 2.09319e-05
1.36667 0.166667 2.26047e-05
1.43333 0.166667 2.14773e-05
1.5 0.166667 1.84712e-05
1.56667 0.166667 1.45461e-05
1.63333 0.166667 1.05878e-05
1.7 0.166667 6.4925e-06
1.76667 0.166667 3.16374e-06
1.83333 0.166667 9.74593e-07
1.9 0.166667 2.32005e-07
1.96667 0.166667 7.38366e-07
2.03333 0.166667 8.16673e-07
2.1 0.166667 6.69806e-07
2.16667 0.166667 4.26139e-07
2.23333 0.166667 1.56754e-07
2.3 0.166667 1.04434e-07
2.36667 0.166667 3.44903e-07
2.43333 0.166667 5.63096e-07
2.5 0.166667 7.62197e-07
2.56667 0.166667 9.46622e-07
2.63333 0.166667 1.11987e-06
2.7 0.166667 1.28256e-06
2.76667 0.166667 1.42966e-06
2.83333 0.166667 1.5458e-06
2.9 0.166667 1.60085e-06
2.96667 0.166667 1.556e-06
3.03333 0.166667 1.38614e-06
3.1 0.166667 1.10675e-06
3.16667 0.166667 7.76809e-07
3.23333 0.166667 4.69328e-07
3.3 0.166667 2.33926e-07
3.36667 0.166667 8.19244e-08
3.43333 0.166667 2.19175e-09
3.5 0.166667 4.15774e-08
3.56667 0.166667 5.54442e-08
3.63333 0.166667 5.6373e-08
3.7 0.166667 5.16745e-08
3.76667 0.166667 4.52099e-08
3.83333 0.166667 3.88158e-08
3.9 0.166667 3.32308e-08
3.96667 0.166667 2.86442e-08
4.03333 0.166667 2.49993e-08
4.1 0.166667 2.21499e-08
4.16667 0.166667 1.99352e-08
4.23333 0.166667 1.82117e-08
4.3 0.166667 1.68625e-08
4.36667 0.166667 1.57974e-08
4.43333 0.166667 1.49496e-08
4.5 0.166667 1.42703e-08
4.56667 0.166667 1.37245e-08
4.63333 0.166667 1.32877e-08
4.7 0.166667 1.29427e-08
4.76667 0.166667 1.26775e-08
4.83333 0.166667 1.24843e-08
4.9 0.166667 1.23578e-08
4.96667 0.166667 1.22952e-08
0.0333333 0.233333 5.85665e-05
0.1 0.233333 2.13688e-05
0.166667 0.233333 8.26216e-05
0.233333 0.233333 0.00011888
0.3 0.233333 7.02616e-05
0.366667 0.233333 8.79038e-06
0.433333 0.233333 4.66703e-05
0.5 0.233333 4.76784e-05
0.566667 0.233333 3.85258e-05
0.633333 0.233333 3.82059e-06
0.7 0.233333 1.661e-05
0.766667 0.233333 2.98574e-05
0.833333 0.233333 3.47165e-05
0.9 0.233333 3.25474e-05
0.966667 0.233333 2.5942e-05
1.03333 0.233333 1.71141e-05
1.1 0.233333 7.27614e-06
1.16667 0.233333 2.98114e-06
1.23333 0.233333 1.30138e-05
1.3 0.233333 1.76734e-05
1.36667 0.233333 2.77049e-05
1.43333 0.233333 3.1227e-05
1.5 0.233333 3.03401e-05
1.56667 0.233333 2.59378e-05
1.63333 0.233333 1.94087e-05
1.7 0.233333 1.2045e-05
1.76667 0.233333 6.23191e-06
1.83333 0.233333 2.22024e-06
1.9 0.233333 1.33059e-07
1.96667 0.233333 1.28483e-06
2.03333 0.233333 1.69656e-06
2.1 0.233333 1.70836e-06
2.16667 0.233333 1.5317e-06
2.23333 0.233333 1.28265e-06
2.3 0.233333 1.01664e-06
2.36667 0.233333 7.54276e-07
2.43333 0.233333 4.9785e-07
2.5 0.233333 2.40884e-07
2.56667 0.233333 2.66416e-08
2.63333 0.233333 3.15434e-07
2.7 0.233333 6.34763e-07
2.76667 0.233333 9.89346e-07
2.83333 0.233333 1.37254e-06
2.9 0.233333 1.74897e-06
2.96667 0.233333 2.02291e-06
3.03333 0.233333 2.06668e-06
3.1 0.233333 1.81564e-06
3.16667 0.233333 1.34888e-06
3.23333 0.233333 8.40589e-07
3.3 0.233333 4.34485e-07
3.36667 0.233333 1.75005e-07
3.43333 0.233333 3.44396e-08
3.5 0.233333 3.18665e-08
3.56667 0.233333 5.73101e-08
3.63333 0.233333 6.23523e-08
3.7 0.233333 5.83604e-08
3.76667 0.233333 5.12112e-08
3.83333 0.233333 4.37005e-08
3.9 0.233333 3.69928e-08
3.96667 0.233333 3.14411e-08
4.03333 0.233333 2.70289e-08
4.1 0.233333 2.35973e-08
4.16667 0.233333 2.09547e-08
4.23333 0.233333 1.89235e-08
4.3 0.233333 1.73567e-08
4.36667 0.233333 1.61398e-08
4.43333 0.233333 1.51871e-08
4.5 0.233333 1.4436e-08
4.56667 0.233333 1.38415e-08
4.63333 0.233333 1.33718e-08
4.7 0.233333 1.30047e-08
4.76667 0.233333 1.27246e-08
4.83333 0.233333 1.25211e-08
4.9 0.233333 1.2387e-08
4.96667 0.233333 1.23174e-08
0.0333333 0.3 7.09214e-05
0.1 0.3 2.67795e-05
0.166667 0.3 0.000114631
0.233333 0.3 0.00021056
0.3 0.3 0.000317082
0.366667 0.3 0.000104891
0.433333 0.3 7.84361e-05
0.5 0.3 0.000103599
0.566667 0.3 7.7402e-05
0.633333 0.3 1.41297e-05
0.7 0.3 1.91252e-05
0.766667 0.3 4.60455e-05
0.833333 0.3 5.75907e-05
0.9 0.3 6.08288e-05
0.966667 0.3 5.15812e-05
1.03333 0.3 4.01246e-05
1.1 0.3 2.64935e-05
1.16667 0.3 9.35281e-06
1.23333 0.3 5.46531e-07
1.3 0.3 1.48537e-05
1.36667 0.3 3.28336e-05
1.43333 0.3 4.42702e-05
1.5 0.3 4.37627e-05
1.56667 0.3 4.00377e-05
1.63333 0.3 3.03245e-05
1.7 0.3 1.8763e-05
1.76667 0.3 9.29371e-06
1.83333 0.3 2.90644e-06
1.9 0.3 6.96704e-07
1.96667 0.3 2.39842e-06
2.03333 0.3 3.00396e-06
2.1 0.3 3.05201e-06
2.16667 0.3 2.85413e-06
2.23333 0.3 2.57049e-06
2.3 0.3 2.27204e-06
2.36667 0.3 1.98133e-06
2.43333 0.3 1.69674e-06
2.5 0.3 1.40569e-06
2.56667 0.3 1.09132e-06
2.63333 0.3 7.35362e-07
2.7 0.3 3.19086e-07
2.76667 0.3 1.76894e-07
2.83333 0.3 7.72512e-07
2.9 0.3 1.48419e-06
2.96667 0.3 2.27733e-06
3.03333 0.3 2.83044e-06
3.1 0.3 2.78252e-06
3.16667 0.3 2.12628e-06
3.23333 0.3 1.26655e-06
3.3 0.3 5.94089e-07
3.36667 0.3 2.06375e-07
3.43333 0.3 1.71781e-08
3.5 0.3 6.29084e-08
3.56667 0.3 8.83129e-08
3.63333 0.3 8.86059e-08
3.7 0.3 7.89479e-08
3.76667 0.3 6.66598e-08
3.83333 0.3 5.49676e-08
3.9 0.3 4.50481e-08
3.96667 0.3 3.71161e-08
4.03333 0.3 3.09823e-08
4.1 0.3 2.63275e-08
4.16667 0.3 2.28274e-08
4.23333 0.3 2.02013e-08
4.3 0.3 1.82254e-08
4.36667 0.3 1.67291e-08
4.43333 0.3 1.55867e-08
4.5 0.3 1.47074e-08
4.56667 0.3 1.40267e-08
4.63333 0.3 1.34992e-08
4.7 0.3 1.30933e-08
4.76667 0.3 1.27872e-08
4.83333 0.3 1.25658e-08
4.9 0.3 1.24188e-08
4.96667 0.3 1.23388e-08
0.0333333 0.366667 7.57033e-05
0.1 0.366667 8.65542e-06
0.166667 0.366667 8.19213e-05
0.233333 0.366667 0.00017156
0.3 0.366667 0.000285042
0.366667 0.366667 0.000420966
0.433333 0.366667 0.000120857
0.5 0.366667 0.000152051
0.566667 0.366667 0.000126486
0.633333 0.366667 9.38271e-05
0.7 0.366667 4.64062e-05
0.766667 0.366667 7.5971e-06
0.833333 0.366667 3.58734e-05
0.9 0.366667 0.000103252
0.966667 0.366667 9.10887e-05
1.03333 0.366667 7.32104e-05
1.1 0.366667 4.99499e-05
1.16667 0.366667 2.24315e-05
1.23333 0.366667 1.92336e-05
1.3 0.366667 2.79808e-06
1.36667 0.366667 2.65222e-05
1.43333 0.366667 4.7802e-05
1.5 0.366667 5.42905e-05
1.56667 0.366667 5.89419e-05
1.63333 0.366667 4.30567e-05
1.7 0.366667 2.44255e-05
1.76667 0.366667 1.25327e-05
1.83333 0.366667 3.19118e-06
1.9 0.366667 1.65899e-06
1.96667 0.366667 3.76816e-06
2.03333 0.366667 4.43032e-06
2.1 0.366667 4.41742e-06
2.16667 0.366667 4.13835e-06
2.23333 0.366667 3.78794e-06
2.3 0.366667 3.44465e-06
2.36667 0.366667 3.12797e-06
2.43333 0.366667 2.83015e-06
2.5 0.366667 2.53266e-06
2.56667 0.366667 2.21409e-06
2.63333 0.366667 1.85332e-06
2.7 0.366667 1.42981e-06
2.76667 0.366667 9.21337e-07
2.83333 0.366667 2.97085e-07
2.9 0.366667 5.00358e-07
2.96667 0.366667 1.62308e-06
3.03333 0.366667 3.36064e-06
3.1 0.366667 4.17334e-06
3.16667 0.366667 3.32611e-06
3.23333 0.366667 1.79707e-06
3.3 0.366667 7.14351e-07
3.36667 0.366667 1.98852e-07
3.43333 0.366667 2.50204e-08
3.5 0.366667 1.08434e-07
3.56667 0.366667 1.27442e-07
3.63333 0.366667 1.19367e-07
3.7 0.366667 1.0203e-07
3.76667 0.366667 8.34925e-08
3.83333 0.366667 6.70056e-08
3.9 0.366667 5.35348e-08
3.96667 0.366667 4.30335e-08
4.03333 0.366667 3.50721e-08
4.1 0.366667 2.91343e-08
4.16667 0.366667 2.47426e-08
4.23333 0.366667 2.15022e-08
4.3 0.366667 1.91059e-08
4.36667 0.366667 1.73237e-08
4.43333 0.366667 1.59877e-08
4.5 0.366667 1.49779e-08
4.56667 0.366667 1.42096e-08
4.63333 0.366667 1.36233e-08
4.7 0.366667 1.31781e-08
4.76667 0.366667 1.28456e-08
4.83333 0.366667 1.26061e-08
4.9 0.366667 1.2446e-08
4.96667 0.366667 1.23557e-08
0.0333333 0.433333 7.22842e-05
0.1 0.433333 2.8686e-05
0.166667 0.433333 2.20816e-05
0.233333 0.433333 1.80895e-05
0.3 0.433333 1.68781e-05
0.366667 0.433333 9.11475e-05
0.433333 0.433333 0.00017303
0.5 0.433333 0.000183801
0.566667 0.433333 0.000160974
0.633333 0.433333 0.000160251
0.7 0.433333 0.000125763
0.766667 0.433333 5.2399e-05
0.833333 0.433333 1.87057e-06
0.9 0.433333 0.000139179
0.966667 0.433333 0.000126626
1.03333 0.433333 0.000104146
1.1 0.433333 7.52463e-05
1.16667 0.433333 3.8272e-05
1.23333 0.433333 4.47362e-05
1.3 0.433333 2.1041e-05
1.36667 0.433333 7.2663e-06
1.43333 0.433333 4.33015e-05
1.5 0.433333 6.67688e-05
1.56667 0.433333 8.60827e-05
1.63333 0.433333 6.78329e-05
1.7 0.433333 3.53182e-05
1.76667 0.433333 1.5936e-05
1.83333 0.433333 3.28682e-06
1.9 0.433333 2.6634e-06
1.96667 0.433333 5.01021e-06
2.03333 0.433333 5.62657e-06
2.1 0.433333 5.50107e-06
2.16667 0.433333 5.11812e-06
2.23333 0.433333 4.6927e-06
2.3 0.433333 4.30331e-06
2.36667 0.433333 3.96364e-06
2.43333 0.433333 3.65972e-06
2.5 0.433333 3.3686e-06
2.56667 0.433333 3.06715e-06
2.63333 0.433333 2.73595e-06
2.7 0.433333 2.36072e-06
2.76667 0.433333 1.93239e-06
2.83333 0.433333 1.44578e-06
2.9 0.433333 8.93196e-07
2.96667 0.433333 2.4764e-07
3.03333 0.433333 9.77273e-07
3.1 0.433333 6.37265e-06
3.16667 0.433333 5.95835e-06
3.23333 0.433333 2.27627e-06
3.3 0.433333 7.95703e-07
3.36667 0.433333 1.8415e-07
3.43333 0.433333 6.00239e-08
3.5 0.433333 1.42735e-07
3.56667 0.433333 1.5568e-07
3.63333 0.433333 1.41036e-07
3.7 0.433333 1.18053e-07
3.76667 0.433333 9.50699e-08
3.83333 0.433333 7.52368e-08
3.9 0.433333 5.9316e-08
3.96667 0.433333 4.70546e-08
4.03333 0.433333 3.7847e-08
4.1 0.433333 3.10366e-08
4.16667 0.433333 2.60397e-08
4.23333 0.433333 2.23827e-08
4.3 0.433333 1.97015e-08
4.36667 0.433333 1.77255e-08
4.43333 0.433333 1.62585e-08
4.5 0.433333 1.51603e-08
4.56667 0.433333 1.43325e-08
4.63333 0.433333 1.37065e-08
4.7 0.433333 1.32346e-08
4.76667 0.433333 1.28841e-08
4.83333 0.433333 1.26323e-08
4.9 0.433333 1.24634e-08
4.96667 0.433333 1.23662e-08
0.0333333 0.5 2.58541e-05
0.1 0.5 4.01186e-06
0.166667 0.5 7.58903e-06
0.233333 0.5 2.89426e-06
0.3 0.5 5.74618e-05
0.366667 0.5 0.000121169
0.433333 0.5 0.000168502
0.5 0.5 0.000173232
0.566667 0.5 0.000148991
0.633333 0.5 0.000153475
0.7 0.5 0.000122612
0.766667 0.5 4.80252e-05
0.833333 0.5 8.3711e-06
0.9 0.5 0.000161903
0.966667 0.5 0.000149705
1.03333 0.5 0.000125685
1.1 0.5 9.68049e-05
1.16667 0.5 6.57823e-05
1.23333 0.5 6.5694e-05
1.3 0.5 4.65325e-05
1.36667 0.5 1.90494e-05
1.43333 0.5 2.85483e-06
1.5 0.5 6.76835e-05
1.56667 0.5 0.000127464
1.63333 0.5 0.000106661
1.7 0.5 4.78766e-05
1.76667 0.5 1.89559e-05
1.83333 0.5 3.18109e-06
1.9 0.5 3.50005e-06
1.96667 0.5 5.90019e-06
2.03333 0.5 6.39719e-06
2.1 0.5 6.13804e-06
2.16667 0.5 5.64897e-06
2.23333 0.5 5.14982e-06
2.3 0.5 4.71346e-06
2.36667 0.5 4.34638e-06
2.43333 0.5 4.02878e-06
2.5 0.5 3.73393e-06
2.56667 0.5 3.43708e-06
2.63333 0.5 3.11956e-06
2.7 0.5 2.771e-06
2.76667 0.5 2.39162e-06
2.83333 0.5 1.99709e-06
2.9 0.5 1.63456e-06
2.96667 0.5 1.43277e-06
3.03333 0.5 2.22566e-06
3.1 0.5 5.03694e-06
3.16667 0.5 7.61305e-06
3.23333 0.5 2.46413e-06
3.3 0.5 8.19522e-07
3.36667 0.5 1.73425e-07
3.43333 0.5 7.64289e-08
3.5 0.5 1.5759e-07
3.56667 0.5 1.67501e-07
3.63333 0.5 1.49937e-07
3.7 0.5 1.24558e-07
3.76667 0.5 9.97323e-08
3.83333 0.5 7.85328e-08
3.9 0.5 6.1621e-08
3.96667 0.5 4.86526e-08
4.03333 0.5 3.89468e-08
4.1 0.5 3.17888e-08
4.16667 0.5 2.65515e-08
4.23333 0.5 2.27294e-08
4.3 0.5 1.99356e-08
4.36667 0.5 1.78831e-08
4.43333 0.5 1.63643e-08
4.5 0.5 1.52313e-08
4.56667 0.5 1.43802e-08
4.63333 0.5 1.37385e-08
4.7 0.5 1.32562e-08
4.76667 0.5 1.28986e-08
4.83333 0.5 1.26419e-08
4.9 0.5 1.24695e-08
4.96667 0.5 1.23697e-08
0.0333333 0.566667 6.26433e-06
0.1 0.566667 4.65301e-06
0.166667 0.566667 1.6958e-05
0.233333 0.566667 1.79265e-05
0.3 0.566667 6.1112e-05
0.366667 0.566667 0.000104964
0.433333 0.566667 0.000128771
0.5 0.566667 0.000125597
0.566667 0.566667 0.000101263
0.633333 0.566667 9.8798e-05
0.7 0.566667 8.74466e-05
0.766667 0.566667 3.19726e-05
0.833333 0.566667 1.73885e-05
0.9 0.566667 0.000165076
0.966667 0.566667 0.000151885
1.03333 0.566667 0.000129203
1.1 0.566667 0.000102817
1.16667 0.566667 8.33662e-05
1.23333 0.566667 6.79452e-05
1.3 0.566667 5.30176e-05
1.36667 0.566667 3.08096e-05
1.43333 0.566667 3.66182e-05
1.5 0.566667 7.33638e-05
1.56667 0.566667 0.000221057
1.63333 0.566667 0.000187225
1.7 0.566667 5.87735e-05
1.76667 0.566667 2.1036e-05
1.83333 0.566667 3.40237e-06
1.9 0.566667 3.62343e-06
1.96667 0.566667 6.00837e-06
2.03333 0.566667 6.42793e-06
2.1 0.566667 6.09767e-06
2.16667 0.566667 5.55506e-06
2.23333 0.566667 5.01698e-06
2.3 0.566667 4.55138e-06
2.36667 0.566667 4.16077e-06
2.43333 0.566667 3.82258e-06
2.5 0.566667 3.50793e-06
2.56667 0.566667 3.18998e-06
2.63333 0.566667 2.8471e-06
2.7 0.566667 2.46393e-06
2.76667 0.566667 2.03114e-06
2.83333 0.566667 1.54426e-06
2.9 0.566667 9.97972e-07
2.96667 0.566667 3.72232e-07
3.03333 0.566667 7.84648e-07
3.1 0.566667 6.22155e-06
3.16667 0.566667 5.92596e-06
3.23333 0.566667 2.28296e-06
3.3 0.566667 8.00928e-07
3.36667 0.566667 1.87326e-07
3.43333 0.566667 5.82286e-08
3.5 0.566667 1.41738e-07
3.56667 0.566667 1.55127e-07
3.63333 0.566667 1.40729e-07
3.7 0.566667 1.17881e-07
3.76667 0.566667 9.49715e-08
3.83333 0.566667 7.51796e-08
3.9 0.566667 5.92818e-08
3.96667 0.566667 4.70335e-08
4.03333 0.566667 3.78335e-08
4.1 0.566667 3.10276e-08
4.16667 0.566667 2.60334e-08
4.23333 0.566667 2.23782e-08
4.3 0.566667 1.96982e-08
4.36667 0.566667 1.7723e-08
4.43333 0.566667 1.62565e-08
4.5 0.566667 1.51588e-08
4.56667 0.566667 1.43313e-08
4.63333 0.566667 1.37055e-08
4.7 0.566667 1.32338e-08
4.76667 0.566667 1.28834e-08
4.83333 0.566667 1.26317e-08
4.9 0.566667 1.24628e-08
4.96667 0.566667 1.23657e-08
0.0333333 0.633333 5.76201e-06
0.1 0.633333 4.15752e-06
0.166667 0.633333 1.82202e-05
0.233333 0.633333 2.35538e-05
0.3 0.633333 5.32274e-05
0.366667 0.633333 7.49111e-05
0.433333 0.633333 8.04532e-05
0.5 0.633333 6.81875e-05
0.566667 0.633333 4.01964e-05
0.633333 0.633333 1.4503e-05
0.7 0.633333 3.88542e-06
0.766667 0.633333 4.00588e-05
0.833333 0.633333 6.82998e-05
0.9 0.633333 0.000145559
0.966667 0.633333 0.000131423
1.03333 0.633333 0.000112115
1.1 0.633333 8.84902e-05
1.16667 0.633333 6.07929e-05
1.23333 0.633333 6.17794e-05
1.3 0.633333 4.64041e-05
1.36667 0.633333 2.55262e-05
1.43333 0.633333 1.90406e-05
1.5 0.633333 1.88905e-05
1.56667 0.633333 0.000208805
1.63333 0.633333 0.000215988
1.7 0.633333 5.90695e-05
1.76667 0.633333 2.12927e-05
1.83333 0.633333 3.86517e-06
1.9 0.633333 2.99435e-06
1.96667 0.633333 5.31306e-06
2.03333 0.633333 5.71984e-06
2.1 0.633333 5.3966e-06
2.16667 0.633333 4.86308e-06
2.23333 0.633333 4.32845e-06
2.3 0.633333 3.85847e-06
2.36667 0.633333 3.45611e-06
2.43333 0.633333 3.1e-06
2.5 0.633333 2.76194e-06
2.56667 0.633333 2.41424e-06
2.63333 0.633333 2.0319e-06
2.7 0.633333 1.59214e-06
2.76667 0.633333 1.07157e-06
2.83333 0.633333 4.38842e-07
2.9 0.633333 3.63833e-07
2.96667 0.633333 1.49041e-06
3.03333 0.633333 3.25867e-06
3.1 0.633333 4.12254e-06
3.16667 0.633333 3.31702e-06
3.23333 0.633333 1.8054e-06
3.3 0.633333 7.22285e-07
3.36667 0.633333 2.0383e-07
3.43333 0.633333 2.21315e-08
3.5 0.633333 1.06802e-07
3.56667 0.633333 1.26527e-07
3.63333 0.633333 1.18853e-07
3.7 0.633333 1.01739e-07
3.76667 0.633333 8.33245e-08
3.83333 0.633333 6.69067e-08
3.9 0.633333 5.34749e-08
3.96667 0.633333 4.29959e-08
4.03333 0.633333 3.50477e-08
4.1 0.633333 2.91177e-08
4.16667 0.633333 2.4731e-08
4.23333 0.633333 2.14938e-08
4.3 0.633333 1.90996e-08
4.36667 0.633333 1.73189e-08
4.43333 0.633333 1.5984e-08
4.5 0.633333 1.4975e-08
4.56667 0.633333 1.42072e-08
4.63333 0.633333 1.36214e-08
4.7 0.633333 1.31765e-08
4.76667 0.633333 1.28442e-08
4.83333 0.633333 1.26048e-08
4.9 0.633333 1.24449e-08
4.96667 0.633333 1.23547e-08
0.0333333 0.7 1.08162e-05
0.1 0.7 2.89873e-06
0.166667 0.7 1.53029e-05
0.233333 0.7 2.58065e-05
0.3 0.7 4.19924e-05
0.366667 0.7 4.61361e-05
0.433333 0.7 3.81944e-05
0.5 0.7 2.1223e-05
0.566667 0.7 2.04345e-06
0.633333 0.7 2.94802e-05
0.7 0.7 5.80171e-05
0.766667 0.7 8.01755e-05
0.833333 0.7 9.29478e-05
0.9 0.7 0.000102696
0.966667 0.7 9.28819e-05
1.03333 0.7 7.83211e-05
1.1 0.7 5.87854e-05
1.16667 0.7 2.93903e-05
1.23333 0.7 3.72382e-05
1.3 0.7 1.86394e-05
1.36667 0.7 5.08142e-06
1.43333 0.7 3.81435e-05
1.5 0.7 9.49462e-05
1.56667 0.7 0.000175689
1.63333 0.7 0.000127334
1.7 0.7 4.91219e-05
1.76667 0.7 1.94256e-05
1.83333 0.7 4.55165e-06
1.9 0.7 1.61638e-06
1.96667 0.7 3.82793e-06
2.03333 0.7 4.29998e-06
2.1 0.7 4.07555e-06
2.16667 0.7 3.62727e-06
2.23333 0.7 3.15247e-06
2.3 0.7 2.7184e-06
2.36667 0.7 2.334e-06
2.43333 0.7 1.98452e-06
2.5 0.7 1.64746e-06
2.56667 0.7 1.29911e-06
2.63333 0.7 9.16789e-07
2.7 0.7 4.78873e-07
2.76667 0.7 3.6021e-08
2.83333 0.7 6.49621e-07
2.9 0.7 1.38082e-06
2.96667 0.7 2.20009e-06
3.03333 0.7 2.78487e-06
3.1 0.7 2.76625e-06
3.16667 0.7 2.1284e-06
3.23333 0.7 1.27485e-06
3.3 0.7 6.01663e-07
3.36667 0.7 2.11387e-07
3.43333 0.7 2.01853e-08
3.5 0.7 6.11678e-08
3.56667 0.7 8.73178e-08
3.63333 0.7 8.80367e-08
3.7 0.7 7.86192e-08
3.76667 0.7 6.64667e-08
3.83333 0.7 5.48513e-08
3.9 0.7 4.49759e-08
3.96667 0.7 3.70696e-08
4.03333 0.7 3.09512e-08
4.1 0.7 2.63059e-08
4.16667 0.7 2.28118e-08
4.23333 0.7 2.01898e-08
4.3 0.7 1.82166e-08
4.36667 0.7 1.67223e-08
4.43333 0.7 1.55814e-08
4.5 0.7 1.47032e-08
4.56667 0.7 1.40233e-08
4.63333 0.7 1.34964e-08
4.7 0.7 1.3091e-08
4.76667 0.7 1.27852e-08
4.83333 0.7 1.25641e-08
4.9 0.7 1.24172e-08
4.96667 0.7 1.23373e-08
0.0333333 0.766667 1.07614e-05
0.1 0.766667 1.48688e-06
0.166667 0.766667 1.03634e-05
0.233333 0.766667 1.62678e-05
0.3 0.766667 1.85835e-05
0.366667 0.766667 1.64484e-05
0.433333 0.766667 9.56012e-06
0.5 0.766667 1.53164e-06
0.566667 0.766667 1.56181e-05
0.633333 0.766667 2.90857e-05
0.7 0.766667 4.48758e-05
0.766667 0.766667 5.45419e-05
0.833333 0.766667 5.54267e-05
0.9 0.766667 5.2602e-05
0.966667 0.766667 4.68457e-05
1.03333 0.766667 3.75209e-05
1.1 0.766667 2.54871e-05
1.16667 0.766667 9.50323e-06
1.23333 0.766667 3.14478e-06
1.3 0.766667 1.41917e-05
1.36667 0.766667 3.44418e-05
1.43333 0.766667 6.60692e-05
1.5 0.766667 8.56017e-05
1.56667 0.766667 9.1514e-05
1.63333 0.766667 6.67209e-05
1.7 0.766667 3.24255e-05
1.76667 0.766667 1.4887e-05
1.83333 0.766667 4.34793e-06
1.9 0.766667 4.22055e-07
1.96667 0.766667 2.23849e-06
2.03333 0.766667 2.67034e-06
2.1 0.766667 2.51409e-06
2.16667 0.766667 2.15158e-06
2.23333 0.766667 1.75025e-06
2.3 0.766667 1.37225e-06
2.36667 0.766667 1.03096e-06
2.43333 0.766667 7.19256e-07
2.5 0.766667 4.22746e-07
2.56667 0.766667 1.25673e-07
2.63333 0.766667 1.86592e-07
2.7 0.766667 5.25973e-07
2.76667 0.766667 8.99075e-07
2.83333 0.766667 1.30073e-06
2.9 0.766667 1.6967e-06
2.96667 0.766667 1.99079e-06
3.03333 0.766667 2.05285e-06
3.1 0.766667 1.81503e-06
3.16667 0.766667 1.35495e-06
3.23333 0.766667 8.48031e-07
3.3 0.766667 4.40553e-07
3.36667 0.766667 1.79111e-07
3.43333 0.766667 3.69698e-08
3.5 0.766667 3.03669e-08
3.56667 0.766667 5.64334e-08
3.63333 0.766667 6.18392e-08
3.7 0.766667 5.80565e-08
3.76667 0.766667 5.10273e-08
3.83333 0.766667 4.3586e-08
3.9 0.766667 3.6919e-08
3.96667 0.766667 3.13917e-08
4.03333 0.766667 2.69946e-08
4.1 0.766667 2.35727e-08
4.16667 0.766667 2.09365e-08
4.23333 0.766667 1.89097e-08
4.3 0.766667 1.7346e-08
4.36667 0.766667 1.61315e-08
4.43333 0.766667 1.51805e-08
4.5 0.766667 1.44307e-08
4.56667 0.766667 1.38372e-08
4.63333 0.766667 1.33683e-08
4.7 0.766667 1.30017e-08
4.76667 0.766667 1.27221e-08
4.83333 0.766667 1.25189e-08
4.9 0.766667 1.2385e-08
4.96667 0.766667 1.23155e-08
0.0333333 0.833333 7.72766e-06
0.1 0.833333 2.60776e-07
0.166667 0.833333 4.58019e-06
0.233333 0.833333 6.15082e-06
0.3 0.833333 5.2012e-06
0.366667 0.833333 1.69296e-06
0.433333 0.833333 4.12591e-06
0.5 0.833333 1.14926e-05
0.566667 0.833333 1.91495e-05
0.633333 0.833333 2.459e-05
0.7 0.833333 2.85715e-05
0.766667 0.833333 2.84645e-05
0.833333 0.833333 2.43288e-05
0.9 0.833333 1.91078e-05
0.966667 0.833333 1.14443e-05
1.03333 0.833333 3.22424e-06
1.1 0.833333 5.29259e-06
1.16667 0.833333 1.42351e-05
1.23333 0.833333 2.38538e-05
1.3 0.833333 3.43213e-05
1.36667 0.833333 4.18131e-05
1.43333 0.833333 5.0424e-05
1.5 0.833333 5.15655e-05
1.56667 0.833333 4.37279e-05
1.63333 0.833333 2.99751e-05
1.7 0.833333 1.61725e-05
1.76667 0.833333 7.60373e-06
1.83333 0.833333 1.88587e-06
1.9 0.833333 6.84746e-07
1.96667 0.833333 1.53472e-06
2.03333 0.833333 1.55897e-06
2.1 0.833333 1.2492e-06
2.16667 0.833333 8.45436e-07
2.23333 0.833333 4.51054e-07
2.3 0.833333 1.01399e-07
2.36667 0.833333 1.98843e-07
2.43333 0.833333 4.56822e-07
2.5 0.833333 6.82717e-07
2.56667 0.833333 8.85902e-07
2.63333 0.833333 1.07319e-06
2.7 0.833333 1.24734e-06
2.76667 0.833333 1.40463e-06
2.83333 0.833333 1.5304e-06
2.9 0.833333 1.59449e-06
2.96667 0.833333 1.55735e-06
3.03333 0.833333 1.39291e-06
3.1 0.833333 1.11605e-06
3.16667 0.833333 7.86045e-07
3.23333 0.833333 4.76906e-07
3.3 0.833333 2.39363e-07
3.36667 0.833333 8.54772e-08
3.43333 0.833333 1.9906e-12
3.5 0.833333 4.02676e-08
3.56667 0.833333 5.46678e-08
3.63333 0.833333 5.59104e-08
3.7 0.833333 5.13944e-08
3.76667 0.833333 4.5036e-08
3.83333 0.833333 3.87043e-08
3.9 0.833333 3.31566e-08
3.96667 0.833333 2.85931e-08
4.03333 0.833333 2.49628e-08
4.1 0.833333 2.2123e-08
4.16667 0.833333 1.9915e-08
4.23333 0.833333 1.81962e-08
4.3 0.833333 1.68504e-08
4.36667 0.833333 1.57879e-08
4.43333 0.833333 1.4942e-08
4.5 0.833333 1.42641e-08
4.56667 0.833333 1.37195e-08
4.63333 0.833333 1.32836e-08
4.7 0.833333 1.29393e-08
4.76667 0.833333 1.26746e-08
4.83333 0.833333 1.24817e-08
4.9 0.833333 1.23555e-08
4.96667 0.833333 1.2293e-08
0.0333333 0.9 3.86453e-06
0.1 0.9 1.28538e-06
0.166667 0.9 1.93592e-06
0.233333 0.9 4.4379e-06
0.3 0.9 8.15618e-06
0.366667 0.9 1.25759e-05
0.433333 0.9 1.70055e-05
0.5 0.9 2.05367e-05
0.566667 0.9 2.21797e-05
0.633333 0.9 2.11083e-05
0.7 0.9 1.69439e-05
0.766667 0.9 9.95042e-06
0.833333 0.9 1.01145e-06
0.9 0.9 7.86073e-06
0.966667 0.9 1.71861e-05
1.03333 0.9 2.54635e-05
1.1 0.9 3.22614e-05
1.16667 0.9 3.74335e-05
1.23333 0.9 4.09085e-05
1.3 0.9 4.24213e-05
1.36667 0.9 4.14738e-05
1.43333 0.9 3.54521e-05
1.5 0.9 2.76401e-05
1.56667 0.9 1.7967e-05
1.63333 0.9 8.78466e-06
1.7 0.9 2.08378e-06
1.76667 0.9 1.57482e-06
1.83333 0.9 2.85584e-06
1.9 0.9 2.77214e-06
1.96667 0.9 2.1051e-06
2.03333 0.9 1.29466e-06
2.1 0.9 5.4227e-07
2.16667 0.9 8.26994e-08
2.23333 0.9 5.73671e-07
2.3 0.9 9.478e-07
2.36667 0.9 1.22715e-06
2.43333 0.9 1.43093e-06
2.5 0.9 1.57312e-06
2.56667 0.9 1.66243e-06
2.63333 0.9 1.7029e-06
2.7 0.9 1.69473e-06
2.76667 0.9 1.63499e-06
2.83333 0.9 1.51885e-06
2.9 0.9 1.34305e-06
2.96667 0.9 1.11188e-06
3.03333 0.9 8.43189e-07
3.1 0.9 5.68232e-07
3.16667 0.9 3.22605e-07
3.23333 0.9 1.32768e-07
3.3 0.9 7.40987e-09
3.36667 0.9 6.12846e-08
3.43333 0.9 8.95226e-08
3.5 0.9 9.36783e-08
3.56667 0.9 8.59945e-08
3.63333 0.9 7.401e-08
3.7 0.9 6.16974e-08
3.76667 0.9 5.08093e-08
3.83333 0.9 4.18823e-08
3.9 0.9 3.48687e-08
3.96667 0.9 2.94898e-08
4.03333 0.9 2.54138e-08
4.1 0.9 2.23353e-08
4.16667 0.9 2.00028e-08
4.23333 0.9 1.82212e-08
4.3 0.9 1.68454e-08
4.36667 0.9 1.57696e-08
4.43333 0.9 1.49186e-08
4.5 0.9 1.42395e-08
4.56667 0.9 1.36951e-08
4.63333 0.9 1.32599e-08
4.7 0.9 1.29162e-08
4.76667 0.9 1.26522e-08
4.83333 0.9 1.24598e-08
4.9 0.9 1.23343e-08
4.96667 0.9 1.22736e-08
0.0333333 0.966667 1.3317e-06
0.1 0.966667 4.23226e-06
0.166667 0.966667 9.49208e-06
0.233333 0.966667 1.57876e-05
0.3 0.966667 2.21937e-05
0.366667 0.966667 2.77051e-05
0.433333 0.966667 3.1209e-05
0.5 0.966667 3.16649e-05
0.566667 0.966667 2.83575e-05
0.633333 0.966667 2.11243e-05
0.7 0.966667 1.04789e-05
0.766667 0.966667 2.4363e-06
0.833333 0.966667 1.60874e-05
0.9 0.966667 2.77055e-05
0.966667 0.966667 3.86078e-05
1.03333 0.966667 4.63735e-05
1.1 0.966667 5.05666e-05
1.16667 0.966667 5.1052e-05
1.23333 0.966667 4.78356e-05
1.3 0.966667 4.11087e-05
1.36667 0.966667 3.14486e-05
1.43333 0.966667 1.64975e-05
1.5 0.966667 3.70024e-06
1.56667 0.966667 6.53603e-06
1.63333 0.966667 1.25651e-05
1.7 0.966667 1.42858e-05
1.76667 0.966667 1.28971e-05
1.83333 0.966667 1.00109e-05
1.9 0.966667 6.88511e-06
1.96667 0.966667 4.17826e-06
2.03333 0.966667 2.08671e-06
2.1 0.966667 5.71275e-07
2.16667 0.966667 4.848e-07
2.23333 0.966667 1.20082e-06
2.3 0.966667 1.67288e-06
2.36667 0.966667 1.96991e-06
2.43333 0.966667 2.13766e-06
2.5 0.966667 2.20433e-06
2.56667 0.966667 2.18588e-06
2.63333 0.966667 2.09041e-06
2.7 0.966667 1.92213e-06
2.76667 0.966667 1.68533e-06
2.83333 0.966667 1.3889e-06
2.9 0.966667 1.05047e-06
2.96667 0.966667 6.98175e-07
3.03333 0.966667 3.67428e-07
3.1 0.966667 9.22358e-08
3.16667 0.966667 1.05096e-07
3.23333 0.966667 2.20178e-07
3.3 0.966667 2.65188e-07
3.36667 0.966667 2.61496e-07
3.43333 0.966667 2.31082e-07
3.5 0.966667 1.90906e-07
3.56667 0.966667 1.51317e-07
3.63333 0.966667 1.1719e-07
3.7 0.966667 8.99167e-08
3.76667 0.966667 6.91098e-08
3.83333 0.966667 5.36921e-08
3.9 0.966667 4.24677e-08
3.96667 0.966667 3.43718e-08
4.03333 0.966667 2.85484e-08
4.1 0.966667 2.43477e-08
4.16667 0.966667 2.12947e-08
4.23333 0.966667 1.90503e-08
4.3 0.966667 1.73765e-08
4.36667 0.966667 1.61088e-08
4.43333 0.966667 1.51337e-08
4.5 0.966667 1.43741e-08
4.56667 0.966667 1.37774e-08
4.63333 0.966667 1.33079e-08
4.7 0.966667 1.29418e-08
4.76667 0.966667 1.26629e-08
4.83333 0.966667 1.24606e-08
4.9 0.966667 1.23283e-08
4.96667 0.966667 1.22628e-08
