0
0
8.65162e-22
0
0
1.19998e-20
0
0
-1.68557e-21
0
0
2.53464e-20
6.94579e-23
-2.68829e-23
1.83645e-21
0
3.80172e-21
1.26368e-20
0
0
-2.33172e-22
0
0
-1.69683e-20
0
0
2.31664e-22
0
0
-9.59677e-21
9.61123e-23
-1.23407e-23
4.80074e-21
6.61526e-22
4.60719e-21
-9.80626e-20
0
0
-9.17446e-22
0
0
6.33203e-20
0
3.30383e-23
2.88617e-21
6.8843e-22
-0
-1.69903e-20
0
0
-4.4944e-22
0
0
-2.63674e-20
0
-4.17963e-23
-1.58596e-21
-1.13972e-21
-9.65919e-21
-1.17393e-20
0
0
4.34279e-22
0
0
-7.28963e-21
3.88749e-23
-4.48035e-24
-1.75231e-21
-4.76459e-22
1.45122e-20
1.75111e-20
0
0
1.65217e-21
0
0
-1.59948e-21
2.73003e-22
-1.4735e-23
2.08173e-21
-1.61377e-22
-8.40608e-21
5.18144e-21
0
0
7.73284e-22
0
0
-9.99617e-21
-3.57078e-23
0
-2.33419e-21
-3.12876e-22
-0
7.20641e-22
0
0
3.56763e-22
0
0
5.01207e-21
0
0
-2.86522e-21
-4.34227e-22
0
3.52012e-20
0
0
-9.75868e-22
0
0
-2.05894e-20
0
1.79137e-23
-1.95511e-21
8.08236e-22
0
-1.28898e-20
0
0
1.76287e-21
0
0
-2.69545e-21
3.83107e-23
0
-4.11338e-21
-5.97576e-23
2.81281e-21
-1.40436e-20
0
0
-6.58567e-22
0
0
2.48996e-20
0
2.5437e-24
1.05232e-21
-4.23752e-22
-7.96072e-21
-4.20369e-20
0
0
1.17399e-22
0
0
-3.29245e-20
-1.15037e-22
-1.22774e-24
3.39617e-21
-1.56135e-22
0
-5.79264e-20
0
0
-2.65626e-21
0
0
4.8702e-20
5.322e-23
2.65726e-25
2.35446e-21
-0
-2.50664e-21
2.67628e-20
0
0
-8.29663e-22
0
0
9.02419e-21
-1.09284e-23
0
8.25174e-22
-0
4.08803e-21
-2.15901e-20
0
0
-4.08205e-22
0
0
1.0484e-20
-3.49065e-23
-5.72003e-24
1.45815e-21
-3.13994e-22
0
-1.60382e-20
0
0
-1.01891e-21
0
0
-7.47028e-21
1.43237e-23
-2.5413e-23
-1.58365e-21
2.89543e-22
3.34736e-22
1.08163e-20
0
0
3.95442e-22
0
0
-7.9746e-22
4.00223e-24
0
6.49256e-22
-0
-0
-1.60341e-21
0
0
-4.91113e-22
0
0
5.21864e-22
-8.85534e-24
-5.22606e-23
4.81662e-22
-2.17071e-22
-0
-5.17623e-22
0
0
-1.19254e-22
0
0
2.57308e-22
3.20326e-24
-3.26509e-23
2.32988e-22
8.71079e-22
-8.15458e-22
4.92744e-22
0
0
-1.22054e-22
0
0
-1.69103e-23
1.76427e-25
4.56014e-23
1.18936e-22
3.90479e-22
-9.47163e-22
0
0
0
0
0
0
-1.89886e-22
0
-2.07429e-23
1.2853e-22
-2.61014e-22
-4.16023e-22
-1.0452e-21
0
0
3.73828e-22
0
0
6.24915e-22
4.69797e-24
3.60009e-24
-2.91862e-22
1.39596e-22
-2.81145e-22
1.32283e-21
0
0
3.94486e-22
0
0
2.25887e-22
0
-1.45213e-23
-1.71618e-22
-1.52335e-23
6.6889e-23
8.17448e-22
0
0
-2.35885e-22
0
0
-4.23172e-22
4.50513e-23
-3.82986e-24
-4.11796e-22
-1.16091e-22
9.03694e-23
-9.49837e-22
0
0
-3.47737e-22
0
0
-6.06281e-22
-6.13032e-23
0
9.33751e-23
4.66432e-23
5.15942e-23
4.68654e-22
0
0
-2.67326e-22
0
0
0
-4.96721e-23
-2.86348e-24
-2.63603e-22
-6.62199e-23
-4.21438e-23
1.25643e-21
0
0
3.6868e-22
0
0
0
0
2.36658e-24
5.906e-22
4.99666e-23
-3.29057e-23
-8.99116e-22
0
0
0
0
0
-1.59084e-21
-5.24472e-23
-3.87131e-24
3.2818e-22
-7.71992e-23
4.91501e-23
-5.43075e-22
0
0
-2.71679e-22
0
0
2.24388e-21
3.5092e-23
4.78923e-24
3.94485e-22
-6.73728e-23
5.25273e-23
3.24478e-21
0
0
2.30422e-06
0
0
2.88108e-06
4.4424e-23
7.85515e-15
6.05371e-06
1.14544e-23
-7.70136e-15
7.34932e-06
0
0
7.13408e-09
0
0
3.27313e-08
1.57041e-23
1.05749e-15
9.17374e-07
-1.12058e-23
-7.37951e-16
1.08107e-06
0
0
4.78674e-09
0
0
2.76367e-08
1.46119e-23
2.34237e-17
2.21017e-08
0
-8.71077e-19
5.07635e-08
0
0
3.15168e-09
0
0
2.29117e-08
-1.27309e-23
-4.95585e-18
1.31427e-08
3.05469e-23
6.10797e-20
3.79562e-08
0
0
2.0677e-09
0
0
1.85405e-08
3.12494e-25
1.3238e-18
7.44513e-09
-1.89274e-23
1.0905e-20
2.7581e-08
0
0
1.34836e-09
0
0
1.45056e-08
1.16848e-24
-3.57142e-19
3.91053e-09
5.18824e-23
-8.68731e-21
1.91741e-08
0
0
8.72244e-10
0
0
1.08047e-08
1.06746e-24
9.6216e-20
1.79099e-09
3.10408e-23
3.57841e-21
1.244e-08
0
0
5.54799e-10
0
0
7.44676e-09
0
-2.56451e-20
5.76737e-10
2.73125e-23
-1.19828e-21
7.21244e-09
0
0
3.41898e-10
0
0
4.44804e-09
0
6.70938e-21
-6.18575e-11
-2.34926e-23
3.65177e-22
3.40881e-09
0
0
1.99352e-10
0
0
1.82537e-09
-5.6004e-24
-1.70926e-21
-3.34394e-10
-5.89809e-23
-6.5689e-23
9.77175e-10
0
0
1.05815e-10
0
0
-4.11932e-10
-2.28643e-24
4.21208e-22
-3.74312e-10
4.76597e-23
-2.94347e-23
-1.61517e-10
0
0
4.72951e-11
0
0
-2.27198e-09
0
-9.98095e-23
-2.7155e-10
-4.89393e-23
-8.05983e-23
-1.7842e-10
0
0
1.33946e-11
0
0
-3.79044e-09
1.32127e-24
2.55757e-23
-9.50306e-11
2.62855e-23
6.90002e-23
5.98762e-10
0
0
-4.86427e-12
0
0
-5.03598e-09
-2.24543e-24
-2.02612e-21
9.45357e-11
-5.51749e-24
-3.28621e-21
1.65122e-09
0
0
-1.54536e-11
0
0
-6.10316e-09
5.30572e-25
-6.86862e-21
2.42905e-10
0
-1.54839e-20
2.31595e-09
0
0
-2.41383e-11
0
0
-7.08809e-09
-3.4086e-25
-6.77752e-21
3.11283e-10
-1.25821e-25
-2.24167e-20
1.9505e-09
0
0
-3.27105e-11
0
0
-8.05394e-09
-4.71727e-27
-4.88591e-21
2.89566e-10
4.94236e-24
-2.25692e-20
1.73676e-10
0
0
-3.83875e-11
0
0
-9.00557e-09
-1.26046e-25
-3.1936e-21
2.01785e-10
-0
-1.704e-20
-2.95298e-09
0
0
-3.54623e-11
0
0
-9.89175e-09
-1.29829e-25
-1.85627e-21
9.53777e-11
1.08015e-23
-8.52955e-21
-6.93876e-09
0
0
-1.84957e-11
0
0
-1.06352e-08
-1.78581e-25
-3.83365e-22
1.88424e-11
1.88828e-24
-1.23998e-21
-1.10812e-08
0
0
1.49634e-11
0
0
-1.11714e-08
3.16482e-26
3.01363e-25
2.08959e-12
3.24561e-24
6.91375e-24
-1.47494e-08
0
0
6.36435e-11
0
0
-1.14737e-08
1.06411e-26
-1.35784e-25
5.04388e-11
-1.30775e-23
-2.00189e-23
-1.75693e-08
0
0
1.23686e-10
0
0
-1.15555e-08
-4.27712e-27
6.55303e-26
1.51403e-10
6.98201e-24
-7.02477e-24
-1.94486e-08
0
0
1.90429e-10
0
0
-1.14567e-08
0
2.3715e-26
2.85785e-10
1.65977e-24
9.63479e-24
-2.04901e-08
0
0
2.59749e-10
0
0
-1.12264e-08
-1.84786e-26
5.08578e-26
4.35891e-10
-2.7355e-24
6.49903e-24
-2.08814e-08
0
0
3.28616e-10
0
0
-1.09103e-08
1.55514e-26
-8.36545e-27
5.88932e-10
-1.74075e-25
8.66737e-24
-2.08156e-08
0
0
3.95089e-10
0
0
-1.05452e-08
8.34743e-27
-3.32865e-26
7.37099e-10
-2.54699e-24
-4.30041e-24
-2.04537e-08
0
0
4.5806e-10
0
0
-1.01583e-08
-1.09531e-26
3.61407e-26
8.76319e-10
2.64016e-25
-3.77261e-24
-1.99156e-08
0
0
5.16989e-10
0
0
-9.76825e-09
-2.94668e-26
1.17689e-26
1.00491e-09
-3.50792e-25
1.23646e-24
-1.92847e-08
0
0
5.71671e-10
0
0
-9.38718e-09
-1.48936e-26
-7.03708e-26
1.12256e-09
4.35051e-26
-8.08423e-25
-1.86166e-08
0
0
6.22109e-10
0
0
-9.02285e-09
1.72902e-26
1.31896e-25
1.22959e-09
-3.44109e-25
5.2764e-25
-1.7947e-08
0
0
6.68403e-10
0
0
-8.6799e-09
-5.35376e-27
1.1037e-25
1.32664e-09
7.4215e-26
0
-1.7298e-08
0
0
7.10682e-10
0
0
-8.3609e-09
-7.463e-27
-7.5162e-26
1.41438e-09
-0
-2.2405e-25
-1.66831e-08
0
0
7.49125e-10
0
0
-8.06711e-09
-3.27981e-27
3.67072e-26
1.49349e-09
-9.72633e-26
7.29266e-26
-1.61099e-08
0
0
7.83895e-10
0
0
-7.79899e-09
2.96471e-28
-7.42285e-26
1.56457e-09
-5.51769e-26
-1.42354e-25
-1.55827e-08
0
0
8.15137e-10
0
0
-7.55647e-09
-1.90753e-27
1.92401e-26
1.62812e-09
9.81017e-27
1.08008e-25
-1.51033e-08
0
0
8.42994e-10
0
0
-7.33922e-09
-2.36081e-27
-1.77903e-26
1.68455e-09
-9.56814e-27
0
-1.46723e-08
0
0
8.67592e-10
0
0
-7.14675e-09
1.23853e-27
1.63675e-26
1.73423e-09
-4.64853e-27
3.25396e-26
-1.42896e-08
0
0
8.89041e-10
0
0
-6.97851e-09
-7.33583e-28
-1.15595e-26
1.77745e-09
3.36781e-27
8.42756e-27
-1.39546e-08
0
0
9.0744e-10
0
0
-6.83397e-09
-9.36288e-29
-9.37802e-28
1.81446e-09
7.25033e-27
-5.43188e-27
-1.36664e-08
0
0
9.22871e-10
0
0
-6.7126e-09
-1.40479e-28
3.45733e-27
1.84547e-09
1.7701e-27
6.94048e-27
-1.34242e-08
0
0
9.35401e-10
0
0
-6.61395e-09
2.38357e-28
-2.21701e-27
1.87064e-09
-1.15835e-27
-3.26788e-27
-1.32273e-08
0
0
9.4509e-10
0
0
-6.53764e-09
1.87976e-28
3.20316e-28
1.89007e-09
2.5238e-28
0
-1.30749e-08
0
0
9.5198e-10
0
0
-6.48336e-09
2.86437e-28
4.33862e-28
1.9039e-09
-4.17493e-28
3.12456e-27
-1.29665e-08
0
0
9.56107e-10
0
0
-6.45088e-09
2.11263e-28
-1.41953e-28
1.91219e-09
7.21536e-29
-4.01889e-28
-1.29017e-08
0
0
4.78741e-10
0
0
-3.22004e-09
0
0
9.57477e-10
0
0
-6.44006e-09
0
-5.745e-23
-6.69218e-21
-6.60899e-22
-0
-7.80334e-20
0
0
4.86287e-21
0
0
1.33388e-20
-2.72491e-22
5.37813e-23
-4.47262e-21
-4.01306e-21
-4.85837e-21
1.36544e-19
-2.85933e-22
0
-9.68474e-22
1.07286e-21
6.43552e-21
5.97802e-20
1.00974e-21
-8.73077e-23
-4.16611e-21
-8.91438e-22
-7.0709e-21
-1.20445e-19
-8.54396e-22
4.27038e-23
3.13843e-21
-2.36204e-21
-6.43897e-20
-2.09054e-20
8.40713e-23
3.46559e-23
8.5047e-22
4.29189e-22
1.85042e-20
-1.46475e-20
3.0226e-23
-1.82978e-22
0
-4.99917e-22
1.5044e-20
-1.65314e-20
-2.35552e-23
1.23034e-22
3.61535e-21
-5.64902e-22
2.09605e-21
4.97657e-20
5.69408e-23
3.27893e-23
2.61593e-21
-3.33972e-21
-2.51139e-20
2.65017e-20
2.49976e-22
1.80686e-23
5.8699e-22
2.15851e-21
-1.25805e-20
-2.1911e-20
-2.042e-22
6.69398e-24
1.57128e-21
-0
-6.94112e-21
7.14523e-21
8.50947e-23
5.21521e-24
3.71882e-21
5.66816e-22
1.93815e-20
3.35386e-20
4.57571e-22
2.62877e-25
-1.89851e-21
-1.78893e-21
5.25372e-21
-1.08514e-20
0
-1.22831e-23
-4.5119e-23
-5.99693e-22
6.51476e-21
-6.587e-21
-1.10676e-22
2.18827e-23
-1.1088e-21
1.15821e-21
-6.55151e-21
-1.68923e-20
2.5065e-23
-1.00538e-23
2.37105e-21
1.07609e-21
2.68513e-21
1.79383e-20
4.30344e-23
1.39372e-22
-4.97365e-22
-4.80751e-22
3.78827e-22
-6.50759e-21
3.41152e-23
-7.44685e-23
-6.82833e-22
-2.4703e-21
2.51203e-21
1.01256e-21
3.48965e-23
6.70025e-24
-1.0878e-22
-0
2.14831e-21
0
-5.10988e-24
7.0586e-23
0
-1.53601e-21
-1.71161e-21
4.22969e-23
-1.07769e-23
-7.8391e-23
3.56973e-22
-1.06408e-21
2.73278e-21
-1.0462e-21
0
6.18889e-23
0
8.22016e-22
-1.30727e-21
2.17684e-22
8.02915e-23
-4.28841e-23
-8.06012e-23
-2.26958e-22
9.29089e-22
-2.10545e-21
-3.56716e-23
7.87421e-24
1.70892e-21
-1.20751e-23
3.08173e-22
2.08207e-21
-2.75947e-22
0
-1.25008e-21
1.28048e-22
2.61973e-22
8.45422e-22
1.07707e-22
-2.89027e-23
1.20318e-21
-6.97354e-23
-0
-1.34755e-21
5.22737e-23
4.72636e-24
3.712e-22
2.26608e-22
1.31193e-22
9.58553e-22
-1.84161e-22
1.14849e-23
9.9175e-22
-1.18082e-22
-2.42459e-22
-3.18094e-21
-4.09387e-23
-6.27028e-24
2.47346e-22
-1.87573e-22
1.70971e-22
4.97128e-21
-3.77595e-23
-2.24969e-23
2.78538e-22
-4.22649e-23
-4.55366e-23
-1.23122e-21
1.28952e-22
5.45133e-15
2.28808e-06
-6.24454e-23
-3.43063e-15
2.58443e-06
-6.99401e-23
-9.42457e-17
3.94538e-08
6.03413e-23
3.19874e-18
4.37386e-08
2.5512e-23
1.69006e-17
2.2427e-08
-7.64217e-23
-1.70072e-19
2.6028e-08
2.69145e-23
-4.53088e-18
1.17619e-08
1.78463e-22
-4.18479e-20
1.33558e-08
0
1.22606e-18
5.3469e-09
6.55763e-23
2.96661e-20
4.58083e-09
1.94798e-24
-3.31087e-19
1.66188e-09
-1.18407e-22
-1.19749e-20
-1.04028e-09
-1.05085e-23
8.84004e-20
-2.92662e-10
0
4.2156e-21
-3.94153e-09
6.14012e-24
-2.31516e-20
-1.16169e-09
1.36493e-22
-1.34623e-21
-4.36072e-09
0
5.89751e-21
-1.35133e-09
-3.84805e-23
1.05033e-22
-2.45151e-09
-6.46225e-24
-1.45295e-21
-1.11947e-09
-1.26144e-22
-1.17865e-22
1.59774e-09
0
3.46845e-22
-6.40599e-10
2.47838e-23
1.94361e-22
7.4291e-09
0
-9.83716e-23
-5.14311e-11
1.83301e-23
1.39421e-22
1.43664e-08
-5.28988e-24
1.3135e-20
5.21368e-10
6.13486e-23
2.26451e-20
2.1299e-08
-4.82842e-24
4.21478e-20
9.55985e-10
-4.01038e-23
1.10359e-19
2.67238e-08
-1.72977e-24
3.77582e-20
1.15756e-09
6.5508e-24
1.60822e-19
2.90923e-08
-9.62272e-27
2.40135e-20
1.09676e-09
4.23754e-24
1.61564e-19
2.74315e-08
1.08453e-24
1.50184e-20
8.3196e-10
1.33696e-23
1.21503e-19
2.18857e-08
1.28717e-24
9.80025e-21
4.85597e-10
-4.47669e-23
6.07013e-20
1.37322e-08
2.46712e-24
2.31899e-21
1.83885e-10
-2.52912e-23
8.96568e-21
4.79344e-09
1.17695e-24
-1.94559e-24
3.68069e-12
-1.94579e-23
-1.36577e-23
-3.3388e-09
1.64601e-24
5.37355e-25
-4.07542e-11
2.32666e-23
3.89936e-23
-9.76874e-09
4.67379e-25
-2.61569e-25
2.32334e-11
5.44402e-24
-6.7602e-23
-1.42997e-08
-7.5979e-26
-2.36211e-26
1.55343e-10
-1.08989e-23
4.59346e-24
-1.7169e-08
-3.45001e-25
-8.05977e-26
3.20498e-10
-4.583e-24
-2.77009e-23
-1.87708e-08
-5.79099e-25
-8.23404e-26
4.9469e-10
2.18992e-24
-1.42994e-23
-1.94869e-08
-3.99291e-25
1.04235e-25
6.64005e-10
9.19779e-24
-6.73492e-24
-1.96222e-08
-1.29188e-25
4.02154e-26
8.21633e-10
1.27622e-24
5.30546e-24
-1.93971e-08
-1.82918e-26
1.44526e-25
9.65064e-10
6.37984e-25
1.15742e-24
-1.89621e-08
2.22562e-27
1.13301e-25
1.09409e-09
7.93437e-26
-1.13389e-24
-1.8416e-08
-5.50059e-26
1.62435e-25
1.20957e-09
9.43595e-25
-2.21855e-24
-1.78222e-08
-9.0171e-27
-2.8476e-25
1.31273e-09
-5.82613e-25
9.63695e-25
-1.72203e-08
-1.01421e-25
6.76804e-26
1.40483e-09
1.91353e-25
4.18334e-25
-1.66346e-08
-1.51492e-25
-1.1238e-25
1.48699e-09
-2.25739e-25
3.40331e-25
-1.60797e-08
-2.08147e-25
-5.42795e-26
1.56017e-09
5.99758e-26
1.32844e-25
-1.55637e-08
-2.4576e-25
1.36632e-25
1.62516e-09
7.67645e-26
1.43971e-25
-1.50914e-08
-2.47749e-25
3.33342e-26
1.68257e-09
-3.52577e-26
0
-1.46649e-08
-2.26642e-25
-9.86907e-27
1.73292e-09
6.42658e-27
1.21414e-26
-1.42849e-08
-1.76139e-25
-6.79339e-27
1.7766e-09
6.20945e-27
7.85932e-27
-1.39516e-08
-1.05126e-25
-1.79514e-26
1.8139e-09
-1.03966e-26
-2.53161e-26
-1.36645e-08
-3.72842e-26
2.97153e-28
1.84511e-09
1.86391e-27
9.69541e-27
-1.3423e-08
1.83491e-26
-3.48222e-27
1.87041e-09
-1.49232e-27
-1.01273e-26
-1.32265e-08
5.17395e-26
2.60758e-27
1.88994e-09
-3.70558e-28
-6.72327e-27
-1.30745e-08
6.00375e-26
-1.89287e-27
1.90383e-09
1.45004e-28
3.93527e-27
-1.29662e-08
4.16578e-26
5.67788e-28
1.91215e-09
2.58224e-28
-5.84256e-28
-1.29016e-08
0
0
9.5747e-10
0
0
-6.44004e-09
-3.97917e-22
-2.2853e-23
-4.0164e-21
-7.25021e-22
-8.20856e-21
-2.20744e-21
0
0
2.68328e-21
0
0
4.9785e-20
1.45738e-21
0
7.14833e-22
-1.1335e-21
-3.80232e-20
-1.5783e-19
0
1.33562e-22
6.44924e-21
-2.46002e-21
1.06744e-20
9.12427e-20
1.22205e-21
2.18878e-22
-2.85988e-21
4.04723e-21
1.48483e-19
-1.14029e-20
-5.30348e-22
-9.07908e-23
4.63477e-22
4.80772e-21
-9.39728e-20
1.02898e-20
1.92884e-22
-1.43159e-22
8.76275e-22
-1.09104e-21
-1.6672e-20
3.00559e-21
-2.35883e-22
8.73849e-23
2.42115e-21
-5.48362e-21
3.60019e-21
1.73827e-20
3.75051e-22
-3.96824e-23
1.46091e-21
8.83613e-21
2.57722e-21
-6.31416e-20
-2.79491e-22
0
-1.31011e-21
-0
1.57809e-20
-8.52234e-21
3.49894e-22
2.77229e-23
-5.84357e-21
-5.92346e-22
1.67464e-20
-3.64154e-21
-1.98694e-22
5.95877e-24
2.85445e-21
1.40107e-21
-3.292e-20
2.05055e-20
-7.40124e-22
4.30788e-24
1.3759e-21
-1.555e-21
-4.89279e-20
-0
1.94311e-22
-3.17106e-24
-3.22328e-21
1.63925e-21
-1.07443e-20
5.23775e-20
0
0
-3.51746e-21
8.26823e-22
-5.8835e-21
-2.1637e-20
3.44143e-22
-5.93721e-23
2.13864e-21
-2.40525e-21
-2.88615e-21
-3.0252e-21
0
2.26577e-23
-1.32546e-21
7.48875e-22
-2.10734e-21
-0
0
-1.06821e-22
9.27177e-22
6.06263e-21
-1.62966e-21
-6.63749e-21
0
-1.57158e-22
-2.07379e-22
2.32723e-21
-1.16062e-21
1.95377e-21
-1.68783e-22
8.4332e-23
5.81729e-22
3.83389e-21
-2.98662e-21
-5.14968e-22
1.03657e-22
4.98244e-23
-1.93592e-22
3.71503e-21
-2.9817e-21
0
-1.97242e-23
-2.47185e-22
2.08528e-22
1.05517e-21
2.91702e-21
-3.41386e-22
-5.25956e-23
1.84174e-22
-2.4041e-22
9.64257e-22
-1.67084e-21
1.83033e-21
-1.06145e-22
1.37086e-23
-3.6279e-22
-1.9829e-22
-6.79508e-22
-2.27755e-21
2.23781e-22
-4.99442e-23
-8.95275e-23
-1.198e-22
-1.44957e-22
-1.08957e-21
1.802e-22
3.23213e-23
-1.21907e-21
-3.37101e-22
-3.65631e-22
5.283e-21
3.1072e-22
-4.44962e-23
4.42291e-22
6.59584e-22
4.5414e-22
9.28382e-22
-3.75472e-23
3.57278e-23
9.88811e-22
5.97865e-22
-0
3.49152e-22
3.20331e-22
-1.70723e-23
-8.82946e-22
3.44194e-22
-2.87453e-22
-4.09127e-21
2.07788e-22
1.14997e-23
1.93946e-21
1.70721e-22
9.97811e-23
2.17697e-21
-7.50869e-23
2.5051e-23
2.20274e-21
5.83489e-23
3.27063e-22
-1.12282e-21
-5.85545e-23
1.74673e-14
4.95453e-06
-1.1577e-22
-1.00832e-14
5.48201e-06
7.33993e-23
2.54099e-15
7.85362e-07
1.12385e-22
-8.12368e-16
8.04452e-07
-8.00441e-23
4.09412e-17
3.01639e-08
-5.35873e-23
-3.17814e-19
1.40883e-08
-1.0222e-22
-1.10245e-17
1.50926e-08
0
-1.13649e-19
-5.74976e-10
-9.72163e-23
2.99506e-18
6.22033e-09
-4.63753e-23
7.23912e-20
-9.46534e-09
-9.55094e-23
-8.11436e-19
1.27116e-09
0
-2.85121e-20
-1.37875e-08
-8.1672e-23
2.17195e-19
-1.21905e-09
1.87479e-22
9.61476e-21
-1.4227e-08
-8.05502e-23
-5.69724e-20
-2.17984e-09
5.23976e-22
-2.7822e-21
-1.11405e-08
-6.54529e-23
1.45086e-20
-2.18774e-09
2.79385e-22
7.42339e-22
-4.72656e-09
-3.92263e-23
-3.53853e-21
-1.60358e-09
-1.85266e-22
-1.32018e-22
4.80449e-09
-2.40433e-23
7.78493e-22
-6.68872e-10
-3.6981e-23
-2.43571e-22
1.70327e-08
-2.72558e-23
-5.3854e-23
4.24368e-10
-1.96133e-22
1.58901e-22
3.10767e-08
-1.7834e-23
-6.30366e-20
1.48492e-09
7.82562e-23
-1.31909e-19
4.52948e-08
-9.4875e-24
-1.72367e-19
2.30227e-09
-1.17327e-23
-6.38718e-19
5.71134e-08
-5.70025e-24
-1.01975e-19
2.68037e-09
4.15906e-23
-9.42077e-19
6.34467e-08
-1.49572e-24
-1.51675e-20
2.52996e-09
1.7014e-23
-9.50922e-19
6.19924e-08
6.08173e-24
3.38888e-21
1.9493e-09
9.00037e-24
-7.1039e-19
5.27416e-08
1.33116e-23
-1.6676e-20
1.19193e-09
-5.64234e-23
-3.49849e-19
3.8295e-08
1.44893e-23
-8.64983e-21
5.2378e-10
6.99991e-23
-5.1424e-20
2.24856e-08
1.35857e-23
8.62818e-24
9.42989e-11
-4.73802e-23
-1.62243e-22
8.46723e-09
1.00951e-23
-2.93625e-24
-8.36901e-11
4.02946e-23
-5.65771e-23
-2.2686e-09
6.08337e-24
3.82984e-25
-7.33997e-11
2.6407e-23
3.85074e-23
-9.6556e-09
1.57549e-24
-2.25397e-25
4.90918e-11
1.56125e-24
1.93563e-23
-1.43248e-08
-1.37694e-24
-2.94431e-26
2.24771e-10
3.26074e-24
-4.2813e-24
-1.70356e-08
-2.18057e-24
1.19535e-25
4.16329e-10
-0
2.82216e-24
-1.8429e-08
-1.60154e-24
4.69821e-26
6.03377e-10
-1.23935e-23
-3.70421e-24
-1.89768e-08
-4.09941e-25
4.32512e-26
7.76432e-10
1.72613e-24
4.8474e-24
-1.90029e-08
1.74238e-25
-3.69013e-25
9.32236e-10
2.16409e-25
0
-1.87209e-08
7.37075e-25
-6.11699e-25
1.07071e-09
-6.4767e-25
-1.03202e-24
-1.82682e-08
6.8059e-25
8.84415e-27
1.19316e-09
-2.14443e-25
5.37882e-24
-1.77314e-08
4.17871e-25
4.18976e-25
1.30136e-09
1.16741e-24
-2.40767e-24
-1.71644e-08
6.41273e-26
1.04481e-25
1.39702e-09
-5.23701e-25
-8.54691e-25
-1.66001e-08
-3.78989e-25
-7.89052e-26
1.48167e-09
-3.0933e-25
1.01945e-24
-1.60583e-08
-7.80028e-25
-8.53789e-26
1.55658e-09
-5.06336e-26
-5.42496e-25
-1.55505e-08
-1.08062e-24
-5.56941e-26
1.62274e-09
-9.92131e-26
-7.83765e-26
-1.50831e-08
-1.22256e-24
-8.01102e-27
1.68096e-09
-0
-3.56429e-25
-1.46597e-08
-1.16573e-24
-9.78646e-27
1.73184e-09
-5.8923e-27
-4.95525e-26
-1.42816e-08
-9.28985e-25
-3.12548e-26
1.77588e-09
3.1332e-26
-4.27528e-26
-1.39495e-08
-5.95497e-25
1.23329e-27
1.81344e-09
-1.09069e-26
4.81685e-26
-1.36632e-08
-1.98793e-25
-5.75668e-28
1.84481e-09
-5.13568e-27
-3.94832e-26
-1.34222e-08
1.25635e-25
4.69281e-27
1.87025e-09
5.87704e-27
5.48698e-27
-1.3226e-08
3.25191e-25
-9.30299e-28
1.88982e-09
-6.64248e-27
-6.59677e-27
-1.30741e-08
3.66422e-25
1.03175e-27
1.90376e-09
3.99846e-28
-4.53406e-28
-1.29661e-08
2.404e-25
1.02867e-27
1.91212e-09
8.30349e-28
-1.15842e-27
-1.29015e-08
0
0
9.57464e-10
0
0
-6.44002e-09
1.94809e-22
1.52272e-23
-1.16615e-21
7.01904e-22
2.66459e-20
-1.33581e-20
0
0
-3.87195e-21
0
0
4.8596e-22
-1.13084e-21
4.59495e-23
-5.75764e-21
-2.21444e-21
4.00838e-20
9.63889e-21
-1.66763e-21
-1.30506e-22
-1.82492e-22
0
5.94019e-20
1.79474e-19
-8.13668e-22
-5.37427e-22
-1.4704e-21
-3.76004e-21
2.08496e-20
-1.34639e-20
1.65805e-22
-3.88945e-22
-2.40374e-21
-3.26021e-21
-1.46459e-19
3.91209e-21
4.93957e-22
3.14507e-22
-9.03724e-22
-1.88797e-21
-0
1.51795e-20
-4.21364e-22
2.98602e-22
0
1.85098e-21
5.77021e-20
5.85332e-21
3.47636e-22
-3.12615e-22
1.46634e-21
-4.82786e-21
-1.4951e-20
3.74394e-20
4.61642e-22
-5.11064e-23
3.91115e-21
-0
3.41227e-20
-7.56588e-20
-2.73536e-21
1.78683e-23
6.93773e-21
-0
-4.13448e-20
4.75247e-20
-1.50632e-21
0
1.53345e-21
-1.72331e-21
4.10151e-20
-1.29255e-19
-3.14751e-22
5.35266e-23
4.49612e-22
-3.81691e-21
7.91065e-20
-4.84161e-21
1.26243e-21
-1.92891e-23
-4.53916e-22
-3.01596e-21
9.03804e-20
2.2716e-20
-1.83494e-21
-4.71653e-24
3.73605e-21
4.05914e-21
-5.83395e-21
-3.98735e-21
-7.18524e-22
0
7.27526e-22
-1.97153e-21
1.21525e-20
-1.30989e-20
-1.31057e-22
3.08681e-22
8.66213e-22
-3.69383e-21
-1.12293e-21
1.99138e-20
0
6.99223e-23
-2.10455e-22
-5.00464e-21
-3.17812e-23
-6.76903e-21
-9.76987e-23
3.6671e-22
-4.54517e-22
-2.8975e-21
5.11928e-21
9.27644e-22
-4.63945e-22
-8.58464e-22
1.63879e-22
-7.21198e-21
4.63307e-21
-2.27618e-22
0
2.70749e-22
1.59282e-22
-5.64659e-21
-1.51374e-21
5.7491e-22
-9.66553e-23
5.43421e-22
4.26544e-22
-2.03555e-21
9.906e-22
-1.7732e-21
9.10643e-24
-1.25345e-22
3.00067e-22
8.51163e-22
-6.99687e-21
3.17603e-21
2.50179e-22
4.03747e-23
5.59757e-22
9.59777e-23
-2.03864e-21
-1.91335e-21
-3.96038e-23
-7.28247e-23
6.33449e-22
1.0954e-22
2.76462e-22
-4.18085e-22
2.26987e-22
-3.08567e-23
-8.04758e-22
-5.99129e-22
1.08808e-21
-3.2037e-21
3.8509e-23
2.48803e-23
-2.51538e-22
-5.37006e-22
4.03603e-22
2.07306e-22
7.48847e-22
9.72566e-24
2.15335e-21
-6.00307e-22
6.01195e-22
-7.7128e-22
-6.44299e-22
-7.5539e-24
4.58831e-23
-1.91217e-22
1.90219e-22
0
-1.91819e-22
-2.39453e-23
-1.28137e-21
0
-1.94148e-22
0
4.88291e-23
-5.4485e-23
2.43232e-22
2.86154e-22
-8.32827e-23
1.96206e-21
-2.42142e-22
2.70757e-23
2.62237e-22
-1.42804e-22
-1.22448e-22
-4.30604e-21
-3.98761e-22
8.22345e-15
1.78878e-06
-6.95184e-23
-2.26947e-15
1.84684e-06
-5.36386e-22
-1.00895e-16
3.63813e-08
1.99413e-22
5.87189e-19
2.71942e-09
-5.85618e-22
2.72493e-17
1.75305e-08
-1.25058e-22
3.01082e-19
-1.36064e-08
-6.1591e-22
-7.42382e-18
6.62831e-09
-6.36736e-22
-1.77085e-19
-2.23867e-08
-6.07259e-22
2.01582e-18
7.16496e-10
1.58153e-22
6.82715e-20
-2.5295e-08
-5.59025e-22
-5.40422e-19
-2.11589e-09
-3.30303e-22
-2.33403e-20
-2.32482e-08
-4.39347e-22
1.41789e-19
-3.04539e-09
-7.45796e-22
8.29011e-21
-1.66781e-08
-3.65652e-22
-3.60604e-20
-2.78965e-09
-2.1351e-22
-3.13684e-21
-5.75457e-09
-2.34522e-22
8.71028e-21
-1.78603e-09
-3.57053e-22
1.15517e-21
9.41457e-09
-1.40324e-22
-1.79706e-21
-3.17847e-10
4.32758e-22
2.25958e-22
2.85588e-08
-8.41198e-23
-1.25274e-22
1.39386e-09
2.22466e-22
6.41425e-22
5.09248e-08
-4.34557e-23
2.3953e-19
3.11488e-09
1.59919e-22
6.73981e-19
7.47427e-08
-4.46019e-23
3.59287e-19
4.53332e-09
-1.35661e-22
3.35946e-18
9.64063e-08
-2.00838e-23
-4.21412e-19
5.25946e-09
8.11712e-24
5.06598e-18
1.10125e-07
-3.76929e-24
-9.85397e-19
5.0096e-09
1.36074e-24
5.17445e-18
1.10153e-07
1.05149e-23
-8.00672e-19
3.88539e-09
-1.49868e-23
3.84733e-18
9.51264e-08
2.66204e-23
-2.48337e-19
2.39684e-09
9.87802e-23
1.85365e-18
7.01286e-08
3.98714e-23
8.0606e-21
1.10783e-09
-3.49335e-23
2.62744e-19
4.33712e-08
3.70039e-23
-3.3244e-23
2.93124e-10
2.68873e-23
1.8787e-22
2.09572e-08
3.30002e-23
1.17727e-23
-7.234e-11
1.23847e-23
3.08098e-22
4.89371e-09
2.20536e-23
-4.2206e-24
-1.3455e-10
2.05092e-23
-8.437e-23
-5.58161e-09
9.07431e-24
7.96575e-25
-2.94007e-11
1.83341e-23
-5.56333e-23
-1.19948e-08
7.47151e-27
-2.81042e-25
1.51798e-10
-5.77966e-24
3.65006e-23
-1.56902e-08
-3.04839e-24
1.66417e-25
3.56316e-10
2.5915e-23
-1.02312e-23
-1.76444e-08
-1.5761e-24
2.83736e-25
5.57075e-10
2.0385e-24
1.33563e-23
-1.85151e-08
1.13426e-24
-1.44324e-25
7.42068e-10
6.71273e-24
-2.90215e-23
-1.87291e-08
2.85571e-24
9.4615e-26
9.07388e-10
5.19393e-25
5.67042e-24
-1.85575e-08
3.43407e-24
6.48866e-25
1.05308e-09
-7.79108e-25
3.69098e-24
-1.81702e-08
3.39778e-24
5.46537e-25
1.18083e-09
1.03397e-24
-2.80191e-24
-1.76724e-08
2.85221e-24
7.90206e-27
1.29282e-09
-5.12606e-25
-7.81164e-25
-1.71287e-08
2.27368e-24
-6.11824e-25
1.39117e-09
-6.33313e-26
-1.69362e-24
-1.65784e-08
1.25621e-24
1.74693e-26
1.4777e-09
-4.99393e-25
7.70996e-25
-1.6045e-08
1.84738e-25
3.0583e-25
1.55389e-09
4.29621e-25
-7.16159e-26
-1.55423e-08
-7.46644e-25
-3.40115e-26
1.62094e-09
-3.00927e-26
0
-1.5078e-08
-1.34912e-24
4.37177e-26
1.67975e-09
8.82569e-26
3.93057e-25
-1.46565e-08
-1.5859e-24
-6.75943e-26
1.73104e-09
1.43206e-26
-2.25525e-25
-1.42796e-08
-1.44606e-24
9.48992e-27
1.77535e-09
-2.77121e-26
-1.14161e-25
-1.39482e-08
-1.03771e-24
3.30256e-26
1.81309e-09
4.97848e-26
2.04016e-26
-1.36623e-08
-2.75119e-25
8.44497e-28
1.84458e-09
1.56448e-26
1.55879e-26
-1.34216e-08
3.62793e-25
-5.6304e-27
1.87007e-09
-4.30295e-27
2.75556e-26
-1.32256e-08
7.39339e-25
1.99416e-27
1.88973e-09
-1.24955e-27
-1.213e-28
-1.30739e-08
7.93056e-25
-3.25497e-27
1.90371e-09
9.80792e-28
3.70864e-27
-1.29659e-08
4.97896e-25
2.03679e-27
1.91212e-09
-8.77124e-28
2.67517e-27
-1.29014e-08
0
0
9.57451e-10
0
0
-6.44e-09
1.84559e-22
-3.42474e-23
3.26668e-21
6.08277e-22
-2.3827e-20
1.14146e-19
0
0
-2.31569e-22
0
0
-1.29414e-20
-2.63504e-22
-8.73542e-24
5.4614e-21
-9.47421e-22
3.36694e-20
6.57168e-20
3.4482e-21
-5.0292e-22
1.21244e-21
-3.92363e-21
-1.71236e-20
2.85191e-20
-6.16375e-22
-9.26902e-22
1.97339e-21
9.3659e-21
3.82615e-20
-7.184e-20
-1.78505e-22
2.39476e-21
0
-1.23061e-21
5.32006e-19
-4.41462e-20
-6.35847e-22
1.21223e-21
0
-1.72464e-20
6.39778e-20
-7.7206e-21
-2.00018e-21
-8.62886e-22
-3.2733e-21
-0
-3.51045e-21
-2.85135e-20
1.97161e-21
6.7745e-22
4.35114e-21
9.8479e-21
1.32954e-20
7.89062e-20
-6.24834e-21
-9.92639e-23
-3.84948e-21
-1.09247e-20
1.09812e-19
-4.16969e-20
-2.89081e-21
-4.06682e-23
1.13415e-21
-5.14236e-21
-8.95991e-20
1.12514e-19
2.3549e-21
-2.16771e-23
-1.99908e-21
-2.00058e-21
6.32852e-20
-3.90031e-20
-4.06737e-21
-1.64799e-23
7.88034e-21
-8.81684e-21
-1.91739e-20
6.09582e-20
-6.49689e-21
-3.6224e-24
-9.49619e-22
4.62992e-21
-6.19691e-20
1.53108e-20
-1.57146e-21
-7.43073e-23
2.11451e-21
2.33281e-21
-4.58532e-20
-5.26682e-20
-5.54466e-22
1.61307e-22
-2.19416e-21
2.26507e-21
-3.50595e-21
1.41156e-20
0
-1.40111e-22
7.96214e-22
1.06165e-20
-1.78708e-21
5.23558e-21
-1.50715e-22
-2.34803e-22
-1.8637e-22
-1.92102e-21
3.93057e-21
1.71639e-21
7.7732e-22
2.48165e-22
6.11698e-22
1.00356e-20
-6.1473e-21
8.65072e-22
-1.05906e-22
6.95271e-22
0
1.53187e-20
-6.44578e-21
-1.86296e-22
5.56184e-22
1.00126e-22
-2.99603e-22
-2.19101e-21
-3.71082e-21
-8.63924e-22
9.90674e-23
-4.55523e-22
2.53051e-22
3.18125e-21
1.59225e-20
-3.36805e-21
1.52685e-23
-4.19296e-22
0
2.52532e-21
6.02694e-21
-7.66245e-22
6.05228e-23
4.64209e-22
-4.0053e-22
2.36122e-22
4.37492e-22
-2.24899e-21
-2.95393e-22
-5.17496e-23
2.01746e-22
1.93906e-23
-1.91202e-21
1.80795e-21
2.73506e-22
-1.28394e-22
6.68697e-22
-2.56389e-22
-2.79703e-21
-1.69589e-21
-7.09142e-22
3.33582e-23
7.17564e-24
6.44993e-22
-1.18419e-22
6.95271e-22
8.92005e-23
-1.13069e-22
-9.29457e-22
1.23193e-21
3.63784e-22
-1.27767e-21
3.75419e-23
-9.43166e-24
1.12088e-21
-1.30426e-21
0
1.51056e-21
-5.42605e-22
2.18395e-23
1.1105e-21
4.74607e-22
6.69541e-22
1.93993e-21
-2.61415e-22
-1.62795e-23
-1.94848e-21
0
-2.48472e-22
1.33338e-21
-3.49011e-22
-9.23387e-23
2.02373e-21
0
-2.86755e-23
8.40652e-22
-6.53423e-22
1.59879e-14
2.97415e-06
-5.61289e-22
-4.22298e-15
3.1015e-06
-1.27847e-21
-1.95239e-16
4.1443e-08
0
9.27385e-19
-7.10932e-09
-1.42762e-21
5.28122e-17
1.93368e-08
3.61744e-22
6.29474e-19
-2.48587e-08
-1.6519e-21
-1.44153e-17
6.79107e-09
4.02662e-22
-3.52089e-19
-3.3444e-08
-1.67355e-21
3.92106e-18
1.5609e-10
4.90146e-22
1.34979e-19
-3.50148e-08
-1.56504e-21
-1.05381e-18
-2.88078e-09
3.30024e-22
-4.61933e-20
-3.06991e-08
-1.28426e-21
2.81526e-19
-3.70999e-09
1.45435e-22
1.69175e-20
-2.0968e-08
-9.55472e-22
-8.83323e-20
-3.16088e-09
6.69343e-22
-1.49731e-20
-5.90056e-09
-6.30851e-22
7.54425e-20
-1.72138e-09
2.81576e-22
4.60132e-20
1.46168e-08
-3.43562e-22
-1.76933e-19
3.12209e-10
-1.72085e-22
-1.86236e-19
4.07026e-08
-1.73657e-22
4.38562e-19
2.73045e-09
0
7.76933e-19
7.22215e-08
-6.38259e-23
-3.00242e-17
8.08495e-09
0
-1.33623e-15
1.67103e-07
-1.67739e-23
3.26708e-17
1.6875e-08
8.66409e-23
-3.57096e-15
3.23874e-07
-1.71e-23
1.89485e-16
2.66708e-08
0
-5.63664e-15
5.11515e-07
-7.32411e-24
2.82008e-16
2.88335e-08
-9.29806e-24
-5.93034e-15
5.84365e-07
1.61566e-23
2.16576e-16
2.26828e-08
-2.8296e-23
-4.39649e-15
5.15807e-07
3.83986e-23
7.78468e-17
1.16322e-08
-1.74847e-22
-2.03786e-15
3.20621e-07
5.02812e-23
7.82383e-18
3.85399e-09
1.82206e-22
-5.23785e-16
1.43531e-07
6.69599e-23
3.61659e-20
5.83397e-10
3.44257e-23
2.14927e-19
3.36813e-08
6.01021e-23
-1.94724e-20
-1.84112e-11
-5.35804e-23
-3.76053e-20
1.13869e-08
4.64497e-23
5.86923e-21
-1.65295e-10
5.9704e-23
6.73153e-21
-2.20607e-09
2.42216e-23
-1.48395e-21
-8.2164e-11
1.61213e-23
-1.22915e-21
-1.02005e-08
4.42112e-24
3.44268e-22
1.0058e-10
-0
1.32447e-22
-1.47153e-08
-1.87304e-24
-7.52386e-23
3.13948e-10
-1.99077e-23
-9.55273e-23
-1.71042e-08
1.0198e-24
1.57002e-23
5.245e-10
-1.70231e-23
2.48117e-23
-1.82107e-08
5.81451e-24
-3.27511e-24
7.18025e-10
-1.15316e-23
-8.86355e-24
-1.85552e-08
8.77134e-24
6.51754e-25
8.90096e-10
4.06946e-24
-1.8322e-23
-1.84571e-08
9.07847e-24
2.68404e-25
1.04086e-09
-1.74761e-24
-4.42204e-24
-1.81116e-08
8.99283e-24
-3.03423e-25
1.17231e-09
3.48486e-24
-7.95841e-24
-1.76379e-08
8.43697e-24
-3.8963e-26
1.28695e-09
-1.586e-24
3.44857e-24
-1.71083e-08
7.21384e-24
4.26641e-25
1.38715e-09
4.28045e-25
-4.57689e-24
-1.65662e-08
5.52899e-24
-2.07086e-25
1.47497e-09
-9.855e-25
-6.07209e-26
-1.60377e-08
3.61577e-24
-6.12373e-26
1.55205e-09
2.77087e-25
-9.47286e-25
-1.55378e-08
1.79782e-24
-7.9078e-26
1.6197e-09
3.3992e-26
-7.69483e-26
-1.50752e-08
3.58095e-25
-6.97447e-26
1.67893e-09
9.97657e-26
-2.66505e-25
-1.46547e-08
-6.07431e-25
2.53644e-27
1.7305e-09
-8.09975e-26
-3.24025e-26
-1.42785e-08
-1.06312e-24
1.73608e-26
1.77499e-09
5.49008e-26
3.07267e-25
-1.39474e-08
-9.93634e-25
-3.35174e-27
1.81285e-09
-4.88892e-26
8.75476e-26
-1.36618e-08
-1.19426e-25
6.52865e-27
1.84443e-09
-4.25951e-26
-1.6845e-25
-1.34213e-08
6.27629e-25
3.29168e-27
1.86997e-09
1.46687e-26
3.87165e-26
-1.32254e-08
1.06354e-24
1.74702e-27
1.88967e-09
1.42341e-27
-2.70359e-26
-1.30737e-08
1.08408e-24
-7.74088e-27
1.90367e-09
-5.60748e-28
1.38071e-26
-1.29658e-08
6.59937e-25
1.61208e-28
1.91207e-09
1.34534e-27
4.79316e-28
-1.29013e-08
0
0
9.57447e-10
0
0
-6.43995e-09
7.7783e-22
1.16268e-22
1.04459e-20
4.56278e-22
1.14575e-20
3.22705e-20
0
0
7.21473e-21
0
0
-3.41283e-20
3.63273e-22
1.93906e-22
-3.23145e-21
1.00973e-21
1.06197e-20
-3.83706e-20
-2.14361e-22
0
3.29339e-21
2.11926e-21
4.73503e-20
5.68902e-20
8.71132e-22
0
-5.71933e-21
-2.57177e-21
-3.10129e-19
-6.72386e-20
-7.95755e-22
-6.81754e-22
3.76198e-21
-8.98944e-21
-1.38581e-19
1.16915e-20
-1.89177e-21
0
-3.51836e-21
-1.693e-20
6.52345e-20
-6.34911e-21
8.54111e-22
3.07124e-22
-6.33437e-21
2.80245e-20
-2.27176e-21
3.03254e-20
4.80925e-21
-1.87025e-22
-1.40676e-21
-0
-7.47242e-20
-7.10292e-20
5.96013e-21
2.64199e-23
-9.96787e-21
-1.57219e-20
5.68029e-20
1.28479e-19
1.02183e-20
1.01606e-23
-2.20306e-21
-1.93613e-21
-2.23625e-19
-2.36399e-20
6.43226e-21
1.43897e-23
-1.28496e-20
6.70125e-21
-3.25413e-19
1.71055e-19
1.79136e-20
-4.8035e-23
1.16466e-21
2.44257e-21
2.38899e-19
-6.20725e-20
5.67772e-21
4.05183e-23
-4.74892e-21
7.65583e-21
8.59105e-20
7.30726e-20
2.74786e-21
-2.82021e-23
1.23843e-21
2.56236e-21
4.12316e-20
-2.8479e-20
1.72733e-21
1.48387e-22
1.53893e-21
-1.61337e-20
3.26878e-21
-7.49383e-21
-3.97256e-22
-4.32334e-22
1.44675e-21
-9.29422e-21
4.89368e-21
-2.72087e-21
-1.78121e-22
5.95505e-22
-1.6158e-22
-0
-2.73853e-21
-0
0
8.6772e-22
-2.46497e-22
-1.09727e-20
-5.47076e-21
-2.37759e-21
-3.88393e-22
-9.57004e-22
1.88806e-22
4.56769e-21
1.30407e-20
4.9013e-23
-1.0117e-22
0
-1.56861e-22
-1.6764e-20
-6.45422e-21
-1.16754e-21
-1.38788e-22
4.73899e-22
1.19005e-22
-1.73693e-21
-7.31293e-21
3.43544e-21
1.65577e-22
-8.54485e-22
-2.02577e-22
-4.40061e-21
8.91354e-21
8.17385e-21
4.35881e-23
1.67377e-22
-1.47327e-22
-1.53047e-21
-4.86257e-21
7.32447e-21
2.98538e-22
-2.21344e-22
-2.17748e-22
6.57145e-23
5.27156e-21
-8.96597e-21
-1.67234e-22
4.12786e-22
2.12691e-22
-4.32866e-21
-0
6.00323e-21
-2.57974e-22
1.75128e-22
1.71828e-21
0
1.22062e-21
2.05695e-21
4.14603e-22
6.26941e-23
-1.06621e-21
-2.70901e-21
-6.74714e-22
-1.86557e-21
4.56104e-22
2.25562e-23
-8.98731e-22
-1.27368e-21
-9.56328e-22
2.45601e-21
1.38919e-22
-8.44189e-23
1.93363e-22
1.73804e-22
1.37842e-22
-1.39131e-21
-2.1615e-22
8.40185e-25
8.89078e-22
0
-1.70767e-22
0
-1.06103e-21
-9.9563e-23
2.49882e-22
-9.03598e-23
2.91259e-22
-3.54959e-21
-1.30748e-21
2.10586e-14
3.55401e-06
-3.52479e-22
-5.42582e-15
3.69539e-06
-2.36588e-21
-2.5666e-16
4.56999e-08
2.53136e-22
1.10749e-18
-1.42361e-08
-2.93457e-21
6.94192e-17
2.08303e-08
2.38586e-22
8.365e-19
-3.32994e-08
-3.202e-21
-1.89623e-17
6.94918e-09
-8.85791e-22
-4.59497e-19
-4.18052e-08
-3.1578e-21
5.16403e-18
-2.47386e-10
4.04758e-22
1.75427e-19
-4.23691e-08
-2.92248e-21
-1.39431e-18
-3.42591e-09
-2.42615e-22
-6.19857e-20
-3.63161e-08
-2.56413e-21
3.92096e-19
-4.15757e-09
3.74985e-22
3.10314e-20
-2.41456e-08
-2.07515e-21
-1.87684e-19
-3.35907e-09
9.27142e-23
-5.90656e-20
-5.83068e-09
-1.40787e-21
3.26703e-19
-1.55002e-09
-2.34908e-22
2.32123e-19
1.90043e-08
-7.97733e-22
-8.88261e-19
9.80963e-10
-3.84857e-22
-9.78235e-19
5.09861e-08
-2.79304e-22
2.08013e-18
4.07113e-09
-1.51351e-22
4.15e-18
9.09471e-08
-9.09355e-23
-4.2058e-17
1.55579e-08
0
-3.79384e-15
2.90488e-07
-1.87174e-23
-3.15055e-24
-3.21718e-23
-8.07365e-22
0
1.24382e-21
-2.5299e-23
-2.39938e-25
2.28941e-23
1.68707e-22
1.5743e-22
-2.94977e-22
-3.46489e-24
6.89727e-24
4.52048e-23
-6.48512e-23
-1.22202e-21
1.30114e-21
1.89909e-23
1.29381e-23
-3.11177e-23
9.39002e-24
3.50215e-22
8.84301e-22
5.05301e-23
9.68102e-24
-1.47007e-23
-0
-4.96429e-22
2.67277e-21
7.37757e-23
4.87806e-17
8.60285e-09
1.2921e-22
-1.60158e-15
2.9029e-07
8.586e-23
1.02519e-19
8.92007e-10
-1.18313e-22
1.25586e-18
4.48159e-08
8.56931e-23
-1.0273e-19
5.00439e-11
-0
-2.13352e-19
1.65205e-08
8.80745e-23
3.2735e-20
-1.76049e-10
-9.39423e-23
3.66353e-20
2.6491e-10
5.0746e-23
-8.3613e-21
-1.13731e-10
-5.94873e-23
-6.32618e-21
-8.96673e-09
8.85629e-24
1.94046e-21
6.84316e-11
-3.15418e-23
1.08418e-21
-1.40799e-08
-4.44764e-26
-4.27092e-22
2.87207e-10
2.11346e-23
-1.89687e-22
-1.67682e-08
5.90045e-24
9.17002e-23
5.0402e-10
1.69097e-23
8.96923e-23
-1.80291e-08
1.35773e-23
-1.81147e-23
7.03e-10
3.68951e-24
3.03273e-23
-1.84551e-08
1.76948e-23
4.77988e-24
8.79352e-10
-3.10538e-24
1.60635e-23
-1.84011e-08
1.73091e-23
-1.20283e-24
1.03331e-09
6.23248e-25
1.04237e-23
-1.80798e-08
1.66343e-23
4.96325e-25
1.16707e-09
-4.9773e-24
3.9674e-24
-1.76196e-08
1.51455e-23
3.03897e-25
1.28334e-09
-6.1843e-25
3.86559e-24
-1.70976e-08
1.33155e-23
5.54142e-26
1.38469e-09
6.12539e-25
1.32972e-24
-1.65599e-08
1.08566e-23
1.26094e-25
1.4733e-09
4.53643e-25
2.30437e-24
-1.60338e-08
8.17595e-24
-6.51977e-26
1.55093e-09
-7.4452e-26
2.07995e-26
-1.55354e-08
5.49955e-24
1.41396e-25
1.61895e-09
2.19331e-25
-2.97308e-25
-1.50737e-08
3.08843e-24
-5.81619e-26
1.67843e-09
-7.15641e-26
2.1936e-25
-1.46537e-08
1.19282e-24
3.06399e-26
1.73017e-09
-1.22078e-25
5.17657e-25
-1.42777e-08
-7.61651e-26
-4.63307e-26
1.77477e-09
6.75868e-26
-2.55537e-25
-1.39469e-08
-6.02942e-25
-5.4111e-27
1.81271e-09
4.86463e-26
1.29941e-25
-1.36614e-08
1.54529e-25
3.72909e-27
1.84434e-09
1.14897e-26
-3.37729e-26
-1.3421e-08
8.23038e-25
-5.43255e-27
1.86992e-09
-2.1131e-26
5.59796e-26
-1.32251e-08
1.2062e-24
-4.60025e-27
1.88964e-09
-3.08183e-27
-2.44198e-26
-1.30735e-08
1.17844e-24
-3.79703e-28
1.90366e-09
-2.4354e-27
4.79728e-27
-1.29656e-08
7.01476e-25
-3.03268e-27
1.91206e-09
1.83407e-27
-9.92507e-28
-1.29011e-08
0
0
9.57446e-10
0
0
-6.43988e-09
0
1.84769e-23
-2.61306e-21
6.49571e-22
4.73432e-21
-9.80711e-20
0
0
-8.66431e-22
0
0
2.93113e-20
-3.34209e-22
-7.12451e-23
-4.4039e-22
3.51712e-22
-1.69078e-20
-8.02822e-20
-3.75617e-22
1.54646e-22
0
1.63489e-22
-6.41693e-20
-5.37559e-20
-6.00134e-22
4.524e-22
0
-1.19994e-21
5.5698e-20
-2.92797e-21
-3.63943e-22
-4.71628e-22
-3.46979e-21
2.49247e-21
1.63519e-19
8.88005e-22
5.68609e-22
0
3.26623e-21
4.843e-21
2.99679e-20
-2.36411e-21
9.61285e-22
-5.29177e-22
1.49147e-21
3.8599e-21
1.06131e-21
8.75073e-20
2.63982e-21
-1.74212e-22
-4.01897e-21
-1.36134e-20
1.08276e-19
-0
-4.85041e-21
5.46605e-23
7.76504e-21
1.05523e-20
-1.30484e-20
-8.98733e-20
8.26728e-21
3.10806e-23
1.06008e-21
-0
1.31256e-20
1.37339e-19
-1.09967e-20
1.02257e-22
-4.672e-22
2.41338e-21
9.62375e-20
-1.31158e-19
-1.22387e-20
-2.47416e-24
-3.76893e-21
-0
-2.13714e-19
-2.0049e-20
-8.13734e-21
-1.70509e-23
5.24607e-21
-9.49965e-21
-5.14727e-20
2.99114e-20
2.9576e-21
-1.36554e-23
0
8.13603e-21
-9.65972e-20
-3.99322e-20
-4.65937e-21
-2.09564e-22
-1.91188e-21
7.85185e-21
-8.73536e-22
2.72347e-20
-4.30301e-22
4.36314e-22
-7.47197e-22
1.58781e-20
2.44523e-21
-5.56121e-21
0
-1.61465e-22
-2.76738e-22
-8.81136e-21
-1.04463e-21
1.71278e-21
0
2.37897e-22
-9.57251e-23
1.91244e-21
1.68026e-20
7.17846e-22
-1.44498e-21
6.5552e-22
-1.84744e-22
1.58694e-20
2.09845e-21
0
2.31708e-22
-6.86268e-22
-3.94121e-23
4.96787e-21
-6.66541e-21
-4.35105e-21
-1.67475e-22
-4.28138e-22
-1.682e-23
1.7865e-21
7.94397e-21
-3.22925e-21
-8.45819e-22
1.95664e-21
9.97103e-23
4.4495e-21
-1.04787e-20
-1.04894e-21
2.61995e-23
-9.89446e-22
-6.08472e-22
6.36512e-21
1.03309e-20
-9.56043e-21
4.95587e-22
-2.15179e-22
6.66421e-22
-1.58186e-22
-5.18036e-21
8.31789e-21
-4.56655e-22
0
-8.84403e-22
1.17336e-21
-4.47238e-21
-1.15032e-20
-7.3903e-22
2.8057e-22
1.27859e-21
3.56497e-21
3.83548e-22
-1.12326e-21
3.47657e-22
1.50189e-22
1.94343e-21
-5.85194e-22
-7.54185e-22
0
-3.77273e-22
5.17932e-23
1.09743e-21
2.72933e-21
-2.44256e-22
-8.74402e-22
-2.78527e-22
6.10609e-23
-9.40414e-22
1.8531e-22
3.09966e-22
-1.47506e-21
-2.72926e-22
-2.20523e-23
-2.18952e-22
0
3.15424e-22
2.99892e-21
-1.35601e-21
9.24267e-24
1.24787e-21
0
-4.26678e-22
3.70513e-21
-2.372e-21
2.46639e-14
3.97129e-06
0
-6.46179e-15
4.12422e-06
-3.19139e-21
-2.99143e-16
4.9342e-08
-4.45435e-22
1.40141e-18
-1.76078e-08
-4.09857e-21
8.0744e-17
2.22291e-08
7.54781e-22
9.43684e-19
-3.79664e-08
-4.7397e-21
-2.20411e-17
7.27973e-09
-1.24448e-21
-5.2513e-19
-4.66857e-08
-4.85357e-21
6.00264e-18
-3.7464e-10
-2.84227e-22
2.01069e-19
-4.68061e-08
-4.48986e-21
-1.6231e-18
-3.69406e-09
-1.15005e-21
-7.1944e-20
-3.98399e-08
-4.00445e-21
4.64165e-19
-4.39533e-09
3.95195e-22
4.07469e-20
-2.63346e-08
-3.45295e-21
-2.46562e-19
-3.46373e-09
2.93421e-22
-8.78459e-20
-6.20821e-09
-2.58187e-21
4.6905e-19
-1.44294e-09
-6.61875e-22
3.43916e-19
2.10867e-08
-1.36448e-21
-1.2762e-18
1.38584e-09
-6.7936e-23
-1.45847e-18
5.65409e-08
-2.56032e-22
2.84887e-18
4.9025e-09
2.14515e-22
6.25802e-18
1.0175e-07
6.94157e-23
-2.56523e-17
2.23272e-08
-8.00172e-23
-5.81948e-15
3.96575e-07
9.89977e-23
-4.96949e-24
-7.35244e-24
-1.6354e-22
1.92549e-22
3.03798e-22
1.81789e-23
1.49977e-24
-3.13996e-23
1.86718e-22
-3.35923e-21
1.33917e-22
6.58445e-24
1.00969e-23
-8.80608e-24
-3.25132e-21
-4.28757e-21
-7.40392e-22
1.48803e-22
3.03501e-23
6.82002e-23
2.9342e-21
2.32871e-21
-1.77533e-22
2.34144e-22
1.16844e-23
6.24707e-23
-2.37905e-22
-2.0094e-21
-4.25415e-22
2.97943e-22
1.05907e-16
1.35173e-08
-1.84645e-22
-2.69529e-15
4.31281e-07
2.42654e-22
6.25541e-20
1.09621e-09
7.17473e-23
2.04222e-18
5.15115e-08
1.98031e-22
-1.53958e-19
9.67083e-11
9.93123e-23
-3.39795e-19
1.93989e-08
1.58699e-22
5.08416e-20
-1.78071e-10
-7.99077e-24
5.76099e-20
1.58466e-09
4.29626e-23
-1.30637e-20
-1.28355e-10
5.21931e-23
-9.82054e-21
-8.33253e-09
2.04875e-24
3.03154e-21
5.30118e-11
4.62227e-24
1.80217e-21
-1.37634e-08
5.63694e-25
-6.6443e-22
2.74358e-10
-1.20649e-23
-2.81633e-22
-1.6605e-08
1.2674e-23
1.42364e-22
4.94228e-10
-0
8.78078e-23
-1.79424e-08
2.37288e-23
-2.85206e-23
6.95861e-10
-1.26686e-24
-3.99013e-23
-1.84079e-08
2.78996e-23
6.5818e-24
8.74279e-10
8.96517e-24
1.44838e-23
-1.83747e-08
2.68269e-23
-7.95855e-25
1.02976e-09
-0
-1.70337e-23
-1.80647e-08
2.47442e-23
7.90443e-25
1.16462e-09
-1.92724e-24
6.75185e-24
-1.76107e-08
2.20537e-23
7.14896e-25
1.28167e-09
-0
3.87976e-25
-1.70922e-08
1.90037e-23
-7.06083e-25
1.38356e-09
-1.10798e-24
1.0081e-24
-1.65564e-08
1.57758e-23
-9.9914e-26
1.47254e-09
9.38163e-25
1.52292e-24
-1.60315e-08
1.23164e-23
-1.43104e-25
1.55042e-09
1.54025e-25
-5.16075e-25
-1.55338e-08
8.78627e-24
-1.29554e-25
1.61861e-09
-2.6477e-25
1.01965e-24
-1.50726e-08
5.57717e-24
2.37817e-26
1.67821e-09
-0
-1.46309e-24
-1.46528e-08
2.90045e-24
4.42097e-26
1.73002e-09
-3.61111e-26
1.10552e-25
-1.42771e-08
9.04297e-25
-3.98262e-26
1.77468e-09
-2.62484e-26
-1.69207e-25
-1.39464e-08
-1.20265e-25
1.24486e-26
1.81266e-09
8.39993e-27
3.62313e-26
-1.3661e-08
4.01367e-25
-1.79372e-26
1.84431e-09
-7.93994e-27
-3.06765e-27
-1.34206e-08
9.1853e-25
4.05982e-27
1.8699e-09
-0
2.28615e-26
-1.32249e-08
1.20487e-24
-5.1209e-27
1.88963e-09
-1.60017e-27
1.58431e-26
-1.30732e-08
1.13768e-24
-2.53722e-27
1.90365e-09
1.26655e-27
2.43991e-27
-1.29654e-08
6.66875e-25
4.57067e-27
1.91207e-09
7.64856e-28
1.00614e-27
-1.29009e-08
0
0
9.57447e-10
0
0
-6.43979e-09
3.14268e-22
0
8.25948e-22
-4.75024e-23
-6.70789e-21
-4.02282e-20
0
0
0
0
0
1.619e-20
7.27393e-22
8.08435e-23
8.2934e-22
-3.76338e-22
2.83485e-20
2.9999e-20
1.70188e-22
-7.60334e-23
3.31633e-21
1.1165e-21
-4.50826e-20
2.62695e-20
2.2838e-22
-8.9216e-23
2.45705e-21
-3.19546e-21
-3.29911e-20
-8.68199e-22
-4.28666e-22
-8.47763e-23
-3.17275e-21
5.92542e-21
6.09021e-20
2.82494e-20
5.93995e-22
-3.03685e-22
-1.49975e-21
-0
6.02723e-21
-4.27473e-21
1.95597e-21
2.20294e-22
-1.38653e-21
-1.14407e-20
-6.68181e-20
-7.0275e-20
-7.97105e-21
-1.23928e-22
3.15314e-21
-1.22144e-20
7.11053e-20
1.95601e-20
3.23871e-21
1.83121e-23
1.13533e-21
3.81404e-21
-1.68218e-19
-2.00522e-19
1.83616e-20
-3.15757e-23
-7.0941e-21
-0
3.33263e-20
4.82158e-20
-1.6291e-20
6.65132e-24
1.34656e-20
3.787e-21
-2.77025e-20
1.00299e-19
1.63054e-20
8.84867e-23
-3.12479e-21
4.06254e-21
3.33735e-19
-1.10001e-19
2.03495e-21
5.16242e-24
1.67058e-21
-0
1.03073e-19
4.28245e-20
9.87915e-22
1.37821e-22
-1.39101e-21
-5.5456e-21
-5.20901e-20
5.07926e-21
-1.4043e-21
9.50124e-23
-2.23085e-22
-3.06291e-20
3.40584e-21
1.18097e-20
-8.67675e-22
8.75578e-22
1.1869e-21
1.73265e-20
9.25603e-22
-0
1.96658e-22
6.1808e-22
-1.18994e-22
3.22256e-20
-1.21559e-20
-1.68394e-21
1.21759e-21
-2.1549e-22
2.20125e-22
-1.92001e-20
-3.26476e-21
-1.30523e-21
-5.95825e-22
-4.5246e-22
0
-1.58317e-21
-2.59423e-20
-2.85102e-22
9.70846e-22
2.44119e-21
-3.27781e-23
-9.82102e-21
3.38209e-20
3.3321e-21
7.22218e-22
-1.87683e-21
-1.12201e-23
1.73864e-21
-2.69854e-20
5.41072e-21
8.71259e-22
-7.07066e-22
-3.82891e-23
1.67718e-20
-0
-2.33466e-21
-9.97828e-23
-1.52962e-21
6.73182e-23
-0
7.64163e-21
-1.26197e-20
-7.71645e-22
3.30911e-22
-1.51495e-23
2.32742e-21
-8.74379e-21
1.23145e-20
-1.86833e-22
1.11923e-22
-1.43816e-21
-2.41153e-21
-7.44968e-22
-6.54901e-22
-3.13491e-22
5.3562e-22
1.70955e-21
4.35841e-21
-1.12688e-21
-5.98712e-21
1.01293e-21
-3.83928e-22
-1.67997e-21
-2.17228e-21
-3.18971e-22
4.24617e-21
1.48067e-22
-4.25778e-23
-2.75025e-21
3.57003e-22
1.34137e-21
-6.41471e-21
2.75141e-22
1.32873e-22
-5.56563e-22
-7.68859e-22
0
0
4.33514e-22
4.2024e-23
-8.72362e-22
0
1.01481e-22
-1.86737e-21
-7.98509e-22
6.01556e-23
-1.25425e-21
-2.94624e-22
3.04596e-22
-1.91281e-21
-1.80291e-21
2.65763e-14
4.26969e-06
0
-7.36743e-15
4.44081e-06
-3.82013e-21
-3.20031e-16
5.23016e-08
1.81365e-22
1.87698e-18
-1.65342e-08
-5.29115e-21
8.60327e-17
2.35855e-08
8.93981e-22
9.31024e-19
-3.81608e-08
-6.17407e-21
-2.34347e-17
7.85768e-09
-2.7579e-22
-5.42896e-19
-4.74729e-08
-6.19649e-21
6.37469e-18
-1.64941e-10
1.43731e-21
2.09467e-19
-4.78506e-08
-5.80106e-21
-1.72004e-18
-3.65319e-09
6.77599e-22
-7.43695e-20
-4.09764e-08
-5.35527e-21
4.82293e-19
-4.42741e-09
-1.3102e-21
3.79795e-20
-2.74826e-08
-4.74767e-21
-2.26763e-19
-3.52395e-09
8.87518e-22
-7.24417e-20
-7.33019e-09
-4.31433e-21
3.86849e-19
-1.51121e-09
5.00239e-22
2.76634e-19
2.00062e-08
-1.8707e-21
-1.03647e-18
1.31781e-09
3.42211e-22
-1.17352e-18
5.55055e-08
9.22811e-22
2.3111e-18
4.83755e-09
-8.91502e-22
5.03205e-18
1.00756e-07
8.7936e-22
-2.07994e-17
1.86518e-08
2.4197e-22
-4.67578e-15
3.31119e-07
5.20629e-22
-5.79561e-24
-4.84354e-23
3.7142e-22
-1.03502e-21
-1.15007e-21
3.03098e-22
-6.74819e-24
-3.32618e-23
1.33988e-22
2.7745e-22
-3.42998e-22
1.18045e-22
-1.68274e-24
-7.72595e-23
-3.47991e-21
6.19706e-22
-1.48764e-21
3.76624e-22
1.13808e-23
1.11819e-22
2.52686e-21
3.49316e-21
-3.00247e-21
7.57686e-22
6.07522e-24
1.60333e-22
9.43563e-23
8.8653e-23
-1.41608e-22
6.47005e-22
1.05828e-16
1.34799e-08
1.10307e-22
-2.69413e-15
4.30599e-07
3.92238e-22
6.27841e-20
1.09239e-09
-1.43113e-22
2.03999e-18
5.14612e-08
1.2139e-22
-1.53933e-19
9.506e-11
-4.24866e-23
-3.39008e-19
1.93829e-08
-2.07916e-23
5.08268e-20
-1.78712e-10
4.78842e-23
5.71966e-20
1.58363e-09
-3.57159e-23
-1.30587e-20
-1.28532e-10
8.69083e-24
-9.77942e-21
-8.32752e-09
-1.7661e-23
3.03157e-21
5.30405e-11
-4.61908e-24
1.59636e-21
-1.37564e-08
1.31875e-24
-6.64529e-22
2.74468e-10
-4.82341e-24
-3.11592e-22
-1.65979e-08
1.86765e-23
1.40641e-22
4.94362e-10
1.24229e-23
3.44121e-23
-1.7936e-08
3.03707e-23
-2.87984e-23
6.95991e-10
5.06582e-24
-4.49449e-23
-1.84024e-08
3.40233e-23
6.85769e-24
8.74395e-10
-8.96291e-24
1.98802e-24
-1.837e-08
3.33456e-23
-1.51954e-24
1.02986e-09
6.42981e-25
-6.44532e-24
-1.80608e-08
3.05671e-23
4.22004e-26
1.1647e-09
4.17502e-24
2.68884e-24
-1.76075e-08
2.71644e-23
2.60765e-25
1.28174e-09
2.55533e-24
-7.64326e-24
-1.70896e-08
2.33647e-23
-1.35678e-25
1.38361e-09
-1.42439e-24
-2.77232e-25
-1.65543e-08
1.91674e-23
5.48659e-26
1.47258e-09
-4.69042e-25
-1.37556e-24
-1.60299e-08
1.50103e-23
2.42048e-25
1.55045e-09
-2.31022e-25
9.36395e-25
-1.55325e-08
1.09722e-23
2.80023e-25
1.61864e-09
-3.02577e-25
2.69605e-25
-1.50715e-08
7.23214e-24
1.13109e-26
1.67823e-09
-1.48133e-25
2.24402e-26
-1.4652e-08
4.09232e-24
-8.75197e-27
1.73004e-09
-0
3.02567e-25
-1.42764e-08
1.66109e-24
-6.83275e-27
1.7747e-09
1.0499e-25
-1.65448e-25
-1.39458e-08
2.65053e-25
-8.19928e-27
1.81267e-09
-0
1.13525e-25
-1.36605e-08
5.71864e-25
-6.82165e-27
1.84432e-09
5.16084e-26
-1.16571e-25
-1.34202e-08
9.22893e-25
-9.68113e-27
1.86991e-09
-1.4613e-26
9.52565e-27
-1.32245e-08
1.12049e-24
-1.89663e-28
1.88964e-09
-1.44013e-26
0
-1.3073e-08
1.02935e-24
-7.24922e-28
1.90366e-09
5.06611e-27
-6.0998e-27
-1.29651e-08
5.9745e-25
-2.68233e-27
1.91207e-09
7.64844e-28
3.01842e-27
-1.29007e-08
0
0
9.5745e-10
0
0
-6.43967e-09
-6.37588e-23
-9.97602e-24
0
9.33511e-23
-0
3.77473e-22
0
0
3.89486e-22
0
0
4.13146e-21
-4.97002e-23
4.19071e-23
1.55401e-21
1.68841e-21
-1.74579e-20
-6.08469e-22
3.27001e-22
1.21921e-23
3.08022e-21
-1.73275e-21
1.66158e-20
-4.81816e-21
-5.72338e-23
1.18726e-22
-1.50944e-21
1.69767e-21
-1.2509e-20
1.65645e-20
0
1.83386e-23
7.28438e-22
-2.64298e-21
1.01687e-21
-1.46812e-20
2.73512e-22
-7.83723e-23
-4.14498e-21
1.14395e-20
5.22683e-20
-6.11256e-20
-2.93822e-21
6.95726e-24
5.15306e-21
-0
-1.58603e-20
-6.97393e-20
1.53733e-21
-1.65116e-23
-4.14397e-21
-0
-2.86196e-20
-2.47769e-19
-7.50406e-22
-3.89019e-23
-8.60292e-21
3.99116e-21
2.68725e-20
1.81655e-19
3.40768e-21
-5.38726e-24
4.83024e-22
-3.46027e-21
2.80453e-19
6.91878e-21
-1.83496e-21
-7.35279e-23
5.14245e-21
-5.10303e-21
-3.23054e-19
-1.41927e-20
-7.5883e-21
5.04574e-23
3.74083e-22
-5.41835e-21
-2.98616e-19
6.76908e-21
-9.48841e-21
3.12071e-23
-1.59714e-21
6.92551e-21
2.07052e-20
7.22275e-20
4.61691e-21
8.58308e-23
-5.29145e-22
4.10316e-21
4.59721e-20
-2.00225e-20
-2.19374e-21
-6.39271e-22
4.19831e-22
1.95984e-21
1.51216e-21
-3.8842e-21
4.08054e-22
-5.74029e-22
-1.09438e-21
6.03843e-21
-1.43995e-21
5.49412e-21
9.28885e-22
5.36334e-22
-4.21024e-22
-3.77298e-20
6.89463e-21
-6.58021e-21
1.65213e-21
-1.4735e-21
-4.1048e-22
-9.2477e-21
-3.36754e-21
1.82717e-21
5.69794e-22
-1.11653e-21
-1.90744e-23
-1.51108e-21
1.70733e-20
-3.39077e-22
-2.34145e-21
1.96181e-21
4.58229e-23
9.24838e-21
3.22443e-21
7.08243e-21
-7.05343e-22
-3.25382e-21
-1.25066e-23
-2.72059e-20
4.16516e-21
-1.04203e-20
-7.61791e-22
2.85977e-21
9.06882e-23
8.26532e-21
-8.21363e-21
1.84227e-21
9.16712e-22
-7.24405e-22
6.91594e-24
4.26151e-20
-2.29718e-20
1.14843e-20
-2.39534e-21
0
-2.21706e-22
-2.23494e-20
2.48703e-20
-2.88227e-21
5.31296e-22
-3.72262e-22
1.55928e-21
-1.37189e-20
-0
-9.53555e-21
-7.53117e-22
5.84614e-22
-3.19796e-21
8.25461e-21
-7.29955e-22
1.11274e-20
5.44496e-22
-1.8046e-22
3.177e-21
6.42641e-22
-4.84692e-22
6.54991e-21
1.00704e-21
-2.21055e-23
3.94103e-21
2.90812e-21
-1.11705e-21
5.63906e-21
3.39536e-21
-8.69199e-23
2.78162e-21
-1.74132e-21
7.51471e-22
-1.57413e-21
8.46204e-22
9.18386e-23
4.38407e-22
-5.91695e-22
7.68666e-22
2.54476e-21
7.80133e-22
1.43475e-22
-1.77273e-21
9.73097e-23
-3.95396e-22
0
-1.27244e-21
2.65412e-14
4.44563e-06
2.81278e-22
-8.03949e-15
4.64415e-06
-3.28979e-21
-3.16586e-16
5.42036e-08
2.22273e-22
2.48412e-18
-1.08991e-08
-5.33097e-21
8.45917e-17
2.47488e-08
3.74175e-22
8.00098e-19
-3.3619e-08
-6.82131e-21
-2.29575e-17
8.63219e-09
-7.09477e-22
-5.111e-19
-4.38541e-08
-7.02221e-21
6.2288e-18
3.74047e-10
-3.66196e-22
2.00999e-19
-4.51827e-08
-6.44884e-21
-1.6682e-18
-3.29337e-09
-7.65287e-22
-6.8462e-20
-3.94142e-08
-5.55805e-21
4.31111e-19
-4.23756e-09
-3.02561e-22
1.97445e-20
-2.72916e-08
-4.68803e-21
-8.76448e-20
-3.52186e-09
-4.39373e-22
4.20879e-21
-8.91075e-09
-3.12045e-21
-4.75786e-20
-1.73701e-09
7.81108e-22
-4.79568e-20
1.60414e-08
3.06423e-21
2.0941e-19
7.94482e-10
0
2.19536e-19
4.8159e-08
5.08111e-21
-5.05399e-19
3.89428e-09
1.20911e-21
-9.32378e-19
8.82571e-08
2.91072e-21
-2.14781e-17
1.16055e-08
-9.62927e-22
-2.01545e-15
2.16602e-07
1.22686e-21
2.29228e-16
3.13213e-08
-1.42751e-22
-8.43816e-15
5.51095e-07
8.41816e-22
-9.11281e-24
-1.97829e-22
-3.21938e-22
1.69264e-21
1.35045e-21
1.45715e-22
-5.25327e-24
-1.4893e-22
-1.80315e-23
-1.79252e-21
9.59376e-22
-1.01773e-23
2.8742e-25
1.25016e-23
-0
2.10153e-22
1.99934e-21
3.20319e-22
-4.83837e-25
1.44678e-22
7.13381e-23
-1.5391e-21
-1.76782e-22
3.20249e-22
4.86709e-17
8.52938e-09
-3.64633e-23
-1.59995e-15
2.88989e-07
1.55541e-22
1.02889e-19
8.81753e-10
-7.04463e-23
1.25407e-18
4.46851e-08
-5.83037e-23
-1.02701e-19
4.55565e-11
-6.94116e-23
-2.12593e-19
1.648e-08
-8.96259e-23
3.2716e-20
-1.77788e-10
7.01996e-23
3.61636e-20
2.64584e-10
-4.88562e-23
-8.35273e-21
-1.14186e-10
-2.54263e-23
-6.32438e-21
-8.95074e-09
-1.67056e-23
1.9388e-21
6.85471e-11
-2.69814e-23
9.98929e-22
-1.40588e-08
4.81231e-24
-4.24984e-22
2.87546e-10
2.11021e-23
-1.1831e-22
-1.6747e-08
2.22369e-23
9.14891e-23
5.04421e-10
-2.89533e-23
2.04462e-23
-1.80098e-08
3.32761e-23
-1.78191e-23
7.03388e-10
7.37211e-24
-2.6485e-23
-1.84386e-08
3.6902e-23
4.53969e-24
8.79698e-10
-4.96493e-24
2.76975e-23
-1.83872e-08
3.69814e-23
-2.72123e-25
1.0336e-09
-6.2288e-25
6.29053e-24
-1.80684e-08
3.42191e-23
7.86079e-25
1.16732e-09
-3.10935e-25
7.58514e-24
-1.76103e-08
2.99997e-23
1.64888e-25
1.28355e-09
-3.40007e-24
-2.72878e-24
-1.709e-08
2.55176e-23
2.63227e-25
1.38486e-09
1.83705e-24
6.69811e-24
-1.65537e-08
2.08906e-23
1.65401e-25
1.47344e-09
1.51177e-25
-2.9766e-24
-1.60288e-08
1.61958e-23
-7.5008e-27
1.55104e-09
1.48874e-25
3.95204e-25
-1.55314e-08
1.19494e-23
-6.46395e-27
1.61904e-09
5.48237e-25
-1.35144e-25
-1.50705e-08
8.05326e-24
-2.27594e-26
1.6785e-09
-1.43109e-25
-7.54619e-25
-1.46511e-08
4.72334e-24
-1.15192e-25
1.73022e-09
1.74378e-26
-1.02396e-25
-1.42756e-08
2.10511e-24
5.9654e-26
1.77482e-09
-1.43609e-25
2.64734e-25
-1.39452e-08
5.40665e-25
1.24322e-26
1.81275e-09
5.67496e-26
2.22084e-25
-1.366e-08
6.5691e-25
-1.51532e-26
1.84437e-09
-3.82964e-27
-1.35094e-25
-1.34198e-08
8.71254e-25
7.59802e-28
1.86994e-09
-0
4.10523e-26
-1.32241e-08
9.93618e-25
-6.24158e-27
1.88967e-09
7.70418e-27
-4.21802e-26
-1.30726e-08
8.92784e-25
-1.72133e-27
1.90368e-09
3.65293e-27
-9.59468e-27
-1.29648e-08
5.15144e-25
-3.15906e-28
1.91208e-09
-1.10039e-27
9.92518e-28
-1.29004e-08
0
0
9.57456e-10
0
0
-6.43953e-09
1.15458e-22
3.43555e-24
-1.47005e-21
9.77549e-23
5.9788e-21
-1.15706e-20
0
0
-7.36556e-22
0
0
9.84236e-21
-4.90026e-23
-2.18329e-24
0
-5.36385e-22
-7.00661e-22
4.00784e-20
0
4.59923e-24
0
1.45125e-21
5.33134e-22
-1.13124e-21
3.72775e-23
2.0853e-23
1.40262e-21
-6.62767e-21
1.30754e-22
2.24399e-20
-6.11379e-23
6.81126e-23
-2.02738e-21
-4.72437e-21
3.51416e-21
2.76938e-20
8.69213e-22
3.16354e-23
1.92736e-21
1.06496e-21
-4.09022e-20
1.03752e-19
7.4943e-22
1.05136e-23
5.42259e-21
1.37359e-21
6.00746e-20
1.7856e-20
6.64281e-22
-4.92354e-23
-1.14359e-20
8.47131e-21
-3.02991e-20
-4.33774e-20
0
1.72339e-23
1.32669e-20
-0
-4.24602e-20
-1.61351e-19
-4.37383e-21
2.25566e-24
-4.52315e-21
2.27201e-21
-4.88761e-20
4.68119e-20
5.51899e-21
-4.27446e-23
-1.23144e-21
-6.19644e-22
-1.05293e-19
8.80102e-20
5.72616e-21
1.05147e-23
2.15389e-21
-1.30239e-21
2.40286e-19
-1.09364e-19
0
-1.38027e-24
5.82439e-21
6.60559e-21
-9.7307e-20
8.03579e-20
-1.20244e-21
5.43481e-23
-1.52059e-21
-3.23946e-21
-1.69263e-20
-3.84597e-20
7.64521e-22
-4.55877e-22
-2.00219e-22
1.84506e-20
-9.8355e-21
-1.87793e-20
1.24924e-21
8.56208e-22
0
5.64743e-22
1.06132e-21
-5.34153e-21
2.28482e-21
0
-5.88333e-22
7.00471e-21
8.34446e-21
1.60572e-21
1.38496e-21
6.59492e-22
-2.10663e-22
-5.95423e-21
-7.96672e-21
-1.48885e-21
-3.15516e-22
1.2289e-21
-1.44239e-23
2.05958e-21
-1.15048e-20
-1.67194e-21
-5.1987e-22
6.24912e-22
-3.98569e-23
-7.99588e-21
-1.21402e-20
-4.06721e-21
-4.2972e-22
-2.78158e-21
-1.30783e-23
4.75951e-21
-7.76196e-21
4.19491e-21
-2.74708e-21
-1.13042e-21
-2.63941e-22
7.39366e-22
2.5133e-20
1.9964e-20
-1.63971e-22
1.15481e-21
-2.21107e-22
4.35677e-21
-1.19581e-20
-1.64929e-20
-6.85493e-22
-5.84395e-22
2.9688e-22
-2.07016e-21
-0
-2.82896e-21
-1.89979e-21
-5.97367e-22
-1.47235e-21
0
2.34447e-21
-1.35066e-21
2.61215e-21
3.16064e-22
1.35469e-21
-3.19131e-21
-0
-1.60303e-20
2.08908e-21
-2.53077e-22
-2.37138e-22
-5.14746e-21
1.85774e-22
-1.09253e-21
1.79013e-21
-2.33351e-23
-9.18964e-22
-1.07204e-21
3.63787e-22
-2.8283e-21
3.41643e-21
-3.95607e-23
2.81707e-21
-9.38447e-22
1.13416e-22
7.90791e-22
2.32251e-21
-1.46129e-23
-1.55549e-21
-3.78683e-22
6.2021e-22
3.20097e-21
2.05899e-21
-1.05548e-22
-5.1326e-22
-9.2617e-23
-3.94263e-23
4.92323e-22
6.20506e-22
2.44787e-14
4.48073e-06
-3.10097e-22
-8.27603e-15
4.71499e-06
-1.31827e-21
-2.88625e-16
5.43656e-08
-8.35204e-23
3.0582e-18
-1.26673e-09
-3.96211e-21
7.65047e-17
2.53522e-08
2.72033e-22
5.81376e-19
-2.46212e-08
-5.76357e-21
-2.06559e-17
9.41231e-09
6.69244e-22
-4.3635e-19
-3.59171e-08
-6.27637e-21
5.58668e-18
1.15434e-09
-2.66739e-22
1.76042e-19
-3.87293e-08
-5.51122e-21
-1.49428e-18
-2.6363e-09
1.63178e-22
-6.01124e-20
-3.49113e-08
-3.77371e-21
3.88423e-19
-3.79693e-09
1.02179e-21
1.81563e-20
-2.53017e-08
-1.60136e-21
-8.74977e-20
-3.3794e-09
2.44842e-22
1.98582e-22
-1.0166e-08
2.01118e-21
-1.42433e-20
-1.97997e-09
-5.93766e-22
-2.67037e-20
1.05156e-08
4.35981e-21
1.0797e-19
5.32844e-11
-4.75923e-22
1.18285e-19
3.68148e-08
3.84216e-21
-2.85604e-19
2.4871e-09
1.62622e-22
-4.97944e-19
6.85761e-08
2.31642e-21
9.28557e-19
5.09769e-09
1.36638e-22
4.13186e-18
1.0488e-07
1.00416e-21
1.65072e-17
1.23609e-08
4.77287e-22
-1.90703e-15
2.37342e-07
5.53647e-22
1.48477e-16
2.13679e-08
4.92136e-23
-4.41341e-15
4.10666e-07
9.61526e-23
2.71431e-16
2.75379e-08
1.7987e-23
-5.71845e-15
5.59777e-07
-8.03894e-23
2.14129e-16
2.21979e-08
1.02496e-23
-4.35212e-15
5.06679e-07
-4.34682e-23
7.74481e-17
1.14527e-08
-4.82587e-23
-2.03086e-15
3.1737e-07
-3.25487e-24
7.77918e-18
3.79379e-09
8.94164e-23
-5.22964e-16
1.42524e-07
-2.39275e-23
3.63389e-20
5.69647e-10
-2.26822e-23
2.15249e-19
3.35189e-08
-4.80833e-23
-1.95153e-20
-2.45346e-11
1.32883e-23
-3.77846e-20
1.13412e-08
-3.58369e-23
5.88167e-21
-1.67624e-10
-2.22615e-23
6.86555e-21
-2.19819e-09
-2.1761e-23
-1.48586e-21
-8.2683e-11
-2.40803e-23
-1.08872e-21
-1.01709e-08
-6.55196e-24
3.45594e-22
1.00867e-10
2.12197e-23
2.6199e-22
-1.46794e-08
8.66704e-24
-7.51848e-23
3.14547e-10
6.61973e-24
-3.63055e-23
-1.7069e-08
2.29069e-23
1.69187e-23
5.25172e-10
-0
1.86112e-23
-1.81792e-08
3.20461e-23
-2.63353e-24
7.18665e-10
2.30289e-24
-1.69233e-23
-1.85282e-08
3.65198e-23
8.05104e-25
8.90662e-10
-1.16133e-24
3.66479e-24
-1.84345e-08
3.64314e-23
-7.13921e-26
1.04134e-09
1.16398e-24
-5.78321e-24
-1.8093e-08
3.36629e-23
2.97215e-25
1.17271e-09
2.0313e-24
-3.0952e-24
-1.76228e-08
3.00364e-23
1.07905e-25
1.28728e-09
-2.88188e-25
-7.47247e-24
-1.7096e-08
2.54408e-23
9.43383e-26
1.38742e-09
7.13059e-25
-2.24189e-24
-1.65563e-08
2.07567e-23
1.27151e-25
1.47518e-09
4.22189e-25
-1.82174e-25
-1.60296e-08
1.61243e-23
1.14422e-25
1.55223e-09
-4.15496e-25
8.28919e-25
-1.55313e-08
1.18744e-23
-2.8469e-25
1.61984e-09
-1.69915e-25
3.8476e-25
-1.507e-08
8.05049e-24
8.54789e-26
1.67904e-09
-2.65984e-25
2.16544e-25
-1.46505e-08
4.82773e-24
3.08004e-26
1.73059e-09
1.61966e-25
-3.24037e-25
-1.4275e-08
2.254e-24
-1.21528e-26
1.77506e-09
3.9209e-26
-1.04753e-25
-1.39447e-08
7.0168e-25
-4.89362e-26
1.81292e-09
1.5041e-26
7.1836e-26
-1.36595e-08
6.72004e-25
-3.00044e-27
1.84448e-09
-3.54921e-27
2.85516e-26
-1.34194e-08
7.83352e-25
-1.13702e-26
1.87001e-09
-6.51881e-27
1.06653e-26
-1.32238e-08
8.43498e-25
5.50316e-27
1.88971e-09
-2.84658e-27
8.48203e-27
-1.30723e-08
7.46298e-25
-1.77898e-27
1.90371e-09
-0
1.15061e-26
-1.29645e-08
4.27453e-25
2.41814e-28
1.9121e-09
-0
-1.9173e-27
-1.29001e-08
0
0
9.57463e-10
0
0
-6.43938e-09
-6.15416e-23
-9.03464e-24
-1.04629e-21
-7.23042e-22
-1.05571e-21
8.41575e-21
0
0
6.99873e-22
0
0
-0
-2.46804e-23
1.05676e-23
3.45182e-21
-6.29846e-22
-8.8138e-22
2.0125e-21
-8.96643e-23
1.72147e-23
-2.71162e-21
2.2014e-21
3.93021e-22
-3.28412e-20
-7.81132e-23
0
6.59618e-22
-4.40213e-21
-1.10432e-20
3.42696e-20
-1.93001e-24
-2.50146e-23
-5.71713e-21
-0
2.14313e-20
5.97844e-21
1.19932e-22
-3.23131e-23
4.23481e-21
-1.10113e-21
3.27225e-20
2.65598e-20
7.69731e-22
-3.39749e-23
-2.27814e-21
-0
-8.89883e-20
1.80415e-19
-1.84042e-21
2.39316e-23
1.05986e-21
-3.29482e-21
6.90594e-20
-2.15663e-20
2.68404e-21
-3.16175e-23
-1.2179e-21
-1.90626e-21
4.62517e-20
2.99459e-20
-2.82436e-22
-2.23898e-24
-4.30931e-21
1.0636e-21
-4.42529e-20
3.16216e-20
2.46667e-21
1.23869e-23
5.92312e-22
-1.71811e-21
-4.25569e-20
-5.06657e-20
-5.15511e-21
-1.0006e-25
1.55765e-21
1.4894e-21
6.3102e-20
-6.00406e-20
-9.75927e-22
0
-2.96092e-22
-1.03377e-20
-6.30218e-20
4.30492e-20
1.27757e-21
-6.20212e-23
9.80755e-22
-1.75031e-21
3.4884e-20
9.09169e-21
6.12499e-22
1.78235e-22
-1.94203e-22
6.33984e-21
-9.29736e-21
1.43477e-20
5.74959e-22
2.62102e-22
-1.0101e-21
3.75659e-21
0
2.57853e-21
-2.64235e-22
6.7545e-22
-9.71258e-23
-1.95662e-20
-0
-1.57445e-21
-1.03697e-21
-9.75152e-22
8.23104e-23
8.68282e-21
-0
1.5328e-21
-1.49029e-21
-5.36074e-22
7.13263e-23
4.99157e-21
-1.9685e-21
-8.27462e-22
-2.3832e-21
-5.31662e-22
6.87568e-24
-2.15543e-21
2.55528e-21
0
-2.61697e-21
4.52621e-22
-2.96167e-23
-3.88322e-21
1.57617e-21
1.29813e-20
-1.13294e-21
-5.41214e-22
-5.14883e-24
3.71784e-21
-1.82612e-21
-5.31206e-21
9.67158e-24
-1.40853e-22
9.2389e-23
-1.1825e-22
1.86486e-21
5.09505e-21
-4.49988e-22
3.70134e-22
6.92342e-22
1.70658e-21
-1.6217e-21
0
-2.02661e-21
4.55799e-22
-9.22907e-22
-4.67601e-21
9.00694e-22
1.28772e-21
1.37644e-22
-1.65956e-22
2.65942e-22
-3.13404e-21
-9.9873e-23
5.9648e-21
9.77921e-22
1.71355e-23
-8.56189e-22
3.07055e-21
-4.83061e-22
1.17407e-20
2.04873e-21
4.54767e-23
-6.29448e-22
-1.00393e-21
4.53716e-22
-9.26947e-22
4.11208e-21
-1.43443e-22
2.50546e-21
3.46498e-22
-8.85276e-22
-4.68534e-21
3.81931e-21
4.00875e-22
1.13735e-21
-1.72736e-22
5.11664e-22
-1.2691e-21
3.36372e-21
6.24307e-23
-1.04498e-21
8.3668e-23
-3.34198e-22
4.90697e-22
2.01499e-21
2.05098e-14
4.34028e-06
-3.96914e-23
-7.81133e-15
4.61334e-06
2.6329e-22
-2.38725e-16
5.18605e-08
-2.60152e-22
3.3444e-18
1.11699e-08
-1.61105e-21
6.26663e-17
2.48366e-08
5.15828e-23
3.30807e-19
-1.19901e-08
-3.26027e-21
-1.68086e-17
9.87138e-09
-7.46324e-23
-3.32312e-19
-2.41853e-08
-3.95705e-21
4.52719e-18
1.99986e-09
-1.41644e-22
1.40057e-19
-2.87372e-08
-3.46475e-21
-1.20866e-18
-1.75313e-09
2.5156e-23
-4.88198e-20
-2.74169e-08
-2.20027e-21
3.16563e-19
-3.09358e-09
-4.39125e-23
1.59569e-20
-2.10935e-08
-2.73474e-22
-8.04528e-20
-3.00524e-09
-3.37962e-22
-4.778e-21
-1.01609e-08
1.48259e-21
1.96269e-20
-2.05572e-09
6.26278e-22
1.18268e-21
5.15995e-09
2.39452e-21
-4.56298e-21
-5.90942e-10
-5.05583e-22
-9.03712e-22
2.45433e-08
2.18954e-21
1.27092e-21
1.13912e-09
1.17123e-22
4.27737e-22
4.72132e-08
1.4443e-21
-1.57934e-19
2.88793e-09
-1.41062e-22
-4.32818e-19
7.13989e-08
8.54234e-22
-8.3305e-20
4.33946e-09
-5.45903e-23
-7.0172e-19
9.35082e-08
3.47134e-22
-3.27517e-19
5.10257e-09
-6.37142e-23
3.9683e-18
1.07761e-07
6.24353e-23
-9.44334e-19
4.89195e-09
1.00952e-23
4.99088e-18
1.08386e-07
-6.84238e-23
-7.89126e-19
3.80509e-09
2.41549e-23
3.80922e-18
9.39444e-08
-8.10268e-23
-2.45766e-19
2.34736e-09
-7.22941e-23
1.8466e-18
6.94342e-08
-7.09667e-23
8.26527e-21
1.08029e-09
3.41469e-23
2.60852e-19
4.30221e-08
-5.70351e-23
-3.39012e-23
2.79257e-10
5.29921e-23
5.36911e-23
2.08183e-08
-3.75609e-23
1.34896e-23
-7.85363e-11
-1.22601e-23
9.97035e-23
4.86713e-09
-2.50898e-23
-3.18065e-24
-1.36756e-10
2.7147e-23
-1.62751e-22
-5.55527e-09
-1.16154e-23
1.31745e-24
-2.96671e-11
-2.18823e-23
3.97467e-24
-1.19478e-08
2.94908e-25
8.52917e-25
1.5239e-10
1.91867e-23
-5.73696e-23
-1.56386e-08
1.14932e-23
1.1805e-24
3.5722e-10
-5.96152e-24
6.99264e-23
-1.75956e-08
2.17203e-23
6.97723e-25
5.58026e-10
-6.10045e-24
0
-1.8472e-08
2.87801e-23
7.2179e-25
7.4295e-10
-0
1.4513e-23
-1.86925e-08
3.19653e-23
7.84098e-25
9.08159e-10
5.18592e-24
0
-1.85271e-08
3.22403e-23
6.33987e-25
1.05373e-09
-1.03753e-24
4.92191e-24
-1.81452e-08
3.02123e-23
3.24318e-25
1.18137e-09
2.58236e-24
3.60286e-24
-1.7652e-08
2.71691e-23
6.84912e-26
1.29327e-09
-0
2.34372e-24
-1.71122e-08
2.29398e-23
1.81296e-25
1.39153e-09
3.79742e-25
5.08132e-25
-1.65651e-08
1.8704e-23
-2.00238e-25
1.47799e-09
-4.9913e-25
7.71056e-25
-1.60343e-08
1.45682e-23
8.35855e-26
1.55413e-09
1.22696e-25
-9.31072e-25
-1.55336e-08
1.0718e-23
-4.73515e-26
1.62113e-09
-9.02464e-26
-9.31044e-26
-1.50711e-08
7.30512e-24
7.76716e-26
1.67991e-09
1.17642e-25
-2.11657e-25
-1.46508e-08
4.43952e-24
2.25321e-26
1.73117e-09
-1.43172e-26
2.74565e-25
-1.4275e-08
2.17654e-24
-1.54491e-27
1.77545e-09
-8.31199e-26
-7.61109e-26
-1.39445e-08
7.68098e-25
9.2653e-27
1.81317e-09
-3.98213e-26
4.08047e-26
-1.36593e-08
6.40804e-25
-8.04771e-27
1.84465e-09
1.87711e-26
2.59807e-26
-1.34191e-08
6.65842e-25
-7.1865e-27
1.87012e-09
-2.86828e-27
-2.59355e-26
-1.32235e-08
6.86239e-25
-8.66612e-28
1.88978e-09
4.99764e-27
1.16451e-26
-1.3072e-08
5.90854e-25
-5.41774e-27
1.90375e-09
-9.80692e-28
3.17891e-27
-1.29642e-08
3.35521e-25
-1.81461e-27
1.91213e-09
-5.84692e-28
-2.67524e-27
-1.28998e-08
0
0
9.57472e-10
0
0
-6.43923e-09
-5.61344e-23
0
-2.67241e-21
1.89346e-22
-1.26194e-22
9.45184e-21
0
0
6.70777e-22
0
0
6.76762e-21
-1.2312e-22
8.69834e-24
-3.63132e-21
-7.69615e-23
-7.98938e-22
-6.27518e-21
-2.13703e-22
-2.52263e-23
-1.29447e-21
3.46351e-21
9.74458e-22
4.31734e-20
-1.18337e-22
-2.28669e-23
4.40337e-21
-3.16309e-21
-3.41779e-22
-3.72848e-20
-3.48501e-23
8.41283e-23
-1.81728e-21
2.47471e-21
-9.70218e-21
-1.63986e-20
-9.77509e-24
-1.2081e-22
-2.88807e-21
5.18272e-21
-2.57838e-20
-8.71599e-20
4.82984e-22
-1.6488e-22
-5.72326e-21
-1.88906e-21
-2.25258e-20
-2.22967e-19
6.63852e-22
3.17294e-24
-3.30673e-21
-2.22055e-21
4.65548e-20
-2.10122e-20
8.00665e-22
-5.15585e-23
-5.32592e-21
2.10431e-21
-4.94265e-20
-3.99415e-20
-2.48166e-21
4.1679e-24
5.4436e-21
-2.7778e-21
1.02853e-19
-1.18693e-20
2.12454e-22
4.01581e-25
4.20709e-21
4.43447e-21
-8.3286e-20
-5.89569e-21
-2.25146e-22
-2.91805e-23
-3.52919e-21
-6.28028e-21
-1.17896e-20
-1.67463e-20
9.1958e-22
-9.5444e-23
7.78566e-21
4.23849e-21
1.77142e-20
3.01463e-20
-6.83776e-22
4.55217e-23
-4.55695e-21
-0
1.27183e-20
-4.27949e-21
0
-1.31228e-22
-1.91492e-22
-1.14173e-21
-5.90745e-21
-2.38962e-20
3.652e-22
0
0
-8.24463e-22
0
-0
-4.82941e-23
-1.43154e-21
2.02079e-22
-5.36887e-21
4.56278e-21
-7.77955e-22
-8.92378e-22
7.8059e-22
-6.30448e-23
-2.37289e-21
2.12966e-21
-1.30961e-21
-4.53118e-22
3.14971e-22
-3.36079e-23
5.54947e-21
1.2101e-20
-4.53709e-23
-2.76255e-22
0
7.38813e-23
4.61264e-21
-7.69346e-21
-2.77108e-21
8.76241e-23
-6.50777e-22
4.79073e-23
-4.00218e-22
1.13519e-21
-1.4179e-20
-6.96387e-22
-3.62592e-22
-1.32878e-22
2.23572e-21
-3.70773e-21
5.7851e-21
-1.14478e-23
-1.81639e-22
3.70529e-23
4.25759e-22
6.09172e-22
1.21241e-20
4.71184e-22
-8.05854e-23
-1.55559e-21
0
5.36076e-22
0
-2.36697e-22
-2.86399e-22
-1.29633e-21
4.47408e-21
-2.11212e-22
0
-1.2399e-22
1.89254e-22
1.79783e-21
9.528e-22
2.66216e-22
5.65865e-21
-8.6636e-23
0
3.83713e-22
1.63514e-21
-2.58369e-23
-9.22788e-21
1.68666e-21
-1.9246e-22
-3.27079e-22
1.74829e-21
2.72033e-22
-1.79612e-21
2.55581e-21
0
1.80454e-21
-7.4289e-22
-1.52878e-22
7.60107e-22
2.34954e-21
7.06615e-23
9.44597e-22
-5.85016e-22
1.08735e-22
3.09903e-21
3.04666e-21
-1.27646e-22
-1.34153e-21
2.80322e-22
-2.32467e-22
2.89683e-21
2.56111e-21
1.48175e-14
3.92386e-06
3.29521e-23
-6.33428e-15
4.2223e-06
1.4222e-21
-1.70062e-16
4.56923e-08
-1.53178e-23
3.032e-18
2.48291e-08
9.82817e-23
4.41637e-17
2.25485e-08
4.93082e-22
1.17717e-19
3.05265e-09
-1.109e-21
-1.17558e-17
9.59613e-09
7.68127e-23
-2.14585e-19
-9.55346e-09
-1.69719e-21
3.15023e-18
2.6632e-09
-2.75475e-22
9.5217e-20
-1.57842e-08
-1.60052e-21
-8.38361e-19
-7.71909e-10
-1.62159e-22
-3.37834e-20
-1.71686e-08
-1.07076e-21
2.19262e-19
-2.1618e-09
5.62625e-22
1.10342e-20
-1.45023e-08
-2.98255e-22
-5.57502e-20
-2.34991e-09
-2.98554e-22
-3.48e-21
-8.21232e-09
5.67365e-22
1.36396e-20
-1.82829e-09
-7.40385e-23
1.58145e-21
1.3731e-09
1.07548e-21
-3.11777e-21
-9.0212e-10
1.9698e-22
-7.30448e-22
1.37747e-08
1.11239e-21
5.97289e-22
2.06797e-10
1.64651e-22
6.35746e-22
2.80836e-08
8.35905e-22
4.1406e-20
1.29392e-09
-8.43492e-23
8.44707e-20
4.26468e-08
4.88494e-22
3.97746e-20
2.14297e-09
-5.17732e-23
1.34385e-19
5.48826e-08
1.92699e-22
-8.15912e-20
2.55492e-09
1.67511e-23
-7.37607e-19
6.16857e-08
3.0878e-23
-1.59013e-20
2.4377e-09
1.21676e-23
-9.16719e-19
6.07136e-08
-4.29398e-23
2.45787e-21
1.88664e-09
2.6366e-23
-7.02904e-19
5.19047e-08
-5.47163e-23
-1.7034e-20
1.15297e-09
4.5577e-23
-3.48358e-19
3.7815e-08
-4.59883e-23
-8.68137e-21
5.01795e-10
-4.61669e-23
-5.11332e-20
2.22587e-08
-3.10388e-23
9.6526e-24
8.32277e-11
3.72904e-23
4.05736e-23
8.39777e-09
-1.998e-23
-2.70113e-24
-8.83902e-11
-5.3115e-23
2.26376e-22
-2.25243e-09
-1.06079e-23
1.51454e-24
-7.4695e-11
5.81951e-24
5.77771e-23
-9.60003e-09
-2.92431e-24
1.90877e-25
4.94527e-11
-6.20615e-24
-1.0326e-22
-1.42561e-08
3.82982e-24
5.00837e-25
2.25831e-10
1.94715e-23
3.85409e-23
-1.69672e-08
1.07491e-23
2.03304e-25
4.17597e-10
-1.50515e-23
2.5405e-23
-1.8367e-08
1.71455e-23
3.57192e-25
6.04618e-10
-3.40902e-24
-7.40989e-24
-1.89232e-08
2.18284e-23
3.02844e-25
7.77546e-10
-4.30546e-24
-8.48449e-24
-1.89578e-08
2.41571e-23
5.59073e-25
9.33193e-10
-1.72812e-24
-2.13691e-23
-1.86837e-08
2.46451e-23
1.77103e-25
1.07151e-09
-4.3115e-25
-5.16088e-25
-1.82378e-08
2.336e-23
-2.27033e-25
1.19382e-09
1.07095e-24
-2.35354e-24
-1.77067e-08
2.06909e-23
-3.442e-25
1.3019e-09
-8.48221e-25
-8.7562e-25
-1.71445e-08
1.76488e-23
-1.38297e-25
1.39746e-09
1.0466e-25
-1.85202e-24
-1.6584e-08
1.43738e-23
7.67196e-27
1.48203e-09
-3.09137e-25
1.2976e-24
-1.60453e-08
1.12115e-23
1.86293e-26
1.55686e-09
5.06078e-26
-1.80847e-25
-1.554e-08
8.30069e-24
1.63815e-27
1.62297e-09
-0
-3.91911e-26
-1.50747e-08
5.7153e-24
-2.93751e-26
1.68114e-09
-7.26589e-26
-5.09218e-26
-1.46528e-08
3.55299e-24
-2.64509e-26
1.73199e-09
-0
-4.95554e-26
-1.42761e-08
1.81713e-24
-1.70816e-26
1.776e-09
2.84769e-26
1.06887e-26
-1.3945e-08
7.13875e-25
7.39991e-28
1.81353e-09
-0
-2.75261e-26
-1.36595e-08
5.50702e-25
-1.08557e-26
1.84488e-09
-5.13481e-27
-8.77438e-27
-1.34191e-08
5.19109e-25
-9.59912e-28
1.87027e-09
5.87617e-27
-2.74359e-26
-1.32234e-08
5.01985e-25
-2.04175e-27
1.88987e-09
2.04357e-27
-9.89548e-27
-1.30719e-08
4.19156e-25
1.06862e-27
1.90381e-09
-1.99898e-27
9.06839e-28
-1.2964e-08
2.33872e-25
3.16519e-29
1.91216e-09
-2.37214e-28
1.15845e-27
-1.28996e-08
0
0
9.57482e-10
0
0
-6.4391e-09
-6.77532e-23
-9.73195e-24
-8.0911e-22
3.37375e-23
2.91566e-22
-3.45223e-20
0
0
2.27506e-21
0
0
1.54876e-20
-9.6549e-23
2.25577e-23
3.19662e-21
-1.06162e-21
-8.9739e-22
-8.39496e-21
-2.45528e-22
1.5021e-23
-2.5054e-21
2.04122e-22
1.49356e-22
3.53408e-20
5.21106e-24
-3.0792e-23
1.52136e-21
-2.16821e-21
2.77578e-21
-7.51806e-20
-2.87765e-24
-4.04411e-23
-3.80968e-21
6.88734e-22
-2.66616e-21
5.49162e-20
-2.22092e-23
7.68486e-23
-3.07619e-21
-3.80983e-21
-1.77891e-20
-8.43275e-20
-6.4857e-23
-6.03289e-23
1.32126e-20
1.5142e-21
0
8.25343e-20
-1.07438e-22
3.65015e-23
-2.65584e-21
-0
-3.97791e-20
1.37092e-19
-4.0754e-23
-2.48959e-23
-1.56938e-22
-0
-4.41181e-21
-1.08585e-20
1.03823e-22
-4.8136e-24
3.1218e-21
5.33639e-22
-9.02123e-21
9.49986e-20
1.20266e-22
-5.97199e-24
-1.12082e-21
-2.45854e-22
1.26864e-20
6.62676e-20
3.93046e-22
1.57133e-23
-1.81005e-21
-7.64455e-22
1.44127e-20
5.74927e-20
-6.83113e-23
1.60896e-23
1.55815e-21
2.83352e-21
-1.09704e-20
-4.25036e-20
4.82374e-22
1.41391e-22
-2.01431e-21
-2.16977e-21
0
2.02595e-20
3.38372e-22
-1.29003e-22
1.72079e-21
6.69619e-22
4.65095e-21
-0
9.73422e-23
-1.30376e-22
-8.10697e-22
8.37301e-21
-1.78517e-23
-4.83246e-21
-1.13851e-23
-1.16274e-22
1.07469e-22
5.1269e-22
2.66849e-21
7.7501e-22
-2.7553e-23
3.78074e-22
0
-4.59673e-21
-2.85222e-21
-1.76831e-21
-5.01686e-22
-2.13582e-22
9.88057e-23
-6.36374e-22
1.00677e-21
9.6796e-23
-2.29474e-22
1.77474e-22
-1.13342e-22
-8.72424e-22
1.25877e-21
1.93472e-22
-2.32459e-22
-5.1836e-23
-9.65248e-23
-2.92758e-21
4.34117e-21
-1.90522e-21
-2.93352e-23
0
4.28912e-23
-3.37724e-22
-2.30344e-21
3.82015e-21
-3.17156e-23
-2.76577e-23
-2.28234e-22
-4.32696e-22
3.73751e-22
-6.26747e-21
-7.1244e-23
-4.95987e-23
-1.67334e-22
-1.06925e-21
-3.32222e-22
-4.45987e-21
-3.92189e-22
1.3674e-22
1.29347e-21
-1.24965e-21
1.68851e-22
-6.70932e-21
0
3.05834e-23
2.01649e-22
-1.14778e-21
3.8086e-23
2.13595e-21
2.7321e-22
-3.27869e-23
-5.35503e-22
2.13261e-22
1.79493e-23
-2.93755e-21
1.055e-21
8.38795e-23
8.52039e-22
-2.23709e-22
0
2.59424e-21
1.34456e-21
2.14506e-23
-4.19861e-22
5.61375e-22
-3.96502e-23
0
1.91914e-21
0
-1.51365e-21
1.63453e-22
-9.00063e-23
-1.18922e-21
2.03852e-21
-1.51881e-23
8.46557e-22
-5.15914e-23
-4.78606e-23
-2.79358e-21
1.79288e-21
6.5562e-15
2.46916e-06
3.60667e-23
-3.06351e-15
2.68013e-06
1.20986e-21
-7.47335e-17
3.52162e-08
2.7753e-24
1.58797e-18
3.82356e-08
5.71607e-22
1.92043e-17
1.79916e-08
-1.01487e-22
5.37077e-22
1.92211e-08
-6.98606e-23
-5.07285e-18
8.23443e-09
7.33513e-23
-8.34837e-20
6.92126e-09
-4.5335e-22
1.35228e-18
2.90422e-09
-2.28813e-22
3.94872e-20
-6.76001e-10
-5.3323e-22
-3.58665e-19
1.55626e-10
1.14711e-22
-1.42953e-20
-4.69208e-09
-3.16606e-22
9.36324e-20
-1.08149e-09
-1.72862e-22
4.51999e-21
-5.7315e-09
4.47668e-23
-2.38148e-20
-1.4313e-09
-4.15708e-23
-1.30479e-21
-4.1444e-09
3.43609e-22
5.85251e-21
-1.25984e-09
8.49763e-23
4.11542e-22
-2.24716e-10
4.89605e-22
-1.36825e-21
-7.94496e-10
2.67335e-23
-2.58979e-22
5.61256e-09
4.68203e-22
3.19166e-22
-1.97181e-10
0
2.44015e-22
1.26594e-08
3.39023e-22
-8.69837e-21
3.937e-10
-1.2151e-22
-1.51275e-20
1.97845e-08
1.98045e-22
-9.70494e-21
8.5074e-10
4.59786e-23
-2.32378e-20
2.54643e-08
7.79979e-23
3.00149e-20
1.07592e-09
7.24961e-24
1.25668e-19
2.81239e-08
1.02416e-23
2.34018e-20
1.0376e-09
-1.98479e-23
1.55924e-19
2.6757e-08
-1.9082e-23
1.50535e-20
7.92329e-10
-1.23831e-23
1.20004e-19
2.14748e-08
-2.39467e-23
9.8511e-21
4.61376e-10
9.55555e-24
6.05138e-20
1.35303e-08
-1.88476e-23
2.32426e-21
1.70689e-10
-3.69987e-23
9.11647e-21
4.73763e-09
-1.19965e-23
-1.85079e-24
-2.36871e-12
7.28799e-24
0
-3.30595e-09
-6.29099e-24
8.74891e-25
-4.26091e-11
-2.86066e-23
-1.17019e-22
-9.69095e-09
-2.57887e-24
1.17861e-25
2.35873e-11
-8.85463e-24
-6.76227e-23
-1.42056e-08
5.09072e-25
1.65503e-25
1.56701e-10
7.02223e-24
-4.59475e-24
-1.70751e-08
3.48463e-24
1.31063e-25
3.22193e-10
-0
-1.53934e-23
-1.8685e-08
6.59222e-24
2.63629e-25
4.96382e-10
2.49272e-24
-2.45192e-23
-1.94124e-08
9.645e-24
1.62935e-25
6.65542e-10
-1.26465e-24
-6.73639e-24
-1.95594e-08
1.19193e-23
-2.01143e-26
8.22962e-10
4.45554e-24
5.30652e-24
-1.93451e-08
1.29527e-23
7.60863e-27
9.66182e-10
-1.59175e-24
5.78815e-24
-1.89194e-08
1.32147e-23
7.93272e-26
1.09502e-09
1.26745e-24
7.56051e-25
-1.83813e-08
1.25447e-23
5.83197e-26
1.21033e-09
-3.14122e-25
9.86168e-25
-1.77941e-08
1.1256e-23
6.66551e-26
1.31334e-09
-6.20798e-25
1.60637e-24
-1.71976e-08
9.64033e-24
-1.31009e-26
1.40532e-09
-4.58852e-25
-4.18383e-25
-1.66164e-08
7.90322e-24
-1.40487e-26
1.48739e-09
1.12791e-25
-2.72293e-25
-1.60649e-08
6.2279e-24
2.21566e-27
1.56049e-09
3.68871e-26
4.42854e-25
-1.55519e-08
4.66772e-24
-8.19846e-26
1.62541e-09
-7.22151e-26
-3.74354e-25
-1.50818e-08
3.28981e-24
2.6778e-26
1.68278e-09
3.52441e-26
1.12267e-25
-1.46571e-08
2.08846e-24
7.59191e-28
1.73308e-09
4.28302e-26
-4.85686e-26
-1.42787e-08
1.11689e-24
-1.30647e-27
1.77672e-09
4.13853e-27
4.71586e-26
-1.39465e-08
4.69742e-25
1.11977e-26
1.814e-09
-0
4.05077e-26
-1.36603e-08
3.5414e-25
-1.42637e-27
1.84519e-09
-7.4542e-27
-9.69584e-27
-1.34195e-08
3.07772e-25
3.86921e-28
1.87047e-09
5.96826e-27
4.05108e-27
-1.32236e-08
2.75396e-25
-1.68234e-27
1.89e-09
-1.48201e-27
-4.88982e-27
-1.30719e-08
2.20066e-25
-4.8849e-28
1.90388e-09
1.15987e-27
6.09353e-27
-1.2964e-08
1.19822e-25
-4.96823e-28
1.9122e-09
-0
5.84274e-28
-1.28994e-08
0
0
9.57492e-10
0
0
-6.439e-09
-4.03374e-23
1.15852e-24
1.11128e-21
1.23336e-22
-9.27181e-23
-3.52887e-20
0
0
1.11594e-21
0
0
8.79075e-21
-5.19174e-23
-8.82781e-25
-4.23347e-21
-1.40277e-22
-4.35545e-22
2.49914e-20
-8.98574e-23
-9.73897e-24
-7.68022e-22
-6.4951e-23
-5.24716e-22
-9.05763e-21
-8.56517e-23
-1.13476e-23
2.98481e-21
6.72964e-22
3.61961e-21
-2.7044e-20
-1.2902e-22
-1.7478e-23
-8.62592e-22
4.19517e-22
2.77152e-21
4.36618e-20
-5.19303e-23
-1.60262e-23
-3.84298e-21
1.14234e-21
1.28326e-21
6.61759e-20
-2.45489e-23
4.36645e-24
9.08405e-22
7.46573e-22
-1.63845e-21
1.80296e-20
-1.74659e-23
-9.39822e-24
4.85685e-22
1.70653e-22
3.8724e-21
2.46401e-20
1.06704e-22
-7.66629e-24
-2.00718e-21
9.4664e-23
6.36612e-21
-1.14832e-19
1.08442e-22
1.9928e-24
1.22973e-21
-5.09377e-23
1.50756e-20
-2.66967e-20
2.29053e-23
2.5121e-24
-3.86789e-21
2.12597e-22
-4.02986e-21
-5.26136e-21
7.9129e-23
-1.23974e-23
-5.68839e-21
-4.3e-22
1.72302e-21
-9.46395e-20
-5.7205e-23
-2.87761e-23
-9.82113e-22
8.4261e-22
-3.96959e-21
-2.25732e-20
2.97404e-23
0
3.53835e-22
-1.39856e-21
8.72604e-22
7.79003e-21
5.23983e-23
5.15542e-23
-1.34443e-21
-3.66247e-22
-1.05405e-21
1.58237e-20
2.19853e-23
1.08989e-22
-1.12974e-21
-1.93984e-21
0
1.18467e-21
2.09124e-23
0
7.38082e-22
1.09268e-21
-0
7.76231e-22
-1.27864e-23
5.49751e-23
-1.66486e-22
-2.18405e-21
-3.52968e-22
-3.76773e-22
-8.87455e-23
-1.4292e-22
9.39239e-23
1.29293e-21
-2.4881e-22
3.65506e-24
0
0
1.37437e-22
1.05358e-21
-6.17107e-22
0
0
0
1.59418e-23
-5.20332e-22
-1.75336e-22
-3.32981e-21
6.38973e-24
-2.68323e-23
1.03621e-22
4.52824e-23
4.60628e-22
5.22146e-21
-1.82928e-23
9.89307e-24
3.37607e-22
7.54687e-23
2.23578e-22
-1.15663e-20
1.38947e-22
1.19131e-23
-8.71741e-22
-2.85613e-22
1.00077e-22
8.84419e-21
-7.97664e-23
1.98178e-23
1.08002e-21
-9.68224e-22
-9.93235e-23
2.11056e-21
-2.95315e-23
-4.59926e-23
-1.795e-21
2.28415e-22
-2.54676e-23
-2.03721e-21
1.20317e-22
-4.49021e-23
-1.38556e-22
-2.48488e-22
3.68457e-23
1.88468e-21
3.07873e-22
-2.39179e-23
2.11138e-21
3.19756e-22
-2.53786e-23
8.37372e-22
5.32649e-22
-5.65479e-24
-2.18491e-22
-1.26299e-22
6.7196e-23
4.27113e-21
6.794e-22
4.12847e-24
1.06877e-21
1.20653e-22
-2.13942e-23
1.14302e-21
7.28823e-22
1.24786e-14
8.40553e-06
0
-9.57046e-15
9.52427e-06
7.09056e-22
1.38284e-15
1.11179e-06
-2.92943e-23
-7.52729e-16
1.24458e-06
5.57548e-22
2.63992e-17
2.05867e-08
-1.79315e-23
-6.30769e-19
5.04736e-08
3.02526e-22
-6.72571e-18
1.11172e-08
2.17323e-23
1.40534e-20
3.54903e-08
1.05529e-22
1.76529e-18
5.67788e-09
-3.90387e-23
2.64306e-20
2.42356e-08
-3.82951e-23
-4.68482e-19
2.59871e-09
-8.6439e-24
-1.32241e-20
1.56787e-08
-9.02054e-23
1.23892e-19
9.14011e-10
3.01215e-23
4.92113e-21
9.2465e-09
-6.4712e-23
-3.22811e-20
4.97948e-11
0
-1.64931e-21
4.62741e-09
6.56903e-24
8.20807e-21
-3.26667e-10
2.14349e-23
4.95579e-22
1.63915e-09
6.68745e-23
-2.01652e-21
-4.11022e-10
0
-2.2011e-22
1.26301e-10
1.06377e-22
4.75592e-22
-3.23834e-10
1.33563e-23
-1.61048e-23
-1.28825e-10
1.03085e-22
-1.07655e-22
-1.48902e-10
7.72287e-23
-1.20749e-22
5.15548e-10
7.70824e-23
1.35348e-21
4.58932e-11
-1.24536e-23
2.13773e-21
1.5176e-09
4.31614e-23
1.5803e-21
2.02707e-10
-6.21683e-24
3.21766e-21
2.1933e-09
1.64272e-23
-5.38102e-21
2.8069e-10
-1.29344e-24
-1.74717e-20
1.87845e-09
1.32355e-24
-4.74819e-21
2.68344e-10
1.47949e-23
-2.17129e-20
1.69804e-10
-4.99125e-24
-3.1901e-21
1.88716e-10
6.29963e-24
-1.68233e-20
-2.89043e-09
-5.89314e-24
-1.86283e-21
8.86805e-11
1.48636e-23
-8.61493e-21
-6.82487e-09
-4.69313e-24
-3.84021e-22
1.66022e-11
-3.68619e-24
-1.34156e-21
-1.09367e-08
-2.77719e-24
3.48306e-25
2.60669e-12
1.4894e-23
-2.0749e-23
-1.45939e-08
-1.30874e-24
-1.36064e-26
5.2415e-11
-2.34901e-24
-1.00129e-23
-1.74179e-08
-1.89929e-25
9.1873e-26
1.53969e-10
2.516e-24
-7.02702e-24
-1.93103e-08
4.34787e-25
-1.18696e-26
2.88425e-10
5.2747e-24
-2.40941e-24
-2.03692e-08
8.49014e-25
1.01793e-26
4.38342e-10
-3.40113e-24
6.50081e-24
-2.07787e-08
1.14673e-24
-2.51109e-26
5.91083e-10
2.77355e-24
8.66955e-24
-2.07301e-08
1.36561e-24
-6.66029e-27
7.38924e-10
-7.0029e-25
2.8676e-24
-2.03834e-08
1.50952e-24
-2.58239e-26
8.77837e-10
7.02181e-25
-9.43349e-25
-1.98583e-08
1.62665e-24
-4.31647e-26
1.00616e-09
1.75024e-25
2.47339e-24
-1.92382e-08
1.64896e-24
-1.75967e-26
1.12357e-09
8.68614e-26
-1.61712e-24
-1.85791e-08
1.62388e-24
-5.83909e-26
1.2304e-09
8.59082e-26
-2.63861e-25
-1.79167e-08
1.5252e-24
5.99238e-26
1.32728e-09
-0
-1.72008e-25
-1.72736e-08
1.40979e-24
2.27791e-26
1.4149e-09
8.33554e-26
-2.24078e-25
-1.66634e-08
1.22277e-24
-8.15796e-27
1.49392e-09
-0
-1.45869e-25
-1.60941e-08
1.04745e-24
4.52366e-26
1.56491e-09
-1.0026e-26
9.49117e-26
-1.557e-08
8.5095e-25
-4.09391e-28
1.62839e-09
2.94158e-26
-3.0862e-26
-1.50931e-08
6.3955e-25
-1.40608e-26
1.68476e-09
-1.43463e-26
4.01115e-26
-1.46641e-08
4.15493e-25
6.98647e-27
1.7344e-09
4.64694e-27
-4.55585e-26
-1.42829e-08
1.98821e-25
-4.26617e-27
1.77759e-09
-8.97826e-27
8.42806e-27
-1.39491e-08
4.38217e-26
-2.06323e-27
1.81458e-09
-2.14773e-27
-1.35804e-26
-1.36619e-08
3.41854e-26
2.01159e-27
1.84556e-09
3.03383e-27
-6.9408e-27
-1.34205e-08
3.12378e-26
-2.4634e-28
1.87071e-09
1.85303e-27
-1.08934e-27
-1.32241e-08
2.79888e-26
-7.68775e-29
1.89014e-09
-2.01871e-28
-2.63825e-27
-1.30722e-08
2.27075e-26
4.37516e-29
1.90396e-09
1.59021e-28
-7.35216e-28
-1.29641e-08
1.326e-26
-1.61313e-29
1.91224e-09
4.80952e-29
0
-1.28994e-08
0
0
9.57501e-10
0
0
-6.43895e-09
0
0
4.73245e-22
0
0
-4.53848e-21
0
0
-2.77204e-22
0
0
1.75049e-20
0
0
1.71395e-21
0
0
2.90879e-21
0
0
1.98447e-21
0
0
1.58027e-20
0
0
-8.89946e-22
0
0
-1.51817e-21
0
0
5.71583e-22
0
0
-3.32942e-20
0
0
2.18298e-21
0
0
1.59935e-20
0
0
5.41902e-21
0
0
-7.37387e-20
0
0
-3.01863e-21
0
0
4.86457e-21
0
0
4.13255e-21
0
0
2.56785e-20
0
0
1.43381e-21
0
0
1.04855e-20
0
0
4.39989e-21
0
0
2.06474e-20
0
0
3.23754e-21
0
0
-4.88831e-21
0
0
2.37837e-21
0
0
1.33097e-20
0
0
7.07146e-22
0
0
3.83651e-21
0
0
8.66962e-22
0
0
-3.12762e-21
0
0
1.5218e-22
0
0
-3.52971e-21
0
0
-2.9061e-22
0
0
-1.55551e-21
0
0
-4.36374e-23
0
0
-7.73765e-22
0
0
0
0
0
4.25805e-23
0
0
-3.10079e-23
0
0
1.52001e-22
0
0
0
0
0
1.44152e-21
0
0
-1.77446e-22
0
0
6.69402e-21
0
0
-1.13768e-22
0
0
1.2818e-21
0
0
-2.9361e-22
0
0
-2.02262e-21
0
0
-5.14892e-22
0
0
-3.60656e-21
0
0
-2.6865e-22
0
0
0
0
0
0
0
0
1.85493e-21
0
0
-7.1262e-22
0
0
1.65237e-21
0
0
-2.21798e-22
0
0
-2.81089e-21
0
0
-5.52653e-22
0
0
5.58718e-22
0
0
3.3911e-06
0
0
3.89243e-06
0
0
7.38832e-09
0
0
3.59074e-08
0
0
4.55962e-09
0
0
2.89789e-08
0
0
2.79293e-09
0
0
2.30717e-08
0
0
1.7278e-09
0
0
1.79377e-08
0
0
1.07049e-09
0
0
1.34265e-08
0
0
6.59998e-10
0
0
9.45845e-09
0
0
3.98674e-10
0
0
5.99386e-09
0
0
2.30694e-10
0
0
3.01293e-09
0
0
1.2352e-10
0
0
5.00006e-10
0
0
5.75567e-11
0
0
-1.57081e-09
0
0
1.95841e-11
0
0
-3.2485e-09
0
0
-8.16124e-13
0
0
-4.6123e-09
0
0
-1.23975e-11
0
0
-5.76575e-09
0
0
-2.14047e-11
0
0
-6.813e-09
0
0
-2.99624e-11
0
0
-7.82434e-09
0
0
-3.55258e-11
0
0
-8.81058e-09
0
0
-3.25385e-11
0
0
-9.72484e-09
0
0
-1.56294e-11
0
0
-1.04925e-08
0
0
1.76496e-11
0
0
-1.10504e-08
0
0
6.6061e-11
0
0
-1.13721e-08
0
0
1.25791e-10
0
0
-1.14712e-08
0
0
1.92217e-10
0
0
-1.13874e-08
0
0
2.6124e-10
0
0
-1.11698e-08
0
0
3.29844e-10
0
0
-1.08644e-08
0
0
3.9609e-10
0
0
-1.05081e-08
0
0
4.58871e-10
0
0
-1.01284e-08
0
0
5.17642e-10
0
0
-9.74415e-09
0
0
5.72197e-10
0
0
-9.3678e-09
0
0
6.2253e-10
0
0
-9.00728e-09
0
0
6.68735e-10
0
0
-8.66739e-09
0
0
7.10953e-10
0
0
-8.35085e-09
0
0
7.49345e-10
0
0
-8.05903e-09
0
0
7.8407e-10
0
0
-7.79249e-09
0
0
8.15277e-10
0
0
-7.55123e-09
0
0
8.43106e-10
0
0
-7.33499e-09
0
0
8.6768e-10
0
0
-7.14332e-09
0
0
8.89112e-10
0
0
-6.97572e-09
0
0
9.07496e-10
0
0
-6.83168e-09
0
0
9.22915e-10
0
0
-6.7107e-09
0
0
9.35439e-10
0
0
-6.61234e-09
0
0
9.45123e-10
0
0
-6.53624e-09
0
0
9.52011e-10
0
0
-6.4821e-09
0
0
9.56133e-10
0
0
-6.44971e-09
0
0
4.78753e-10
0
0
-3.21947e-09
