0.0333333 0.0333333 7.67772e-06
0.1 0.0333333 1.75509e-05
0.166667 0.0333333 2.6429e-05
0.233333 0.0333333 3.59542e-05
0.3 0.0333333 6.0032e-05
0.366667 0.0333333 0.000108058
0.433333 0.0333333 0.000171814
0.5 0.0333333 0.000230123
0.566667 0.0333333 0.000266317
0.633333 0.0333333 0.000275885
0.7 0.0333333 0.000263851
0.766667 0.0333333 0.000239247
0.833333 0.0333333 0.000209346
0.9 0.0333333 0.00017837
0.966667 0.0333333 0.000148586
1.03333 0.0333333 0.000121126
1.1 0.0333333 9.65554e-05
1.16667 0.0333333 7.52419e-05
1.23333 0.0333333 5.72473e-05
1.3 0.0333333 4.2274e-05
1.36667 0.0333333 2.98311e-05
1.43333 0.0333333 1.92386e-05
1.5 0.0333333 9.87815e-06
1.56667 0.0333333 1.54236e-06
1.63333 0.0333333 5.46714e-06
1.7 0.0333333 1.05007e-05
1.76667 0.0333333 1.28943e-05
1.83333 0.0333333 1.22824e-05
1.9 0.0333333 8.74694e-06
1.96667 0.0333333 2.78011e-06
2.03333 0.0333333 4.86627e-06
2.1 0.0333333 1.33488e-05
2.16667 0.0333333 2.18559e-05
2.23333 0.0333333 2.96708e-05
2.3 0.0333333 3.61865e-05
2.36667 0.0333333 4.08946e-05
2.43333 0.0333333 4.3382e-05
2.5 0.0333333 4.33478e-05
2.56667 0.0333333 4.06228e-05
2.63333 0.0333333 3.52591e-05
2.7 0.0333333 2.77071e-05
2.76667 0.0333333 1.89828e-05
2.83333 0.0333333 1.07487e-05
2.9 0.0333333 5.1641e-06
2.96667 0.0333333 4.34977e-06
3.03333 0.0333333 9.56234e-06
3.1 0.0333333 2.04848e-05
3.16667 0.0333333 3.51187e-05
3.23333 0.0333333 5.04678e-05
3.3 0.0333333 6.37371e-05
3.36667 0.0333333 7.32102e-05
3.43333 0.0333333 7.83527e-05
3.5 0.0333333 7.95467e-05
3.56667 0.0333333 7.768e-05
3.63333 0.0333333 7.37278e-05
3.7 0.0333333 6.85305e-05
3.76667 0.0333333 6.27245e-05
3.83333 0.0333333 5.67546e-05
3.9 0.0333333 5.09172e-05
3.96667 0.0333333 4.53662e-05
4.03333 0.0333333 4.01551e-05
4.1 0.0333333 3.5322e-05
4.16667 0.0333333 3.0888e-05
4.23333 0.0333333 2.68467e-05
4.3 0.0333333 2.31773e-05
4.36667 0.0333333 1.98476e-05
4.43333 0.0333333 1.68211e-05
4.5 0.0333333 1.40595e-05
4.56667 0.0333333 1.1524e-05
4.63333 0.0333333 9.17845e-06
4.7 0.0333333 6.99272e-06
4.76667 0.0333333 4.95272e-06
4.83333 0.0333333 3.08066e-06
4.9 0.0333333 1.48082e-06
4.96667 0.0333333 4.58491e-07
0.0333333 0.1 1.5321e-05
0.1 0.1 1.06819e-05
0.166667 0.1 3.11896e-05
0.233333 0.1 4.25224e-05
0.3 0.1 3.70998e-05
0.366667 0.1 9.49867e-06
0.433333 0.1 3.70231e-05
0.5 0.1 9.11434e-05
0.566667 0.1 0.000135167
0.633333 0.1 0.000156323
0.7 0.1 0.000158216
0.766667 0.1 0.000149012
0.833333 0.1 0.000133738
0.9 0.1 0.000115944
0.966667 0.1 9.74634e-05
1.03333 0.1 7.96532e-05
1.1 0.1 6.30678e-05
1.16667 0.1 4.79066e-05
1.23333 0.1 3.4905e-05
1.3 0.1 2.44278e-05
1.36667 0.1 1.62278e-05
1.43333 0.1 9.76237e-06
1.5 0.1 4.39827e-06
1.56667 0.1 2.78706e-07
1.63333 0.1 4.29514e-06
1.7 0.1 7.31925e-06
1.76667 0.1 8.86165e-06
1.83333 0.1 8.5362e-06
1.9 0.1 6.24381e-06
1.96667 0.1 2.21311e-06
2.03333 0.1 3.07603e-06
2.1 0.1 9.01473e-06
2.16667 0.1 1.49728e-05
2.23333 0.1 2.03663e-05
2.3 0.1 2.46877e-05
2.36667 0.1 2.75139e-05
2.43333 0.1 2.85012e-05
2.5 0.1 2.73799e-05
2.56667 0.1 2.4001e-05
2.63333 0.1 1.84123e-05
2.7 0.1 1.09447e-05
2.76667 0.1 2.35994e-06
2.83333 0.1 6.01888e-06
2.9 0.1 1.23541e-05
2.96667 0.1 1.46699e-05
3.03333 0.1 1.15491e-05
3.1 0.1 2.85011e-06
3.16667 0.1 1.00088e-05
3.23333 0.1 2.44498e-05
3.3 0.1 3.77719e-05
3.36667 0.1 4.80921e-05
3.43333 0.1 5.4667e-05
3.5 0.1 5.76915e-05
3.56667 0.1 5.78533e-05
3.63333 0.1 5.59586e-05
3.7 0.1 5.27318e-05
3.76667 0.1 4.87433e-05
3.83333 0.1 4.44076e-05
3.9 0.1 4.00143e-05
3.96667 0.1 3.5737e-05
4.03333 0.1 3.16628e-05
4.1 0.1 2.78517e-05
4.16667 0.1 2.43368e-05
4.23333 0.1 2.11189e-05
4.3 0.1 1.8184e-05
4.36667 0.1 1.5512e-05
4.43333 0.1 1.30789e-05
4.5 0.1 1.0859e-05
4.56667 0.1 8.82783e-06
4.63333 0.1 6.96512e-06
4.7 0.1 5.26141e-06
4.76667 0.1 3.73017e-06
4.83333 0.1 2.43346e-06
4.9 0.1 1.53513e-06
4.96667 0.1 1.41105e-06
0.0333333 0.166667 1.25862e-05
0.1 0.166667 3.67916e-05
0.166667 0.166667 7.61745e-05
0.233333 0.166667 9.0245e-05
0.3 0.166667 9.16222e-05
0.366667 0.166667 9.04772e-05
0.433333 0.166667 7.84599e-05
0.5 0.166667 3.86721e-05
0.566667 0.166667 1.54107e-05
0.633333 0.166667 5.15008e-05
0.7 0.166667 6.70028e-05
0.766667 0.166667 7.15075e-05
0.833333 0.166667 6.93854e-05
0.9 0.166667 6.37347e-05
0.966667 0.166667 5.56872e-05
1.03333 0.166667 4.51559e-05
1.1 0.166667 3.37734e-05
1.16667 0.166667 2.3019e-05
1.23333 0.166667 1.38948e-05
1.3 0.166667 6.84568e-06
1.36667 0.166667 1.96646e-06
1.43333 0.166667 8.93748e-07
1.5 0.166667 2.12996e-06
1.56667 0.166667 2.38995e-06
1.63333 0.166667 2.35292e-06
1.7 0.166667 2.43588e-06
1.76667 0.166667 2.64568e-06
1.83333 0.166667 2.68253e-06
1.9 0.166667 2.19116e-06
1.96667 0.166667 9.73377e-07
2.03333 0.166667 9.35358e-07
2.1 0.166667 3.30391e-06
2.16667 0.166667 5.78927e-06
2.23333 0.166667 8.01559e-06
2.3 0.166667 9.62914e-06
2.36667 0.166667 1.03283e-05
2.43333 0.166667 9.87406e-06
2.5 0.166667 8.09347e-06
2.56667 0.166667 4.8861e-06
2.63333 0.166667 2.42833e-07
2.7 0.166667 5.71477e-06
2.76667 0.166667 1.26643e-05
2.83333 0.166667 1.99552e-05
2.9 0.166667 2.64958e-05
2.96667 0.166667 3.08094e-05
3.03333 0.166667 3.15027e-05
3.1 0.166667 2.75615e-05
3.16667 0.166667 1.89707e-05
3.23333 0.166667 7.20644e-06
3.3 0.166667 5.24154e-06
3.36667 0.166667 1.61966e-05
3.43333 0.166667 2.44517e-05
3.5 0.166667 2.97941e-05
3.56667 0.166667 3.25638e-05
3.63333 0.166667 3.33284e-05
3.7 0.166667 3.26461e-05
3.76667 0.166667 3.09949e-05
3.83333 0.166667 2.87619e-05
3.9 0.166667 2.62223e-05
3.96667 0.166667 2.35768e-05
4.03333 0.166667 2.09847e-05
4.1 0.166667 1.85231e-05
4.16667 0.166667 1.62146e-05
4.23333 0.166667 1.40746e-05
4.3 0.166667 1.21049e-05
4.36667 0.166667 1.02991e-05
4.43333 0.166667 8.64675e-06
4.5 0.166667 7.13629e-06
4.56667 0.166667 5.75863e-06
4.63333 0.166667 4.51255e-06
4.7 0.166667 3.41393e-06
4.76667 0.166667 2.51305e-06
4.83333 0.166667 1.92652e-06
4.9 0.166667 1.89124e-06
4.96667 0.166667 2.7749e-06
0.0333333 0.233333 5.00416e-06
0.1 0.233333 6.45447e-05
0.166667 0.233333 9.86176e-05
0.233333 0.233333 9.33673e-05
0.3 0.233333 1.11191e-05
0.366667 0.233333 4.29804e-05
0.433333 0.233333 0.000133838
0.5 0.233333 0.000130987
0.566667 0.233333 7.2777e-05
0.633333 0.233333 1.97061e-05
0.7 0.233333 1.20673e-05
0.766667 0.233333 2.78699e-05
0.833333 0.233333 3.36082e-05
0.9 0.233333 3.42459e-05
0.966667 0.233333 3.05023e-05
1.03333 0.233333 2.35531e-05
1.1 0.233333 1.62288e-05
1.16667 0.233333 9.25854e-06
1.23333 0.233333 2.90016e-06
1.3 0.233333 2.71603e-06
1.36667 0.233333 6.89713e-06
1.43333 0.233333 8.71612e-06
1.5 0.233333 7.64343e-06
1.56667 0.233333 4.18829e-06
1.63333 0.233333 1.09237e-07
1.7 0.233333 3.50466e-06
1.76667 0.233333 4.98682e-06
1.83333 0.233333 4.5762e-06
1.9 0.233333 2.94843e-06
1.96667 0.233333 8.80492e-07
2.03333 0.233333 1.08597e-06
2.1 0.233333 2.71763e-06
2.16667 0.233333 4.0206e-06
2.23333 0.233333 5.13623e-06
2.3 0.233333 6.24978e-06
2.36667 0.233333 7.52682e-06
2.43333 0.233333 9.081e-06
2.5 0.233333 1.09688e-05
2.56667 0.233333 1.32032e-05
2.63333 0.233333 1.57848e-05
2.7 0.233333 1.874e-05
2.76667 0.233333 2.21596e-05
2.83333 0.233333 2.62323e-05
2.9 0.233333 3.09924e-05
2.96667 0.233333 3.61554e-05
3.03333 0.233333 4.17682e-05
3.1 0.233333 4.56665e-05
3.16667 0.233333 4.48235e-05
3.23333 0.233333 3.84354e-05
3.3 0.233333 2.84491e-05
3.36667 0.233333 1.73112e-05
3.43333 0.233333 7.28282e-06
3.5 0.233333 4.44798e-07
3.56667 0.233333 5.94696e-06
3.63333 0.233333 9.5123e-06
3.7 0.233333 1.14531e-05
3.76667 0.233333 1.21899e-05
3.83333 0.233333 1.21128e-05
3.9 0.233333 1.15293e-05
3.96667 0.233333 1.06625e-05
4.03333 0.233333 9.66247e-06
4.1 0.233333 8.62394e-06
4.16667 0.233333 7.60153e-06
4.23333 0.233333 6.62373e-06
4.3 0.233333 5.70479e-06
4.36667 0.233333 4.84982e-06
4.43333 0.233333 4.05925e-06
4.5 0.233333 3.33281e-06
4.56667 0.233333 2.67431e-06
4.63333 0.233333 2.09884e-06
4.7 0.233333 1.64503e-06
4.76667 0.233333 1.39642e-06
4.83333 0.233333 1.51717e-06
4.9 0.233333 2.29728e-06
4.96667 0.233333 4.17574e-06
0.0333333 0.3 1.80379e-05
0.1 0.3 8.44188e-05
0.166667 0.3 0.000107506
0.233333 0.3 5.94436e-06
0.3 0.3 0.000232891
0.366667 0.3 0.000396609
0.433333 0.3 6.05934e-05
0.5 0.3 0.000162813
0.566667 0.3 0.00011801
0.633333 0.3 5.40756e-05
0.7 0.3 1.65492e-05
0.766667 0.3 4.22993e-06
0.833333 0.3 1.48718e-05
0.9 0.3 1.90651e-05
0.966667 0.3 1.86444e-05
1.03333 0.3 1.67974e-05
1.1 0.3 1.51696e-05
1.16667 0.3 1.276e-05
1.23333 0.3 8.93902e-06
1.3 0.3 3.42534e-06
1.36667 0.3 2.97932e-06
1.43333 0.3 8.00422e-06
1.5 0.3 8.80487e-06
1.56667 0.3 4.35131e-06
1.63333 0.3 3.26654e-06
1.7 0.3 1.01993e-05
1.76667 0.3 1.35617e-05
1.83333 0.3 1.27707e-05
1.9 0.3 8.89696e-06
1.96667 0.3 3.43764e-06
2.03333 0.3 2.41735e-06
2.1 0.3 7.95903e-06
2.16667 0.3 1.28722e-05
2.23333 0.3 1.70883e-05
2.3 0.3 2.06507e-05
2.36667 0.3 2.36087e-05
2.43333 0.3 2.59584e-05
2.5 0.3 2.76358e-05
2.56667 0.3 2.8525e-05
2.63333 0.3 2.84722e-05
2.7 0.3 2.74057e-05
2.76667 0.3 2.54564e-05
2.83333 0.3 2.31437e-05
2.9 0.3 2.2019e-05
2.96667 0.3 2.34589e-05
3.03333 0.3 3.26992e-05
3.1 0.3 4.8002e-05
3.16667 0.3 6.07721e-05
3.23333 0.3 6.36753e-05
3.3 0.3 5.72449e-05
3.36667 0.3 4.63615e-05
3.43333 0.3 3.56014e-05
3.5 0.3 2.59753e-05
3.56667 0.3 1.7824e-05
3.63333 0.3 1.18328e-05
3.7 0.3 7.70746e-06
3.76667 0.3 5.00224e-06
3.83333 0.3 3.28136e-06
3.9 0.3 2.20027e-06
3.96667 0.3 1.52498e-06
4.03333 0.3 1.10101e-06
4.1 0.3 8.28989e-07
4.16667 0.3 6.47128e-07
4.23333 0.3 5.18777e-07
4.3 0.3 4.23464e-07
4.36667 0.3 3.50285e-07
4.43333 0.3 2.93096e-07
4.5 0.3 2.45981e-07
4.56667 0.3 1.97621e-07
4.63333 0.3 1.22675e-07
4.7 0.3 3.27651e-08
4.76667 0.3 3.75986e-07
4.83333 0.3 1.10781e-06
4.9 0.3 2.58134e-06
4.96667 0.3 5.37286e-06
0.0333333 0.366667 1.69517e-06
0.1 0.366667 8.24502e-05
0.166667 0.366667 0.000120877
0.233333 0.366667 1.67465e-05
0.3 0.366667 0.000308967
0.366667 0.366667 0.00337149
0.433333 0.366667 2.06748e-05
0.5 0.366667 0.000173232
0.566667 0.366667 0.000123751
0.633333 0.366667 6.11939e-05
0.7 0.366667 3.00276e-05
0.766667 0.366667 5.39754e-06
0.833333 0.366667 1.06707e-05
0.9 0.366667 1.55562e-05
0.966667 0.366667 1.9898e-05
1.03333 0.366667 2.58847e-05
1.1 0.366667 3.09034e-05
1.16667 0.366667 3.4322e-05
1.23333 0.366667 3.48871e-05
1.3 0.366667 3.09834e-05
1.36667 0.366667 2.13679e-05
1.43333 0.366667 8.4131e-06
1.5 0.366667 1.42097e-06
1.56667 0.366667 1.49843e-06
1.63333 0.366667 7.37782e-06
1.7 0.366667 1.78873e-05
1.76667 0.366667 2.34069e-05
1.83333 0.366667 2.21948e-05
1.9 0.366667 1.59363e-05
1.96667 0.366667 7.07453e-06
2.03333 0.366667 2.47359e-06
2.1 0.366667 1.15679e-05
2.16667 0.366667 1.96359e-05
2.23333 0.366667 2.6453e-05
2.3 0.366667 3.19898e-05
2.36667 0.366667 3.62361e-05
2.43333 0.366667 3.91046e-05
2.5 0.366667 4.04666e-05
2.56667 0.366667 4.01347e-05
2.63333 0.366667 3.77828e-05
2.7 0.366667 3.26454e-05
2.76667 0.366667 2.42405e-05
2.83333 0.366667 1.25302e-05
2.9 0.366667 2.45164e-06
2.96667 0.366667 1.35709e-05
3.03333 0.366667 1.45895e-05
3.1 0.366667 1.29269e-05
3.16667 0.366667 5.59116e-05
3.23333 0.366667 7.91117e-05
3.3 0.366667 7.67331e-05
3.36667 0.366667 6.79925e-05
3.43333 0.366667 5.68638e-05
3.5 0.366667 4.57404e-05
3.56667 0.366667 3.56962e-05
3.63333 0.366667 2.79486e-05
3.7 0.366667 2.23772e-05
3.76667 0.366667 1.83819e-05
3.83333 0.366667 1.54128e-05
3.9 0.366667 1.31267e-05
3.96667 0.366667 1.12987e-05
4.03333 0.366667 9.78167e-06
4.1 0.366667 8.4805e-06
4.16667 0.366667 7.33526e-06
4.23333 0.366667 6.30931e-06
4.3 0.366667 5.38129e-06
4.36667 0.366667 4.53909e-06
4.43333 0.366667 3.77514e-06
4.5 0.366667 3.08171e-06
4.56667 0.366667 2.44485e-06
4.63333 0.366667 1.83493e-06
4.7 0.366667 1.19052e-06
4.76667 0.366667 3.90548e-07
4.83333 0.366667 7.93019e-07
4.9 0.366667 2.77348e-06
4.96667 0.366667 6.27458e-06
0.0333333 0.433333 5.02028e-05
0.1 0.433333 5.166e-05
0.166667 0.433333 0.000131241
0.233333 0.433333 0.000144375
0.3 0.433333 8.63457e-05
0.366667 0.433333 4.23048e-05
0.433333 0.433333 0.000173697
0.5 0.433333 0.000178854
0.566667 0.433333 0.000105603
0.633333 0.433333 5.68968e-05
0.7 0.433333 3.27995e-05
0.766667 0.433333 3.06853e-06
0.833333 0.433333 1.63035e-05
0.9 0.433333 2.21203e-05
0.966667 0.433333 3.10649e-05
1.03333 0.433333 4.29568e-05
1.1 0.433333 5.37563e-05
1.16667 0.433333 6.34315e-05
1.23333 0.433333 7.04744e-05
1.3 0.433333 7.23909e-05
1.36667 0.433333 6.57912e-05
1.43333 0.433333 4.33123e-05
1.5 0.433333 1.52614e-05
1.56667 0.433333 1.80186e-08
1.63333 0.433333 7.45799e-06
1.7 0.433333 2.34741e-05
1.76667 0.433333 3.30772e-05
1.83333 0.433333 3.22319e-05
1.9 0.433333 2.37439e-05
1.96667 0.433333 1.17675e-05
2.03333 0.433333 9.65332e-07
2.1 0.433333 1.29506e-05
2.16667 0.433333 2.34535e-05
2.23333 0.433333 3.21685e-05
2.3 0.433333 3.90135e-05
2.36667 0.433333 4.39505e-05
2.43333 0.433333 4.69698e-05
2.5 0.433333 4.79955e-05
2.56667 0.433333 4.68531e-05
2.63333 0.433333 4.33524e-05
2.7 0.433333 3.54533e-05
2.76667 0.433333 2.14031e-05
2.83333 0.433333 2.85308e-07
2.9 0.433333 3.32698e-05
2.96667 0.433333 7.65411e-05
3.03333 0.433333 0.000110241
3.1 0.433333 0.000104171
3.16667 0.433333 1.77101e-05
3.23333 0.433333 7.19915e-05
3.3 0.433333 8.67563e-05
3.36667 0.433333 8.12766e-05
3.43333 0.433333 6.99111e-05
3.5 0.433333 5.77203e-05
3.56667 0.433333 4.62206e-05
3.63333 0.433333 3.7251e-05
3.7 0.433333 3.12318e-05
3.76667 0.433333 2.66154e-05
3.83333 0.433333 2.29597e-05
3.9 0.433333 1.99706e-05
3.96667 0.433333 1.74482e-05
4.03333 0.433333 1.52588e-05
4.1 0.433333 1.33148e-05
4.16667 0.433333 1.15604e-05
4.23333 0.433333 9.96159e-06
4.3 0.433333 8.49819e-06
4.36667 0.433333 7.15885e-06
4.43333 0.433333 5.93644e-06
4.5 0.433333 4.82344e-06
4.56667 0.433333 3.80582e-06
4.63333 0.433333 2.8531e-06
4.7 0.433333 1.90128e-06
4.76667 0.433333 8.22645e-07
4.83333 0.433333 6.27435e-07
4.9 0.433333 2.90421e-06
4.96667 0.433333 6.83942e-06
0.0333333 0.5 0.000117215
0.1 0.5 1.4259e-07
0.166667 0.5 0.00011135
0.233333 0.5 0.000174458
0.3 0.5 0.000178889
0.366667 0.5 0.000197919
0.433333 0.5 0.000203454
0.5 0.5 0.00015238
0.566667 0.5 7.61488e-05
0.633333 0.5 4.55223e-05
0.7 0.5 2.88452e-05
0.766667 0.5 1.56268e-06
0.833333 0.5 1.84736e-05
0.9 0.5 2.97616e-05
0.966667 0.5 4.18335e-05
1.03333 0.5 5.64037e-05
1.1 0.5 7.15776e-05
1.16667 0.5 8.66779e-05
1.23333 0.5 0.000100233
1.3 0.5 0.00010998
1.36667 0.5 0.000113259
1.43333 0.5 0.000109748
1.5 0.5 4.36175e-05
1.56667 0.5 1.02548e-05
1.63333 0.5 1.34635e-05
1.7 0.5 1.69943e-05
1.76667 0.5 3.90124e-05
1.83333 0.5 4.04379e-05
1.9 0.5 3.0647e-05
1.96667 0.5 1.65548e-05
2.03333 0.5 1.7633e-06
2.1 0.5 1.19604e-05
2.16667 0.5 2.38295e-05
2.23333 0.5 3.355e-05
2.3 0.5 4.1053e-05
2.36667 0.5 4.63189e-05
2.43333 0.5 4.94262e-05
2.5 0.5 5.03626e-05
2.56667 0.5 4.89951e-05
2.63333 0.5 4.52742e-05
2.7 0.5 3.64796e-05
2.76667 0.5 2.01642e-05
2.83333 0.5 5.02176e-06
2.9 0.5 4.78658e-05
2.96667 0.5 0.000111191
3.03333 0.5 0.000214027
3.1 0.5 4.02966e-05
3.16667 0.5 5.72779e-05
3.23333 0.5 6.45233e-05
3.3 0.5 8.93539e-05
3.36667 0.5 8.56985e-05
3.43333 0.5 7.43901e-05
3.5 0.5 6.19181e-05
3.56667 0.5 4.97533e-05
3.63333 0.5 4.02431e-05
3.7 0.5 3.42174e-05
3.76667 0.5 2.94517e-05
3.83333 0.5 2.55903e-05
3.9 0.5 2.23752e-05
3.96667 0.5 1.96218e-05
4.03333 0.5 1.72037e-05
4.1 0.5 1.50376e-05
4.16667 0.5 1.30704e-05
4.23333 0.5 1.12696e-05
4.3 0.5 9.61604e-06
4.36667 0.5 8.09929e-06
4.43333 0.5 6.71276e-06
4.5 0.5 5.44944e-06
4.56667 0.5 4.29565e-06
4.63333 0.5 3.22106e-06
4.7 0.5 2.16112e-06
4.76667 0.5 9.85954e-07
4.83333 0.5 5.55267e-07
4.9 0.5 2.93411e-06
4.96667 0.5 7.02411e-06
0.0333333 0.566667 0.000169627
0.1 0.566667 5.33899e-05
0.166667 0.566667 6.30978e-05
0.233333 0.566667 0.000133825
0.3 0.566667 0.000164963
0.366667 0.566667 0.000171375
0.433333 0.566667 0.000153446
0.5 0.566667 0.000102432
0.566667 0.566667 4.66688e-05
0.633333 0.566667 2.9701e-05
0.7 0.566667 1.87232e-05
0.766667 0.566667 3.02927e-06
0.833333 0.566667 1.86716e-05
0.9 0.566667 3.16936e-05
0.966667 0.566667 4.63188e-05
1.03333 0.566667 6.20728e-05
1.1 0.566667 7.90244e-05
1.16667 0.566667 9.62572e-05
1.23333 0.566667 0.000112128
1.3 0.566667 0.000124252
1.36667 0.566667 0.000131122
1.43333 0.566667 0.000135529
1.5 0.566667 0.000227293
1.56667 0.566667 7.22635e-05
1.63333 0.566667 0.000116456
1.7 0.566667 2.72439e-06
1.76667 0.566667 3.98947e-05
1.83333 0.566667 4.46947e-05
1.9 0.566667 3.48973e-05
1.96667 0.566667 2.01754e-05
2.03333 0.566667 4.88683e-06
2.1 0.566667 9.08009e-06
2.16667 0.566667 2.09972e-05
2.23333 0.566667 3.06748e-05
2.3 0.566667 3.81558e-05
2.36667 0.566667 4.34902e-05
2.43333 0.566667 4.67423e-05
2.5 0.566667 4.79019e-05
2.56667 0.566667 4.68339e-05
2.63333 0.566667 4.3371e-05
2.7 0.566667 3.54957e-05
2.76667 0.566667 2.14619e-05
2.83333 0.566667 3.52288e-07
2.9 0.566667 3.31959e-05
2.96667 0.566667 7.64584e-05
3.03333 0.566667 0.000110116
3.1 0.566667 0.000104024
3.16667 0.566667 1.77892e-05
3.23333 0.566667 7.201e-05
3.3 0.566667 8.67604e-05
3.36667 0.566667 8.12764e-05
3.43333 0.566667 6.99097e-05
3.5 0.566667 5.77187e-05
3.56667 0.566667 4.62192e-05
3.63333 0.566667 3.72499e-05
3.7 0.566667 3.12308e-05
3.76667 0.566667 2.66146e-05
3.83333 0.566667 2.29591e-05
3.9 0.566667 1.99701e-05
3.96667 0.566667 1.74479e-05
4.03333 0.566667 1.52586e-05
4.1 0.566667 1.33146e-05
4.16667 0.566667 1.15603e-05
4.23333 0.566667 9.9615e-06
4.3 0.566667 8.49813e-06
4.36667 0.566667 7.15881e-06
4.43333 0.566667 5.93641e-06
4.5 0.566667 4.82343e-06
4.56667 0.566667 3.80581e-06
4.63333 0.566667 2.85309e-06
4.7 0.566667 1.90128e-06
4.76667 0.566667 8.22644e-07
4.83333 0.566667 6.27435e-07
4.9 0.566667 2.9042e-06
4.96667 0.566667 6.83942e-06
0.0333333 0.633333 0.000189851
0.1 0.633333 9.04489e-05
0.166667 0.633333 1.42176e-05
0.233333 0.633333 8.25367e-05
0.3 0.633333 0.000110357
0.366667 0.633333 0.000111578
0.433333 0.633333 8.91157e-05
0.5 0.633333 5.05369e-05
0.566667 0.633333 1.82191e-05
0.633333 0.633333 9.69225e-06
0.7 0.633333 4.40368e-06
0.766667 0.633333 1.14176e-05
0.833333 0.633333 2.15616e-05
0.9 0.633333 3.02635e-05
0.966667 0.633333 4.37391e-05
1.03333 0.633333 5.80978e-05
1.1 0.633333 7.29607e-05
1.16667 0.633333 8.75541e-05
1.23333 0.633333 9.94747e-05
1.3 0.633333 0.000105017
1.36667 0.633333 9.95036e-05
1.43333 0.633333 8.18857e-05
1.5 0.633333 2.80008e-05
1.56667 0.633333 3.77009e-05
1.63333 0.633333 0.000223367
1.7 0.633333 1.26909e-05
1.76667 0.633333 3.57436e-05
1.83333 0.633333 4.30154e-05
1.9 0.633333 3.44411e-05
1.96667 0.633333 2.10137e-05
2.03333 0.633333 7.21483e-06
2.1 0.633333 5.17041e-06
2.16667 0.633333 1.55787e-05
2.23333 0.633333 2.39782e-05
2.3 0.633333 3.05468e-05
2.36667 0.633333 3.54379e-05
2.43333 0.633333 3.86934e-05
2.5 0.633333 4.02831e-05
2.56667 0.633333 4.00814e-05
2.63333 0.633333 3.78012e-05
2.7 0.633333 3.27051e-05
2.76667 0.633333 2.4323e-05
2.83333 0.633333 1.26224e-05
2.9 0.633333 2.35523e-06
2.96667 0.633333 1.3471e-05
3.03333 0.633333 1.44912e-05
3.1 0.633333 1.30054e-05
3.16667 0.633333 5.59584e-05
3.23333 0.633333 7.9131e-05
3.3 0.633333 7.67374e-05
3.36667 0.633333 6.79917e-05
3.43333 0.633333 5.68614e-05
3.5 0.633333 4.57378e-05
3.56667 0.633333 3.56939e-05
3.63333 0.633333 2.79466e-05
3.7 0.633333 2.23756e-05
3.76667 0.633333 1.83806e-05
3.83333 0.633333 1.54118e-05
3.9 0.633333 1.3126e-05
3.96667 0.633333 1.12982e-05
4.03333 0.633333 9.7813e-06
4.1 0.633333 8.48024e-06
4.16667 0.633333 7.33507e-06
4.23333 0.633333 6.30918e-06
4.3 0.633333 5.38119e-06
4.36667 0.633333 4.53902e-06
4.43333 0.633333 3.7751e-06
4.5 0.633333 3.08169e-06
4.56667 0.633333 2.44484e-06
4.63333 0.633333 1.83492e-06
4.7 0.633333 1.19052e-06
4.76667 0.633333 3.90545e-07
4.83333 0.633333 7.93019e-07
4.9 0.633333 2.77348e-06
4.96667 0.633333 6.27458e-06
0.0333333 0.7 0.000176595
0.1 0.7 0.000101313
0.166667 0.7 2.17329e-05
0.233333 0.7 3.15542e-05
0.3 0.7 5.24544e-05
0.366667 0.7 4.9272e-05
0.433333 0.7 2.92298e-05
0.5 0.7 4.13182e-06
0.566667 0.7 1.34796e-05
0.633333 0.7 1.87636e-05
0.7 0.7 1.98721e-05
0.766667 0.7 2.55461e-05
0.833333 0.7 2.9805e-05
0.9 0.7 3.232e-05
0.966667 0.7 3.88679e-05
1.03333 0.7 4.74616e-05
1.1 0.7 5.66454e-05
1.16667 0.7 6.48357e-05
1.23333 0.7 6.87899e-05
1.3 0.7 6.37875e-05
1.36667 0.7 4.34006e-05
1.43333 0.7 4.23458e-06
1.5 0.7 0.000102923
1.56667 0.7 0.000179482
1.63333 0.7 0.000107309
1.7 0.7 1.04081e-05
1.76667 0.7 2.93139e-05
1.83333 0.7 3.52934e-05
1.9 0.7 2.8631e-05
1.96667 0.7 1.81787e-05
2.03333 0.7 7.73215e-06
2.1 0.7 1.32982e-06
2.16667 0.7 8.71468e-06
2.23333 0.7 1.45755e-05
2.3 0.7 1.91897e-05
2.36667 0.7 2.27985e-05
2.43333 0.7 2.55401e-05
2.5 0.7 2.74478e-05
2.56667 0.7 2.8469e-05
2.63333 0.7 2.84894e-05
2.7 0.7 2.7461e-05
2.76667 0.7 2.55285e-05
2.83333 0.7 2.32201e-05
2.9 0.7 2.20928e-05
2.96667 0.7 2.35271e-05
3.03333 0.7 3.27546e-05
3.1 0.7 4.80402e-05
3.16667 0.7 6.0794e-05
3.23333 0.7 6.36847e-05
3.3 0.7 5.72469e-05
3.36667 0.7 4.63601e-05
3.43333 0.7 3.5599e-05
3.5 0.7 2.59727e-05
3.56667 0.7 1.78217e-05
3.63333 0.7 1.18309e-05
3.7 0.7 7.70598e-06
3.76667 0.7 5.0011e-06
3.83333 0.7 3.2805e-06
3.9 0.7 2.19963e-06
3.96667 0.7 1.52451e-06
4.03333 0.7 1.10067e-06
4.1 0.7 8.28745e-07
4.16667 0.7 6.46955e-07
4.23333 0.7 5.18656e-07
4.3 0.7 4.23381e-07
4.36667 0.7 3.50228e-07
4.43333 0.7 2.93059e-07
4.5 0.7 2.45957e-07
4.56667 0.7 1.97606e-07
4.63333 0.7 1.22667e-07
4.7 0.7 3.27695e-08
4.76667 0.7 3.75988e-07
4.83333 0.7 1.10781e-06
4.9 0.7 2.58134e-06
4.96667 0.7 5.37285e-06
0.0333333 0.766667 0.000138771
0.1 0.766667 8.91199e-05
0.166667 0.766667 4.07808e-05
0.233333 0.766667 1.15382e-05
0.3 0.766667 1.69591e-06
0.366667 0.766667 7.12634e-06
0.433333 0.766667 2.09331e-05
0.5 0.766667 3.5017e-05
0.566667 0.766667 4.48193e-05
0.633333 0.766667 4.83534e-05
0.7 0.766667 4.75427e-05
0.766667 0.766667 4.49982e-05
0.833333 0.766667 4.19426e-05
0.9 0.766667 3.84605e-05
0.966667 0.766667 3.66498e-05
1.03333 0.766667 3.66816e-05
1.1 0.766667 3.77524e-05
1.16667 0.766667 3.78181e-05
1.23333 0.766667 3.41903e-05
1.3 0.766667 2.33438e-05
1.36667 0.766667 1.03743e-06
1.43333 0.766667 3.47683e-05
1.5 0.766667 6.89562e-05
1.56667 0.766667 6.96127e-05
1.63333 0.766667 3.64774e-05
1.7 0.766667 3.35867e-07
1.76667 0.766667 1.92105e-05
1.83333 0.766667 2.20592e-05
1.9 0.766667 1.76542e-05
1.96667 0.766667 1.14898e-05
2.03333 0.766667 5.92319e-06
2.1 0.766667 1.63878e-06
2.16667 0.766667 1.44519e-06
2.23333 0.766667 3.68654e-06
2.3 0.766667 5.48015e-06
2.36667 0.766667 7.15261e-06
2.43333 0.766667 8.92855e-06
2.5 0.766667 1.09358e-05
2.56667 0.766667 1.32308e-05
2.63333 0.766667 1.58398e-05
2.7 0.766667 1.88037e-05
2.76667 0.766667 2.22217e-05
2.83333 0.766667 2.62876e-05
2.9 0.766667 3.10389e-05
2.96667 0.766667 3.61928e-05
3.03333 0.766667 4.17948e-05
3.1 0.766667 4.56831e-05
3.16667 0.766667 4.48328e-05
3.23333 0.766667 3.84399e-05
3.3 0.766667 2.84505e-05
3.36667 0.766667 1.73109e-05
3.43333 0.766667 7.2819e-06
3.5 0.766667 4.45865e-07
3.56667 0.766667 5.94795e-06
3.63333 0.766667 9.51313e-06
3.7 0.766667 1.14537e-05
3.76667 0.766667 1.21904e-05
3.83333 0.766667 1.21132e-05
3.9 0.766667 1.15296e-05
3.96667 0.766667 1.06627e-05
4.03333 0.766667 9.66263e-06
4.1 0.766667 8.62406e-06
4.16667 0.766667 7.6016e-06
4.23333 0.766667 6.62378e-06
4.3 0.766667 5.70482e-06
4.36667 0.766667 4.84985e-06
4.43333 0.766667 4.05927e-06
4.5 0.766667 3.33282e-06
4.56667 0.766667 2.67431e-06
4.63333 0.766667 2.09885e-06
4.7 0.766667 1.64503e-06
4.76667 0.766667 1.39642e-06
4.83333 0.766667 1.51717e-06
4.9 0.766667 2.29728e-06
4.96667 0.766667 4.17574e-06
0.0333333 0.833333 8.96273e-05
0.1 0.833333 6.6194e-05
0.166667 0.833333 4.99802e-05
0.233333 0.833333 4.65011e-05
0.3 0.833333 5.13925e-05
0.366667 0.833333 6.03611e-05
0.433333 0.833333 7.09815e-05
0.5 0.833333 7.98406e-05
0.566667 0.833333 8.43109e-05
0.633333 0.833333 8.36669e-05
0.7 0.833333 7.86214e-05
0.766667 0.833333 7.06122e-05
0.833333 0.833333 6.09448e-05
0.9 0.833333 5.08231e-05
0.966667 0.833333 4.15034e-05
1.03333 0.833333 3.29707e-05
1.1 0.833333 2.50599e-05
1.16667 0.833333 1.74207e-05
1.23333 0.833333 9.38137e-06
1.3 0.833333 2.22605e-07
1.36667 0.833333 1.19462e-05
1.43333 0.833333 2.32371e-05
1.5 0.833333 2.79007e-05
1.56667 0.833333 2.20829e-05
1.63333 0.833333 9.6021e-06
1.7 0.833333 1.08499e-06
1.76667 0.833333 5.51861e-06
1.83333 0.833333 5.14186e-06
1.9 0.833333 3.26757e-06
1.96667 0.833333 2.06723e-06
2.03333 0.833333 2.22385e-06
2.1 0.833333 3.54904e-06
2.16667 0.833333 5.5159e-06
2.23333 0.833333 7.54722e-06
2.3 0.833333 9.13812e-06
2.36667 0.833333 9.8918e-06
2.43333 0.833333 9.51667e-06
2.5 0.833333 7.81422e-06
2.56667 0.833333 4.67399e-06
2.63333 0.833333 8.4618e-08
2.7 0.833333 5.83121e-06
2.76667 0.833333 1.2749e-05
2.83333 0.833333 2.0016e-05
2.9 0.833333 2.65391e-05
2.96667 0.833333 3.08398e-05
3.03333 0.833333 3.15232e-05
3.1 0.833333 2.75751e-05
3.16667 0.833333 1.898e-05
3.23333 0.833333 7.21294e-06
3.3 0.833333 5.23705e-06
3.36667 0.833333 1.61936e-05
3.43333 0.833333 2.44497e-05
3.5 0.833333 2.97927e-05
3.56667 0.833333 3.25628e-05
3.63333 0.833333 3.33277e-05
3.7 0.833333 3.26457e-05
3.76667 0.833333 3.09946e-05
3.83333 0.833333 2.87617e-05
3.9 0.833333 2.62221e-05
3.96667 0.833333 2.35767e-05
4.03333 0.833333 2.09847e-05
4.1 0.833333 1.8523e-05
4.16667 0.833333 1.62146e-05
4.23333 0.833333 1.40746e-05
4.3 0.833333 1.21048e-05
4.36667 0.833333 1.02991e-05
4.43333 0.833333 8.64674e-06
4.5 0.833333 7.13628e-06
4.56667 0.833333 5.75862e-06
4.63333 0.833333 4.51255e-06
4.7 0.833333 3.41393e-06
4.76667 0.833333 2.51304e-06
4.83333 0.833333 1.92652e-06
4.9 0.833333 1.89123e-06
4.96667 0.833333 2.7749e-06
0.0333333 0.9 4.25729e-05
0.1 0.9 4.55724e-05
0.166667 0.9 6.14906e-05
0.233333 0.9 8.36686e-05
0.3 0.9 0.000106038
0.366667 0.9 0.000124822
0.433333 0.9 0.000138292
0.5 0.9 0.000145682
0.566667 0.9 0.000146546
0.633333 0.9 0.000141021
0.7 0.9 0.000130013
0.766667 0.9 0.000114876
0.833333 0.9 9.70991e-05
0.9 0.9 7.81578e-05
0.966667 0.9 5.94592e-05
1.03333 0.9 4.17064e-05
1.1 0.9 2.53604e-05
1.16667 0.9 1.14763e-05
1.23333 0.9 1.18801e-06
1.3 0.9 5.02112e-06
1.36667 0.9 7.22373e-06
1.43333 0.9 6.14795e-06
1.5 0.9 3.42988e-06
1.56667 0.9 1.37584e-06
1.63333 0.9 1.86356e-06
1.7 0.9 4.96773e-06
1.76667 0.9 8.8696e-06
1.83333 0.9 1.12702e-05
1.9 0.9 1.08281e-05
1.96667 0.9 7.48239e-06
2.03333 0.9 1.98252e-06
2.1 0.9 4.65658e-06
2.16667 0.9 1.14781e-05
2.23333 0.9 1.77015e-05
2.3 0.9 2.27283e-05
2.36667 0.9 2.61112e-05
2.43333 0.9 2.75167e-05
2.5 0.9 2.66993e-05
2.56667 0.9 2.35359e-05
2.63333 0.9 1.80969e-05
2.7 0.9 1.07317e-05
2.76667 0.9 2.21635e-06
2.83333 0.9 6.11598e-06
2.9 0.9 1.24203e-05
2.96667 0.9 1.47158e-05
3.03333 0.9 1.15814e-05
3.1 0.9 2.87345e-06
3.16667 0.9 9.99153e-06
3.23333 0.9 2.44369e-05
3.3 0.9 3.77622e-05
3.36667 0.9 4.80849e-05
3.43333 0.9 5.46616e-05
3.5 0.9 5.76876e-05
3.56667 0.9 5.78504e-05
3.63333 0.9 5.59564e-05
3.7 0.9 5.27302e-05
3.76667 0.9 4.87421e-05
3.83333 0.9 4.44068e-05
3.9 0.9 4.00137e-05
3.96667 0.9 3.57365e-05
4.03333 0.9 3.16625e-05
4.1 0.9 2.78515e-05
4.16667 0.9 2.43366e-05
4.23333 0.9 2.11188e-05
4.3 0.9 1.81839e-05
4.36667 0.9 1.55119e-05
4.43333 0.9 1.30789e-05
4.5 0.9 1.0859e-05
4.56667 0.9 8.82781e-06
4.63333 0.9 6.96511e-06
4.7 0.9 5.2614e-06
4.76667 0.9 3.73017e-06
4.83333 0.9 2.43346e-06
4.9 0.9 1.53513e-06
4.96667 0.9 1.41105e-06
0.0333333 0.966667 1.27094e-05
0.1 0.966667 4.11251e-05
0.166667 0.966667 8.41142e-05
0.233333 0.966667 0.000128548
0.3 0.966667 0.000166754
0.366667 0.966667 0.000195322
0.433333 0.966667 0.00021342
0.5 0.966667 0.00022132
0.566667 0.966667 0.000219708
0.633333 0.966667 0.000209611
0.7 0.966667 0.000192461
0.766667 0.966667 0.00017
0.833333 0.966667 0.000144082
0.9 0.966667 0.000116529
0.966667 0.966667 8.90387e-05
1.03333 0.966667 6.28785e-05
1.1 0.966667 3.92854e-05
1.16667 0.966667 2.01401e-05
1.23333 0.966667 7.34779e-06
1.3 0.966667 1.77512e-06
1.36667 0.966667 2.46891e-06
1.43333 0.966667 6.25922e-06
1.5 0.966667 8.6471e-06
1.56667 0.966667 6.1351e-06
1.63333 0.966667 1.56094e-06
1.7 0.966667 1.14455e-05
1.76667 0.966667 1.94104e-05
1.83333 0.966667 2.26422e-05
1.9 0.966667 2.05185e-05
1.96667 0.966667 1.40327e-05
2.03333 0.966667 4.80038e-06
2.1 0.966667 5.61707e-06
2.16667 0.966667 1.59734e-05
2.23333 0.966667 2.53538e-05
2.3 0.966667 3.31015e-05
2.36667 0.966667 3.87339e-05
2.43333 0.966667 4.18917e-05
2.5 0.966667 4.23311e-05
2.56667 0.966667 3.99343e-05
2.63333 0.966667 3.47953e-05
2.7 0.966667 2.73954e-05
2.76667 0.966667 1.87728e-05
2.83333 0.966667 1.06061e-05
2.9 0.966667 5.06599e-06
2.96667 0.966667 4.28104e-06
3.03333 0.966667 9.51323e-06
3.1 0.966667 2.0449e-05
3.16667 0.966667 3.50924e-05
3.23333 0.966667 5.04484e-05
3.3 0.966667 6.37228e-05
3.36667 0.966667 7.31997e-05
3.43333 0.966667 7.83449e-05
3.5 0.966667 7.9541e-05
3.56667 0.966667 7.76758e-05
3.63333 0.966667 7.37247e-05
3.7 0.966667 6.85282e-05
3.76667 0.966667 6.27228e-05
3.83333 0.966667 5.67534e-05
3.9 0.966667 5.09163e-05
3.96667 0.966667 4.53656e-05
4.03333 0.966667 4.01547e-05
4.1 0.966667 3.53217e-05
4.16667 0.966667 3.08878e-05
4.23333 0.966667 2.68466e-05
4.3 0.966667 2.31772e-05
4.36667 0.966667 1.98475e-05
4.43333 0.966667 1.68211e-05
4.5 0.966667 1.40594e-05
4.56667 0.966667 1.1524e-05
4.63333 0.966667 9.17843e-06
4.7 0.966667 6.99271e-06
4.76667 0.966667 4.95271e-06
4.83333 0.966667 3.08065e-06
4.9 0.966667 1.48082e-06
4.96667 0.966667 4.5849e-07
