0.0333333 0.0333333 6.06203e-06
0.1 0.0333333 2.13121e-05
0.166667 0.0333333 4.42507e-05
0.233333 0.0333333 6.22053e-05
0.3 0.0333333 6.27374e-05
0.366667 0.0333333 4.06735e-05
0.433333 0.0333333 1.73043e-06
0.5 0.0333333 4.11742e-05
0.566667 0.0333333 7.60188e-05
0.633333 0.0333333 9.70772e-05
0.7 0.0333333 0.000104649
0.766667 0.0333333 0.000101995
0.833333 0.0333333 9.2762e-05
0.9 0.0333333 7.99079e-05
0.966667 0.0333333 6.55661e-05
1.03333 0.0333333 5.11546e-05
1.1 0.0333333 3.76222e-05
1.16667 0.0333333 2.56487e-05
1.23333 0.0333333 1.57295e-05
1.3 0.0333333 8.17898e-06
1.36667 0.0333333 3.08924e-06
1.43333 0.0333333 2.86562e-07
1.5 0.0333333 6.77307e-07
1.56667 0.0333333 4.62793e-07
1.63333 0.0333333 2.25421e-07
1.7 0.0333333 8.45473e-07
1.76667 0.0333333 1.13193e-06
1.83333 0.0333333 1.06555e-06
1.9 0.0333333 7.60957e-07
1.96667 0.0333333 3.599e-07
2.03333 0.0333333 2.77801e-08
2.1 0.0333333 3.39592e-07
2.16667 0.0333333 5.52301e-07
2.23333 0.0333333 6.67122e-07
2.3 0.0333333 6.9685e-07
2.36667 0.0333333 6.57482e-07
2.43333 0.0333333 5.63869e-07
2.5 0.0333333 4.28189e-07
2.56667 0.0333333 2.60105e-07
2.63333 0.0333333 6.7951e-08
2.7 0.0333333 1.39501e-07
2.76667 0.0333333 3.50993e-07
2.83333 0.0333333 5.51132e-07
2.9 0.0333333 7.20362e-07
2.96667 0.0333333 8.37934e-07
3.03333 0.0333333 8.87966e-07
3.1 0.0333333 8.66109e-07
3.16667 0.0333333 7.82671e-07
3.23333 0.0333333 6.59538e-07
3.3 0.0333333 5.22353e-07
3.36667 0.0333333 3.92462e-07
3.43333 0.0333333 2.82579e-07
3.5 0.0333333 1.96921e-07
3.56667 0.0333333 1.33981e-07
3.63333 0.0333333 8.96268e-08
3.7 0.0333333 5.92595e-08
3.76667 0.0333333 3.88718e-08
3.83333 0.0333333 2.53634e-08
3.9 0.0333333 1.6491e-08
3.96667 0.0333333 1.06971e-08
4.03333 0.0333333 6.92739e-09
4.1 0.0333333 4.48035e-09
4.16667 0.0333333 2.89402e-09
4.23333 0.0333333 1.86638e-09
4.3 0.0333333 1.20084e-09
4.36667 0.0333333 7.69806e-10
4.43333 0.0333333 4.90617e-10
4.5 0.0333333 3.09771e-10
4.56667 0.0333333 1.92665e-10
4.63333 0.0333333 1.16941e-10
4.7 0.0333333 6.81735e-11
4.76667 0.0333333 3.70961e-11
4.83333 0.0333333 1.78171e-11
4.9 0.0333333 6.68813e-12
4.96667 0.0333333 1.6051e-12
0.0333333 0.1 2.33513e-05
0.1 0.1 3.03519e-05
0.166667 0.1 4.20908e-05
0.233333 0.1 5.25069e-05
0.3 0.1 5.34096e-05
0.366667 0.1 3.98069e-05
0.433333 0.1 1.33061e-05
0.5 0.1 1.92133e-05
0.566667 0.1 4.90064e-05
0.633333 0.1 6.98234e-05
0.7 0.1 8.05211e-05
0.766667 0.1 8.24243e-05
0.833333 0.1 7.76249e-05
0.9 0.1 6.88383e-05
0.966667 0.1 5.81133e-05
1.03333 0.1 4.67779e-05
1.1 0.1 3.57709e-05
1.16667 0.1 2.57438e-05
1.23333 0.1 1.71558e-05
1.3 0.1 1.03026e-05
1.36667 0.1 5.29952e-06
1.43333 0.1 2.07908e-06
1.5 0.1 4.27037e-07
1.56667 0.1 1.62239e-08
1.63333 0.1 2.35598e-07
1.7 0.1 6.65805e-07
1.76667 0.1 9.35702e-07
1.83333 0.1 9.41116e-07
1.9 0.1 7.34392e-07
1.96667 0.1 4.21265e-07
2.03333 0.1 9.65221e-08
2.1 0.1 1.79463e-07
2.16667 0.1 3.79451e-07
2.23333 0.1 4.989e-07
2.3 0.1 5.45343e-07
2.36667 0.1 5.3082e-07
2.43333 0.1 4.67571e-07
2.5 0.1 3.66194e-07
2.56667 0.1 2.35348e-07
2.63333 0.1 8.23773e-08
2.7 0.1 8.55382e-08
2.76667 0.1 2.59946e-07
2.83333 0.1 4.29637e-07
2.9 0.1 5.79739e-07
2.96667 0.1 6.92687e-07
3.03333 0.1 7.52271e-07
3.1 0.1 7.50029e-07
3.16667 0.1 6.90333e-07
3.23333 0.1 5.9007e-07
3.3 0.1 4.72276e-07
3.36667 0.1 3.57709e-07
3.43333 0.1 2.59392e-07
3.5 0.1 1.8207e-07
3.56667 0.1 1.24821e-07
3.63333 0.1 8.41465e-08
3.7 0.1 5.60529e-08
3.76667 0.1 3.70246e-08
3.83333 0.1 2.43104e-08
3.9 0.1 1.58952e-08
3.96667 0.1 1.03619e-08
4.03333 0.1 6.73987e-09
4.1 0.1 4.3763e-09
4.16667 0.1 2.83711e-09
4.23333 0.1 1.83611e-09
4.3 0.1 1.18564e-09
4.36667 0.1 7.63152e-10
4.43333 0.1 4.88826e-10
4.5 0.1 3.10751e-10
4.56667 0.1 1.95228e-10
4.63333 0.1 1.20408e-10
4.7 0.1 7.21555e-11
4.76667 0.1 4.13675e-11
4.83333 0.1 2.22463e-11
4.9 0.1 1.11986e-11
4.96667 0.1 6.15482e-12
0.0333333 0.166667 5.49918e-05
0.1 0.166667 4.772e-05
0.166667 0.166667 4.12925e-05
0.233333 0.166667 3.51137e-05
0.3 0.166667 3.37935e-05
0.366667 0.166667 3.79858e-05
0.433333 0.166667 3.72497e-05
0.5 0.166667 2.317e-05
0.566667 0.166667 8.60151e-07
0.633333 0.166667 2.51187e-05
0.7 0.166667 4.41084e-05
0.766667 0.166667 5.2915e-05
0.833333 0.166667 5.44802e-05
0.9 0.166667 5.18997e-05
0.966667 0.166667 4.65406e-05
1.03333 0.166667 3.99031e-05
1.1 0.166667 3.29101e-05
1.16667 0.166667 2.6108e-05
1.23333 0.166667 1.98644e-05
1.3 0.166667 1.43782e-05
1.36667 0.166667 9.73418e-06
1.43333 0.166667 5.91178e-06
1.5 0.166667 2.87101e-06
1.56667 0.166667 8.83752e-07
1.63333 0.166667 1.88765e-07
1.7 0.166667 2.86344e-07
1.76667 0.166667 5.78336e-07
1.83333 0.166667 7.58864e-07
1.9 0.166667 7.52881e-07
1.96667 0.166667 6.04291e-07
2.03333 0.166667 3.89006e-07
2.1 0.166667 1.70176e-07
2.16667 0.166667 1.42405e-08
2.23333 0.166667 1.48088e-07
2.3 0.166667 2.29313e-07
2.36667 0.166667 2.63131e-07
2.43333 0.166667 2.57433e-07
2.5 0.166667 2.20285e-07
2.56667 0.166667 1.58851e-07
2.63333 0.166667 7.91707e-08
2.7 0.166667 1.36872e-08
2.76667 0.166667 1.15307e-07
2.83333 0.166667 2.21381e-07
2.9 0.166667 3.26773e-07
2.96667 0.166667 4.23333e-07
3.03333 0.166667 4.98257e-07
3.1 0.166667 5.36262e-07
3.16667 0.166667 5.27347e-07
3.23333 0.166667 4.74655e-07
3.3 0.166667 3.94318e-07
3.36667 0.166667 3.06702e-07
3.43333 0.166667 2.27039e-07
3.5 0.166667 1.62234e-07
3.56667 0.166667 1.1304e-07
3.63333 0.166667 7.73192e-08
3.7 0.166667 5.21678e-08
3.76667 0.166667 3.4843e-08
3.83333 0.166667 2.30975e-08
3.9 0.166667 1.52261e-08
3.96667 0.166667 9.99553e-09
4.03333 0.166667 6.54122e-09
4.1 0.166667 4.27025e-09
4.16667 0.166667 2.78214e-09
4.23333 0.166667 1.80931e-09
4.3 0.166667 1.17441e-09
4.36667 0.166667 7.60551e-10
4.43333 0.166667 4.91014e-10
4.5 0.166667 3.15608e-10
4.56667 0.166667 2.01579e-10
4.63333 0.166667 1.27598e-10
4.7 0.166667 7.98188e-11
4.76667 0.166667 4.93005e-11
4.83333 0.166667 3.03371e-11
4.9 0.166667 1.93889e-11
4.96667 0.166667 1.44172e-11
0.0333333 0.233333 9.22697e-05
0.1 0.233333 6.83648e-05
0.166667 0.233333 3.46849e-05
0.233333 0.233333 6.99109e-07
0.3 0.233333 3.19595e-05
0.366667 0.233333 7.9997e-06
0.433333 0.233333 7.62174e-05
0.5 0.233333 8.33822e-05
0.566667 0.233333 6.17647e-05
0.633333 0.233333 3.44113e-05
0.7 0.233333 4.21067e-06
0.766667 0.233333 1.48558e-05
0.833333 0.233333 2.64582e-05
0.9 0.233333 3.04167e-05
0.966667 0.233333 3.10424e-05
1.03333 0.233333 3.00777e-05
1.1 0.233333 2.7909e-05
1.16667 0.233333 2.53043e-05
1.23333 0.233333 2.24331e-05
1.3 0.233333 1.91926e-05
1.36667 0.233333 1.55612e-05
1.43333 0.233333 1.16621e-05
1.5 0.233333 7.34415e-06
1.56667 0.233333 2.04452e-06
1.63333 0.233333 1.64305e-07
1.7 0.233333 4.52201e-07
1.76667 0.233333 9.27159e-09
1.83333 0.233333 5.36488e-07
1.9 0.233333 8.53971e-07
1.96667 0.233333 9.3698e-07
2.03333 0.233333 8.58606e-07
2.1 0.233333 7.00989e-07
2.16667 0.233333 5.23626e-07
2.23333 0.233333 3.60508e-07
2.3 0.233333 2.26574e-07
2.36667 0.233333 1.25112e-07
2.43333 0.233333 5.33844e-08
2.5 0.233333 6.18253e-09
2.56667 0.233333 2.21976e-08
2.63333 0.233333 3.69181e-08
2.7 0.233333 4.19299e-08
2.76667 0.233333 3.92372e-08
2.83333 0.233333 2.79759e-08
2.9 0.233333 4.08305e-09
2.96667 0.233333 4.28569e-08
3.03333 0.233333 1.19441e-07
3.1 0.233333 2.13056e-07
3.16667 0.233333 2.89664e-07
3.23333 0.233333 3.19113e-07
3.3 0.233333 2.99243e-07
3.36667 0.233333 2.504e-07
3.43333 0.233333 1.94499e-07
3.5 0.233333 1.43961e-07
3.56667 0.233333 1.02959e-07
3.63333 0.233333 7.18332e-08
3.7 0.233333 4.92168e-08
3.76667 0.233333 3.32725e-08
3.83333 0.233333 2.22706e-08
3.9 0.233333 1.47962e-08
3.96667 0.233333 9.77587e-09
4.03333 0.233333 6.43209e-09
4.1 0.233333 4.21886e-09
4.16667 0.233333 2.76074e-09
4.23333 0.233333 1.8034e-09
4.3 0.233333 1.17646e-09
4.36667 0.233333 7.66674e-10
4.43333 0.233333 4.99209e-10
4.5 0.233333 3.24855e-10
4.56667 0.233333 2.1136e-10
4.63333 0.233333 1.37654e-10
4.7 0.233333 9.00208e-11
4.76667 0.233333 5.95899e-11
4.83333 0.233333 4.0692e-11
4.9 0.233333 2.9809e-11
4.96667 0.233333 2.49132e-11
0.0333333 0.3 0.000121061
0.1 0.3 8.45052e-05
0.166667 0.3 2.46968e-05
0.233333 0.3 7.55913e-05
0.3 0.3 0.000228099
0.366667 0.3 0.000116467
0.433333 0.3 0.000117165
0.5 0.3 0.000138016
0.566667 0.3 0.000122512
0.633333 0.3 0.000101381
0.7 0.3 6.88786e-05
0.766667 0.3 4.03637e-05
0.833333 0.3 2.01861e-05
0.9 0.3 6.89122e-06
0.966667 0.3 2.73016e-06
1.03333 0.3 7.71645e-06
1.1 0.3 1.1753e-05
1.16667 0.3 1.54813e-05
1.23333 0.3 1.82149e-05
1.3 0.3 1.93149e-05
1.36667 0.3 1.83635e-05
1.43333 0.3 1.56508e-05
1.5 0.3 1.15179e-05
1.56667 0.3 2.80691e-06
1.63333 0.3 1.30865e-06
1.7 0.3 1.83409e-06
1.76667 0.3 8.58309e-07
1.83333 0.3 2.90648e-07
1.9 0.3 1.0717e-06
1.96667 0.3 1.43247e-06
2.03333 0.3 1.49191e-06
2.1 0.3 1.37975e-06
2.16667 0.3 1.19038e-06
2.23333 0.3 9.80616e-07
2.3 0.3 7.79643e-07
2.36667 0.3 5.99261e-07
2.43333 0.3 4.41579e-07
2.5 0.3 3.03936e-07
2.56667 0.3 1.81758e-07
2.63333 0.3 7.01239e-08
2.7 0.3 3.52678e-08
2.76667 0.3 1.37161e-07
2.83333 0.3 2.35326e-07
2.9 0.3 3.24827e-07
2.96667 0.3 4.00908e-07
3.03333 0.3 3.986e-07
3.1 0.3 2.69899e-07
3.16667 0.3 6.2941e-08
3.23333 0.3 1.09553e-07
3.3 0.3 1.87916e-07
3.36667 0.3 1.9357e-07
3.43333 0.3 1.6694e-07
3.5 0.3 1.30739e-07
3.56667 0.3 9.6679e-08
3.63333 0.3 6.8894e-08
3.7 0.3 4.78766e-08
3.76667 0.3 3.2689e-08
3.83333 0.3 2.20378e-08
3.9 0.3 1.47202e-08
3.96667 0.3 9.76579e-09
4.03333 0.3 6.44672e-09
4.1 0.3 4.24049e-09
4.16667 0.3 2.78243e-09
4.23333 0.3 1.82296e-09
4.3 0.3 1.19361e-09
4.36667 0.3 7.81784e-10
4.43333 0.3 5.12795e-10
4.5 0.3 3.37377e-10
4.56667 0.3 2.2317e-10
4.63333 0.3 1.49006e-10
4.7 0.3 1.01093e-10
4.76667 0.3 7.05023e-11
4.83333 0.3 5.15314e-11
4.9 0.3 4.06423e-11
4.96667 0.3 3.58001e-11
0.0333333 0.366667 0.000128094
0.1 0.366667 8.85962e-05
0.166667 0.366667 2.28804e-05
0.233333 0.366667 8.81717e-05
0.3 0.366667 0.00033464
0.366667 0.366667 0.000220149
0.433333 0.366667 0.000131866
0.5 0.366667 0.000174323
0.566667 0.366667 0.000160729
0.633333 0.366667 0.000140685
0.7 0.366667 0.000105691
0.766667 0.366667 7.33249e-05
0.833333 0.366667 4.9048e-05
0.9 0.366667 2.8213e-05
0.966667 0.366667 1.41575e-05
1.03333 0.366667 5.65998e-06
1.1 0.366667 4.38159e-06
1.16667 0.366667 1.38032e-05
1.23333 0.366667 2.17923e-05
1.3 0.366667 2.70533e-05
1.36667 0.366667 2.79488e-05
1.43333 0.366667 2.40305e-05
1.5 0.366667 1.59247e-05
1.56667 0.366667 2.14205e-06
1.63333 0.366667 4.29707e-06
1.7 0.366667 4.48586e-06
1.76667 0.366667 2.25604e-06
1.83333 0.366667 4.15988e-08
1.9 0.366667 1.36263e-06
1.96667 0.366667 2.02553e-06
2.03333 0.366667 2.20171e-06
2.1 0.366667 2.10683e-06
2.16667 0.366667 1.88281e-06
2.23333 0.366667 1.61203e-06
2.3 0.366667 1.33724e-06
2.36667 0.366667 1.07738e-06
2.43333 0.366667 8.38234e-07
2.5 0.366667 6.1898e-07
2.56667 0.366667 4.15837e-07
2.63333 0.366667 2.23979e-07
2.7 0.366667 3.84397e-08
2.76667 0.366667 1.45383e-07
2.83333 0.366667 3.31118e-07
2.9 0.366667 5.20086e-07
2.96667 0.366667 7.13198e-07
3.03333 0.366667 1.02652e-06
3.1 0.366667 1.04069e-06
3.16667 0.366667 6.45283e-07
3.23333 0.366667 1.97693e-07
3.3 0.366667 5.25671e-08
3.36667 0.366667 1.39871e-07
3.43333 0.366667 1.45706e-07
3.5 0.366667 1.22581e-07
3.56667 0.366667 9.37399e-08
3.63333 0.366667 6.80026e-08
3.7 0.366667 4.77477e-08
3.76667 0.366667 3.28087e-08
3.83333 0.366667 2.22089e-08
3.9 0.366667 1.48747e-08
3.96667 0.366667 9.88671e-09
4.03333 0.366667 6.53554e-09
4.1 0.366667 4.30389e-09
4.16667 0.366667 2.82742e-09
4.23333 0.366667 1.85527e-09
4.3 0.366667 1.21747e-09
4.36667 0.366667 8.00145e-10
4.43333 0.366667 5.27644e-10
4.5 0.366667 3.50014e-10
4.56667 0.366667 2.34432e-10
4.63333 0.366667 1.59424e-10
4.7 0.366667 1.11002e-10
4.76667 0.366667 8.01161e-11
4.83333 0.366667 6.09872e-11
4.9 0.366667 5.00367e-11
4.96667 0.366667 4.52148e-11
0.0333333 0.433333 0.000110523
0.1 0.433333 7.7961e-05
0.166667 0.433333 2.95298e-05
0.233333 0.433333 2.50916e-05
0.3 0.433333 6.53105e-05
0.366667 0.433333 1.63738e-05
0.433333 0.433333 0.000155122
0.5 0.433333 0.000177478
0.566667 0.433333 0.000165231
0.633333 0.433333 0.000149231
0.7 0.433333 0.000116767
0.766667 0.433333 8.52949e-05
0.833333 0.433333 5.92445e-05
0.9 0.433333 3.57016e-05
0.966667 0.433333 2.01895e-05
1.03333 0.433333 8.58012e-06
1.1 0.433333 5.7101e-06
1.16667 0.433333 1.95053e-05
1.23333 0.433333 3.21483e-05
1.3 0.433333 4.17965e-05
1.36667 0.433333 4.54121e-05
1.43333 0.433333 3.82173e-05
1.5 0.433333 2.12818e-05
1.56667 0.433333 1.93939e-06
1.63333 0.433333 1.14094e-05
1.7 0.433333 9.6143e-06
1.76667 0.433333 4.52256e-06
1.83333 0.433333 5.61393e-07
1.9 0.433333 1.62436e-06
1.96667 0.433333 2.58724e-06
2.03333 0.433333 2.84629e-06
2.1 0.433333 2.73925e-06
2.16667 0.433333 2.46373e-06
2.23333 0.433333 2.12709e-06
2.3 0.433333 1.78309e-06
2.36667 0.433333 1.45535e-06
2.43333 0.433333 1.15151e-06
2.5 0.433333 8.71416e-07
2.56667 0.433333 6.11525e-07
2.63333 0.433333 3.67065e-07
2.7 0.433333 1.32949e-07
2.76667 0.433333 9.59682e-08
2.83333 0.433333 3.24665e-07
2.9 0.433333 5.56713e-07
2.96667 0.433333 7.83649e-07
3.03333 0.433333 9.84963e-07
3.1 0.433333 2.42198e-06
3.16667 0.433333 1.9425e-06
3.23333 0.433333 6.09207e-07
3.3 0.433333 7.35644e-08
3.36667 0.433333 9.73975e-08
3.43333 0.433333 1.31426e-07
3.5 0.433333 1.18062e-07
3.56667 0.433333 9.26077e-08
3.63333 0.433333 6.7979e-08
3.7 0.433333 4.80225e-08
3.76667 0.433333 3.31078e-08
3.83333 0.433333 2.24538e-08
3.9 0.433333 1.5055e-08
3.96667 0.433333 1.00128e-08
4.03333 0.433333 6.62145e-09
4.1 0.433333 4.36184e-09
4.16667 0.433333 2.86664e-09
4.23333 0.433333 1.88225e-09
4.3 0.433333 1.2366e-09
4.36667 0.433333 8.14317e-10
4.43333 0.433333 5.38714e-10
4.5 0.433333 3.59162e-10
4.56667 0.433333 2.424e-10
4.63333 0.433333 1.66674e-10
4.7 0.433333 1.17821e-10
4.76667 0.433333 8.66803e-11
4.83333 0.433333 6.741e-11
4.9 0.433333 5.63951e-11
4.96667 0.433333 5.15741e-11
0.0333333 0.5 7.80775e-05
0.1 0.5 5.66958e-05
0.166667 0.5 2.96502e-05
0.233333 0.5 1.25311e-05
0.3 0.5 2.0779e-05
0.366667 0.5 6.93025e-05
0.433333 0.5 0.000123529
0.5 0.5 0.000142752
0.566667 0.5 0.00014063
0.633333 0.5 0.000133083
0.7 0.5 0.000107971
0.766667 0.5 8.10007e-05
0.833333 0.5 5.72825e-05
0.9 0.5 3.60181e-05
0.966667 0.5 1.91672e-05
1.03333 0.5 4.74449e-06
1.1 0.5 1.09462e-05
1.16667 0.5 2.7322e-05
1.23333 0.5 4.33949e-05
1.3 0.5 5.7224e-05
1.36667 0.5 6.56217e-05
1.43333 0.5 6.43658e-05
1.5 0.5 3.00141e-05
1.56667 0.5 1.25097e-05
1.63333 0.5 2.79552e-05
1.7 0.5 1.89498e-05
1.76667 0.5 7.50257e-06
1.83333 0.5 1.20803e-06
1.9 0.5 1.78053e-06
1.96667 0.5 2.98732e-06
2.03333 0.5 3.28253e-06
2.1 0.5 3.13967e-06
2.16667 0.5 2.80845e-06
2.23333 0.5 2.4156e-06
2.3 0.5 2.02117e-06
2.36667 0.5 1.65003e-06
2.43333 0.5 1.30931e-06
2.5 0.5 9.97944e-07
2.56667 0.5 7.11555e-07
2.63333 0.5 4.44798e-07
2.7 0.5 1.92284e-07
2.76667 0.5 5.11678e-08
2.83333 0.5 2.9021e-07
2.9 0.5 5.26323e-07
2.96667 0.5 7.47316e-07
3.03333 0.5 7.41547e-07
3.1 0.5 3.80563e-06
3.16667 0.5 3.13368e-06
3.23333 0.5 8.02516e-07
3.3 0.5 1.27762e-07
3.36667 0.5 8.1034e-08
3.43333 0.5 1.2643e-07
3.5 0.5 1.16711e-07
3.56667 0.5 9.24138e-08
3.63333 0.5 6.81115e-08
3.7 0.5 4.82093e-08
3.76667 0.5 3.3269e-08
3.83333 0.5 2.25741e-08
3.9 0.5 1.51392e-08
3.96667 0.5 1.00697e-08
4.03333 0.5 6.65922e-09
4.1 0.5 4.38677e-09
4.16667 0.5 2.88315e-09
4.23333 0.5 1.89337e-09
4.3 0.5 1.24431e-09
4.36667 0.5 8.19888e-10
4.43333 0.5 5.42959e-10
4.5 0.5 3.6259e-10
4.56667 0.5 2.45329e-10
4.63333 0.5 1.693e-10
4.7 0.5 1.20263e-10
4.76667 0.5 8.90152e-11
4.83333 0.5 6.96838e-11
4.9 0.5 5.86399e-11
4.96667 0.5 5.38167e-11
0.0333333 0.566667 4.4842e-05
0.1 0.566667 3.30039e-05
0.166667 0.566667 1.9043e-05
0.233333 0.566667 1.42539e-05
0.3 0.566667 2.56783e-05
0.366667 0.566667 5.09343e-05
0.433333 0.566667 7.74155e-05
0.5 0.566667 9.3926e-05
0.566667 0.566667 0.000100502
0.633333 0.566667 0.000101552
0.7 0.566667 8.52751e-05
0.766667 0.566667 6.49231e-05
0.833333 0.566667 4.59762e-05
0.9 0.566667 2.89508e-05
0.966667 0.566667 1.34725e-05
1.03333 0.566667 1.35016e-06
1.1 0.566667 1.67296e-05
1.16667 0.566667 3.31518e-05
1.23333 0.566667 4.98134e-05
1.3 0.566667 6.49018e-05
1.36667 0.566667 7.58958e-05
1.43333 0.566667 8.05872e-05
1.5 0.566667 9.55269e-05
1.56667 0.566667 4.67173e-05
1.63333 0.566667 7.27082e-05
1.7 0.566667 2.9034e-05
1.76667 0.566667 1.00293e-05
1.83333 0.566667 1.77393e-06
1.9 0.566667 1.77211e-06
1.96667 0.566667 3.09494e-06
2.03333 0.566667 3.37435e-06
2.1 0.566667 3.18555e-06
2.16667 0.566667 2.81167e-06
2.23333 0.566667 2.38835e-06
2.3 0.566667 1.97589e-06
2.36667 0.566667 1.59678e-06
2.43333 0.566667 1.25546e-06
2.5 0.566667 9.48427e-07
2.56667 0.566667 6.69408e-07
2.63333 0.566667 4.11563e-07
2.7 0.566667 1.68339e-07
2.76667 0.566667 6.63697e-08
2.83333 0.566667 2.9803e-07
2.9 0.566667 5.3007e-07
2.96667 0.566667 7.52535e-07
3.03333 0.566667 9.35389e-07
3.1 0.566667 2.38593e-06
3.16667 0.566667 1.93689e-06
3.23333 0.566667 6.11883e-07
3.3 0.566667 7.51143e-08
3.36667 0.566667 9.66159e-08
3.43333 0.566667 1.3105e-07
3.5 0.566667 1.17883e-07
3.56667 0.566667 9.25226e-08
3.63333 0.566667 6.79386e-08
3.7 0.566667 4.80032e-08
3.76667 0.566667 3.30986e-08
3.83333 0.566667 2.24493e-08
3.9 0.566667 1.50529e-08
3.96667 0.566667 1.00118e-08
4.03333 0.566667 6.62096e-09
4.1 0.566667 4.36161e-09
4.16667 0.566667 2.86652e-09
4.23333 0.566667 1.88219e-09
4.3 0.566667 1.23657e-09
4.36667 0.566667 8.14304e-10
4.43333 0.566667 5.38708e-10
4.5 0.566667 3.59159e-10
4.56667 0.566667 2.42399e-10
4.63333 0.566667 1.66674e-10
4.7 0.566667 1.1782e-10
4.76667 0.566667 8.66801e-11
4.83333 0.566667 6.74099e-11
4.9 0.566667 5.63951e-11
4.96667 0.566667 5.1574e-11
0.0333333 0.633333 2.02169e-05
0.1 0.633333 1.45299e-05
0.166667 0.633333 7.68367e-06
0.233333 0.633333 6.32475e-06
0.3 0.633333 1.27541e-05
0.366667 0.633333 2.50954e-05
0.433333 0.633333 3.87928e-05
0.5 0.633333 4.96513e-05
0.566667 0.633333 5.74783e-05
0.633333 0.633333 6.2733e-05
0.7 0.633333 5.35621e-05
0.766667 0.633333 3.99459e-05
0.833333 0.633333 2.67969e-05
0.9 0.633333 1.45568e-05
0.966667 0.633333 2.8044e-06
1.03333 0.633333 9.10383e-06
1.1 0.633333 2.17373e-05
1.16667 0.633333 3.51683e-05
1.23333 0.633333 4.85677e-05
1.3 0.633333 6.00162e-05
1.36667 0.633333 6.65848e-05
1.43333 0.633333 6.58135e-05
1.5 0.633333 5.29359e-05
1.56667 0.633333 0.000106219
1.63333 0.633333 9.50609e-05
1.7 0.633333 3.06028e-05
1.76667 0.633333 1.03079e-05
1.83333 0.633333 1.77552e-06
1.9 0.633333 1.70081e-06
1.96667 0.633333 2.90973e-06
2.03333 0.633333 3.09805e-06
2.1 0.633333 2.85485e-06
2.16667 0.633333 2.45993e-06
2.23333 0.633333 2.04104e-06
2.3 0.633333 1.65066e-06
2.36667 0.633333 1.30494e-06
2.43333 0.633333 1.00364e-06
2.5 0.633333 7.39974e-07
2.56667 0.633333 5.05338e-07
2.63333 0.633333 2.9129e-07
2.7 0.633333 9.02685e-08
2.76667 0.633333 1.0415e-07
2.83333 0.633333 2.96866e-07
2.9 0.633333 4.90169e-07
2.96667 0.633333 6.86129e-07
3.03333 0.633333 1.00896e-06
3.1 0.633333 1.03544e-06
3.16667 0.633333 6.47635e-07
3.23333 0.633333 2.01613e-07
3.3 0.633333 5.00982e-08
3.36667 0.633333 1.38606e-07
3.43333 0.633333 1.45087e-07
3.5 0.633333 1.22282e-07
3.56667 0.633333 9.35973e-08
3.63333 0.633333 6.79344e-08
3.7 0.633333 4.77151e-08
3.76667 0.633333 3.27931e-08
3.83333 0.633333 2.22014e-08
3.9 0.633333 1.48711e-08
3.96667 0.633333 9.88497e-09
4.03333 0.633333 6.53469e-09
4.1 0.633333 4.30348e-09
4.16667 0.633333 2.82722e-09
4.23333 0.633333 1.85517e-09
4.3 0.633333 1.21742e-09
4.36667 0.633333 8.00121e-10
4.43333 0.633333 5.27633e-10
4.5 0.633333 3.50008e-10
4.56667 0.633333 2.34429e-10
4.63333 0.633333 1.59423e-10
4.7 0.633333 1.11001e-10
4.76667 0.633333 8.01157e-11
4.83333 0.633333 6.0987e-11
4.9 0.633333 5.00366e-11
4.96667 0.633333 4.52147e-11
0.0333333 0.7 6.10402e-06
0.1 0.7 3.59972e-06
0.166667 0.7 1.97028e-07
0.233333 0.7 1.06692e-06
0.3 0.7 7.18947e-07
0.366667 0.7 5.00798e-06
0.433333 0.7 1.0318e-05
0.5 0.7 1.45644e-05
0.566667 0.7 1.78685e-05
0.633333 0.7 2.05644e-05
0.7 0.7 1.40565e-05
0.766667 0.7 5.75629e-06
0.833333 0.7 1.54151e-06
0.9 0.7 8.11098e-06
0.966667 0.7 1.44524e-05
1.03333 0.7 2.10374e-05
1.1 0.7 2.81317e-05
1.16667 0.7 3.55389e-05
1.23333 0.7 4.22912e-05
1.3 0.7 4.6365e-05
1.36667 0.7 4.4529e-05
1.43333 0.7 3.1567e-05
1.5 0.7 5.12464e-06
1.56667 0.7 5.23255e-05
1.63333 0.7 4.80663e-05
1.7 0.7 2.25048e-05
1.76667 0.7 7.56435e-06
1.83333 0.7 9.69367e-07
1.9 0.7 1.68892e-06
1.96667 0.7 2.51089e-06
2.03333 0.7 2.51866e-06
2.1 0.7 2.20863e-06
2.16667 0.7 1.81307e-06
2.23333 0.7 1.43218e-06
2.3 0.7 1.10166e-06
2.36667 0.7 8.27511e-07
2.43333 0.7 6.03423e-07
2.5 0.7 4.19179e-07
2.56667 0.7 2.6434e-07
2.63333 0.7 1.29726e-07
2.7 0.7 8.02013e-09
2.76667 0.7 1.05664e-07
2.83333 0.7 2.12707e-07
2.9 0.7 3.09581e-07
2.96667 0.7 3.93209e-07
3.03333 0.7 3.9792e-07
3.1 0.7 2.73828e-07
3.16667 0.7 6.81224e-08
3.23333 0.7 1.05421e-07
3.3 0.7 1.8537e-07
3.36667 0.7 1.92224e-07
3.43333 0.7 1.66268e-07
3.5 0.7 1.3041e-07
3.56667 0.7 9.65203e-08
3.63333 0.7 6.88177e-08
3.7 0.7 4.78399e-08
3.76667 0.7 3.26714e-08
3.83333 0.7 2.20294e-08
3.9 0.7 1.47161e-08
3.96667 0.7 9.76381e-09
4.03333 0.7 6.44576e-09
4.1 0.7 4.24003e-09
4.16667 0.7 2.78221e-09
4.23333 0.7 1.82285e-09
4.3 0.7 1.19356e-09
4.36667 0.7 7.81757e-10
4.43333 0.7 5.12782e-10
4.5 0.7 3.3737e-10
4.56667 0.7 2.23167e-10
4.63333 0.7 1.49005e-10
4.7 0.7 1.01092e-10
4.76667 0.7 7.05019e-11
4.83333 0.7 5.15312e-11
4.9 0.7 4.06421e-11
4.96667 0.7 3.58e-11
0.0333333 0.766667 3.37646e-08
0.1 0.766667 1.24496e-06
0.166667 0.766667 3.49905e-06
0.233333 0.766667 5.65326e-06
0.3 0.766667 7.44799e-06
0.366667 0.766667 8.79378e-06
0.433333 0.766667 9.91476e-06
0.5 0.766667 1.17084e-05
0.566667 0.766667 1.50056e-05
0.633333 0.766667 2.22647e-05
0.7 0.766667 3.16392e-05
0.766667 0.766667 3.59175e-05
0.833333 0.766667 3.75628e-05
0.9 0.766667 3.78603e-05
0.966667 0.766667 3.75233e-05
1.03333 0.766667 3.70512e-05
1.1 0.766667 3.66924e-05
1.16667 0.766667 3.63132e-05
1.23333 0.766667 3.52142e-05
1.3 0.766667 3.1983e-05
1.36667 0.766667 2.44742e-05
1.43333 0.766667 1.03935e-05
1.5 0.766667 7.91956e-06
1.56667 0.766667 2.03191e-05
1.63333 0.766667 1.84809e-05
1.7 0.766667 9.89122e-06
1.76667 0.766667 2.9035e-06
1.83333 0.766667 6.16471e-07
1.9 0.766667 1.9098e-06
1.96667 0.766667 2.0957e-06
2.03333 0.766667 1.82254e-06
2.1 0.766667 1.41711e-06
2.16667 0.766667 1.02568e-06
2.23333 0.766667 7.01565e-07
2.3 0.766667 4.5451e-07
2.36667 0.766667 2.76365e-07
2.43333 0.766667 1.53549e-07
2.5 0.766667 7.24669e-08
2.56667 0.766667 2.14942e-08
2.63333 0.766667 8.51857e-09
2.7 0.766667 2.41514e-08
2.76667 0.766667 2.91342e-08
2.83333 0.766667 2.37344e-08
2.9 0.766667 4.56448e-09
2.96667 0.766667 3.8802e-08
3.03333 0.766667 1.13377e-07
3.1 0.766667 2.06766e-07
3.16667 0.766667 2.84494e-07
3.23333 0.766667 3.15565e-07
3.3 0.766667 2.97127e-07
3.36667 0.766667 2.49257e-07
3.43333 0.766667 1.93917e-07
3.5 0.766667 1.43674e-07
3.56667 0.766667 1.02818e-07
3.63333 0.766667 7.17653e-08
3.7 0.766667 4.91841e-08
3.76667 0.766667 3.32567e-08
3.83333 0.766667 2.2263e-08
3.9 0.766667 1.47926e-08
3.96667 0.766667 9.77409e-09
4.03333 0.766667 6.43122e-09
4.1 0.766667 4.21844e-09
4.16667 0.766667 2.76054e-09
4.23333 0.766667 1.8033e-09
4.3 0.766667 1.17642e-09
4.36667 0.766667 7.6665e-10
4.43333 0.766667 4.99197e-10
4.5 0.766667 3.24849e-10
4.56667 0.766667 2.11357e-10
4.63333 0.766667 1.37652e-10
4.7 0.766667 9.002e-11
4.76667 0.766667 5.95896e-11
4.83333 0.766667 4.06918e-11
4.9 0.766667 2.98089e-11
4.96667 0.766667 2.49132e-11
0.0333333 0.833333 1.40646e-06
0.1 0.833333 2.39421e-06
0.166667 0.833333 4.55961e-06
0.233333 0.833333 7.80937e-06
0.3 0.833333 1.21724e-05
0.366667 0.833333 1.75684e-05
0.433333 0.833333 2.37611e-05
0.5 0.833333 3.05762e-05
0.566667 0.833333 3.8144e-05
0.633333 0.833333 4.60033e-05
0.7 0.833333 5.19245e-05
0.766667 0.833333 5.38435e-05
0.833333 0.833333 5.22146e-05
0.9 0.833333 4.83232e-05
0.966667 0.833333 4.31077e-05
1.03333 0.833333 3.72659e-05
1.1 0.833333 3.12997e-05
1.16667 0.833333 2.54905e-05
1.23333 0.833333 1.98444e-05
1.3 0.833333 1.40624e-05
1.36667 0.833333 7.74516e-06
1.43333 0.833333 1.15817e-06
1.5 0.833333 3.94705e-06
1.56667 0.833333 5.49766e-06
1.63333 0.833333 3.44224e-06
1.7 0.833333 2.5957e-07
1.76667 0.833333 1.90011e-06
1.83333 0.833333 2.61932e-06
1.9 0.833333 2.42041e-06
1.96667 0.833333 1.84532e-06
2.03333 0.833333 1.21718e-06
2.1 0.833333 6.81825e-07
2.16667 0.833333 2.82005e-07
2.23333 0.833333 1.242e-08
2.3 0.833333 1.49553e-07
2.36667 0.833333 2.2908e-07
2.43333 0.833333 2.48003e-07
2.5 0.833333 2.23361e-07
2.56667 0.833333 1.67783e-07
2.63333 0.833333 9.04901e-08
2.7 0.833333 1.66755e-09
2.76667 0.833333 1.0334e-07
2.83333 0.833333 2.09809e-07
2.9 0.833333 3.15884e-07
2.96667 0.833333 4.13534e-07
3.03333 0.833333 4.90026e-07
3.1 0.833333 5.29932e-07
3.16667 0.833333 5.22934e-07
3.23333 0.833333 4.71865e-07
3.3 0.833333 3.92702e-07
3.36667 0.833333 3.0583e-07
3.43333 0.833333 2.26591e-07
3.5 0.833333 1.62011e-07
3.56667 0.833333 1.12931e-07
3.63333 0.833333 7.72662e-08
3.7 0.833333 5.21422e-08
3.76667 0.833333 3.48307e-08
3.83333 0.833333 2.30915e-08
3.9 0.833333 1.52232e-08
3.96667 0.833333 9.99414e-09
4.03333 0.833333 6.54054e-09
4.1 0.833333 4.26992e-09
4.16667 0.833333 2.78197e-09
4.23333 0.833333 1.80923e-09
4.3 0.833333 1.17437e-09
4.36667 0.833333 7.60532e-10
4.43333 0.833333 4.91004e-10
4.5 0.833333 3.15604e-10
4.56667 0.833333 2.01577e-10
4.63333 0.833333 1.27597e-10
4.7 0.833333 7.98182e-11
4.76667 0.833333 4.93002e-11
4.83333 0.833333 3.03369e-11
4.9 0.833333 1.93888e-11
4.96667 0.833333 1.44171e-11
0.0333333 0.9 9.45046e-07
0.1 0.9 1.96142e-06
0.166667 0.9 4.38265e-06
0.233333 0.9 8.6482e-06
0.3 0.9 1.50287e-05
0.366667 0.9 2.33953e-05
0.433333 0.9 3.31809e-05
0.5 0.9 4.35144e-05
0.566667 0.9 5.32655e-05
0.633333 0.9 6.09662e-05
0.7 0.9 6.51482e-05
0.766667 0.9 6.50516e-05
0.833333 0.9 6.09571e-05
0.9 0.9 5.38403e-05
0.966667 0.9 4.47872e-05
1.03333 0.9 3.47743e-05
1.1 0.9 2.46864e-05
1.16667 0.9 1.53472e-05
1.23333 0.9 7.50976e-06
1.3 0.9 1.79506e-06
1.36667 0.9 1.38441e-06
1.43333 0.9 1.9449e-06
1.5 0.9 3.25254e-07
1.56667 0.9 2.38251e-06
1.63333 0.9 4.76476e-06
1.7 0.9 5.85918e-06
1.76667 0.9 5.56877e-06
1.83333 0.9 4.42265e-06
1.9 0.9 3.03141e-06
1.96667 0.9 1.77843e-06
2.03333 0.9 8.11775e-07
2.1 0.9 1.41232e-07
2.16667 0.9 2.80098e-07
2.23333 0.9 5.11874e-07
2.3 0.9 6.0741e-07
2.36667 0.9 6.08001e-07
2.43333 0.9 5.43207e-07
2.5 0.9 4.33223e-07
2.56667 0.9 2.91681e-07
2.63333 0.9 1.28278e-07
2.7 0.9 4.88612e-08
2.76667 0.9 2.31057e-07
2.83333 0.9 4.07209e-07
2.9 0.9 5.62668e-07
2.96667 0.9 6.80071e-07
3.03333 0.9 7.43328e-07
3.1 0.9 7.44016e-07
3.16667 0.9 6.86528e-07
3.23333 0.9 5.87809e-07
3.3 0.9 4.7101e-07
3.36667 0.9 3.57035e-07
3.43333 0.9 2.59049e-07
3.5 0.9 1.819e-07
3.56667 0.9 1.24738e-07
3.63333 0.9 8.41063e-08
3.7 0.9 5.60336e-08
3.76667 0.9 3.70153e-08
3.83333 0.9 2.4306e-08
3.9 0.9 1.58931e-08
3.96667 0.9 1.03608e-08
4.03333 0.9 6.73937e-09
4.1 0.9 4.37606e-09
4.16667 0.9 2.83699e-09
4.23333 0.9 1.83605e-09
4.3 0.9 1.18561e-09
4.36667 0.9 7.63138e-10
4.43333 0.9 4.88818e-10
4.5 0.9 3.10747e-10
4.56667 0.9 1.95227e-10
4.63333 0.9 1.20407e-10
4.7 0.9 7.21551e-11
4.76667 0.9 4.13673e-11
4.83333 0.9 2.22462e-11
4.9 0.9 1.11986e-11
4.96667 0.9 6.1548e-12
0.0333333 0.966667 2.96994e-07
0.1 0.966667 1.3775e-06
0.166667 0.966667 4.05436e-06
0.233333 0.966667 9.00924e-06
0.3 0.966667 1.66529e-05
0.366667 0.966667 2.68242e-05
0.433333 0.966667 3.87242e-05
0.5 0.966667 5.10146e-05
0.566667 0.966667 6.20008e-05
0.633333 0.966667 6.99474e-05
0.7 0.966667 7.35386e-05
0.766667 0.966667 7.22837e-05
0.833333 0.966667 6.65783e-05
0.9 0.966667 5.74054e-05
0.966667 0.966667 4.59605e-05
1.03333 0.966667 3.34434e-05
1.1 0.966667 2.10339e-05
1.16667 0.966667 9.92743e-06
1.23333 0.966667 1.30891e-06
1.3 0.966667 3.8012e-06
1.36667 0.966667 4.90519e-06
1.43333 0.966667 2.48108e-06
1.5 0.966667 1.91019e-06
1.56667 0.966667 6.18299e-06
1.63333 0.966667 8.71308e-06
1.7 0.966667 9.02204e-06
1.76667 0.966667 7.66267e-06
1.83333 0.966667 5.57258e-06
1.9 0.966667 3.50439e-06
1.96667 0.966667 1.83433e-06
2.03333 0.966667 6.4595e-07
2.1 0.966667 1.20405e-07
2.16667 0.966667 5.64703e-07
2.23333 0.966667 7.80789e-07
2.3 0.966667 8.41817e-07
2.36667 0.966667 7.9965e-07
2.43333 0.966667 6.88951e-07
2.5 0.966667 5.32062e-07
2.56667 0.966667 3.43395e-07
2.63333 0.966667 1.33159e-07
2.7 0.966667 8.94093e-08
2.76667 0.966667 3.13215e-07
2.83333 0.966667 5.23239e-07
2.9 0.966667 7.00308e-07
2.96667 0.966667 8.23991e-07
3.03333 0.966667 8.78659e-07
3.1 0.966667 8.60179e-07
3.16667 0.966667 7.79078e-07
3.23333 0.966667 6.57469e-07
3.3 0.966667 5.21218e-07
3.36667 0.966667 3.91866e-07
3.43333 0.966667 2.82277e-07
3.5 0.966667 1.96772e-07
3.56667 0.966667 1.33908e-07
3.63333 0.966667 8.9592e-08
3.7 0.966667 5.92429e-08
3.76667 0.966667 3.88639e-08
3.83333 0.966667 2.53596e-08
3.9 0.966667 1.64892e-08
3.96667 0.966667 1.06962e-08
4.03333 0.966667 6.92696e-09
4.1 0.966667 4.48014e-09
4.16667 0.966667 2.89392e-09
4.23333 0.966667 1.86633e-09
4.3 0.966667 1.20081e-09
4.36667 0.966667 7.69794e-10
4.43333 0.966667 4.90611e-10
4.5 0.966667 3.09768e-10
4.56667 0.966667 1.92664e-10
4.63333 0.966667 1.1694e-10
4.7 0.966667 6.81731e-11
4.76667 0.966667 3.7096e-11
4.83333 0.966667 1.7817e-11
4.9 0.966667 6.6881e-12
4.96667 0.966667 1.6051e-12
