0.0333333 0.0333333 1.5036e-06
0.1 0.0333333 5.28006e-06
0.166667 0.0333333 1.09685e-05
0.233333 0.0333333 1.55282e-05
0.3 0.0333333 1.60309e-05
0.366667 0.0333333 1.13454e-05
0.433333 0.0333333 2.94924e-06
0.5 0.0333333 5.92699e-06
0.566667 0.0333333 1.23268e-05
0.633333 0.0333333 1.51467e-05
0.7 0.0333333 1.49246e-05
0.766667 0.0333333 1.28104e-05
0.833333 0.0333333 9.89909e-06
0.9 0.0333333 6.94108e-06
0.966667 0.0333333 4.35784e-06
1.03333 0.0333333 2.3555e-06
1.1 0.0333333 9.75091e-07
1.16667 0.0333333 1.38535e-07
1.23333 0.0333333 2.80108e-07
1.3 0.0333333 4.10063e-07
1.36667 0.0333333 3.64207e-07
1.43333 0.0333333 2.32986e-07
1.5 0.0333333 8.32088e-08
1.56667 0.0333333 4.19836e-08
1.63333 0.0333333 1.2173e-07
1.7 0.0333333 1.53508e-07
1.76667 0.0333333 1.46817e-07
1.83333 0.0333333 1.1619e-07
1.9 0.0333333 7.56042e-08
1.96667 0.0333333 3.53921e-08
2.03333 0.0333333 1.54728e-09
2.1 0.0333333 2.35124e-08
2.16667 0.0333333 3.96821e-08
2.23333 0.0333333 4.80284e-08
2.3 0.0333333 5.00022e-08
2.36667 0.0333333 4.69992e-08
2.43333 0.0333333 4.01737e-08
2.5 0.0333333 3.04094e-08
2.56667 0.0333333 1.83773e-08
2.63333 0.0333333 4.64431e-09
2.7 0.0333333 1.01881e-08
2.76667 0.0333333 2.53326e-08
2.83333 0.0333333 3.9696e-08
2.9 0.0333333 5.18755e-08
2.96667 0.0333333 6.03726e-08
3.03333 0.0333333 6.40303e-08
3.1 0.0333333 6.25171e-08
3.16667 0.0333333 5.65578e-08
3.23333 0.0333333 4.77174e-08
3.3 0.0333333 3.78401e-08
3.36667 0.0333333 2.84679e-08
3.43333 0.0333333 2.05244e-08
3.5 0.0333333 1.43213e-08
3.56667 0.0333333 9.75591e-09
3.63333 0.0333333 6.53365e-09
3.7 0.0333333 4.32432e-09
3.76667 0.0333333 2.83912e-09
3.83333 0.0333333 1.8539e-09
3.9 0.0333333 1.20615e-09
3.96667 0.0333333 7.82779e-10
4.03333 0.0333333 5.07124e-10
4.1 0.0333333 3.28082e-10
4.16667 0.0333333 2.11963e-10
4.23333 0.0333333 1.36713e-10
4.3 0.0333333 8.79671e-11
4.36667 0.0333333 5.63921e-11
4.43333 0.0333333 3.59388e-11
4.5 0.0333333 2.26899e-11
4.56667 0.0333333 1.4111e-11
4.63333 0.0333333 8.564e-12
4.7 0.0333333 4.99208e-12
4.76667 0.0333333 2.71614e-12
4.83333 0.0333333 1.30444e-12
4.9 0.0333333 4.8962e-13
4.96667 0.0333333 1.17499e-13
0.0333333 0.1 5.77623e-06
0.1 0.1 7.48091e-06
0.166667 0.1 1.04147e-05
0.233333 0.1 1.31568e-05
0.3 0.1 1.36032e-05
0.366667 0.1 1.04804e-05
0.433333 0.1 4.22594e-06
0.5 0.1 3.17216e-06
0.566667 0.1 9.28615e-06
0.633333 0.1 1.26097e-05
0.7 0.1 1.32057e-05
0.766667 0.1 1.18787e-05
0.833333 0.1 9.52639e-06
0.9 0.1 6.91772e-06
0.966667 0.1 4.51555e-06
1.03333 0.1 2.58501e-06
1.1 0.1 1.21783e-06
1.16667 0.1 3.55921e-07
1.23333 0.1 1.12297e-07
1.3 0.1 3.03212e-07
1.36667 0.1 3.16949e-07
1.43333 0.1 2.33775e-07
1.5 0.1 1.14922e-07
1.56667 0.1 3.05981e-09
1.63333 0.1 7.7394e-08
1.7 0.1 1.18461e-07
1.76667 0.1 1.24412e-07
1.83333 0.1 1.06061e-07
1.9 0.1 7.54103e-08
1.96667 0.1 4.21824e-08
2.03333 0.1 1.25597e-08
2.1 0.1 1.05047e-08
2.16667 0.1 2.63089e-08
2.23333 0.1 3.54034e-08
2.3 0.1 3.8854e-08
2.36667 0.1 3.78001e-08
2.43333 0.1 3.32434e-08
2.5 0.1 2.59842e-08
2.56667 0.1 1.66444e-08
2.63333 0.1 5.73625e-09
2.7 0.1 6.24293e-09
2.76667 0.1 1.87026e-08
2.83333 0.1 3.08512e-08
2.9 0.1 4.16293e-08
2.96667 0.1 4.97768e-08
3.03333 0.1 5.41208e-08
3.1 0.1 5.40349e-08
3.16667 0.1 4.98109e-08
3.23333 0.1 4.26456e-08
3.3 0.1 3.41887e-08
3.36667 0.1 2.59369e-08
3.43333 0.1 1.88372e-08
3.5 0.1 1.32409e-08
3.56667 0.1 9.08919e-09
3.63333 0.1 6.13436e-09
3.7 0.1 4.09037e-09
3.76667 0.1 2.70411e-09
3.83333 0.1 1.77679e-09
3.9 0.1 1.16243e-09
3.96667 0.1 7.58122e-10
4.03333 0.1 4.93297e-10
4.1 0.1 3.20389e-10
4.16667 0.1 2.07742e-10
4.23333 0.1 1.3446e-10
4.3 0.1 8.68293e-11
4.36667 0.1 5.58888e-11
4.43333 0.1 3.57973e-11
4.5 0.1 2.27551e-11
4.56667 0.1 1.42946e-11
4.63333 0.1 8.81538e-12
4.7 0.1 5.28213e-12
4.76667 0.1 3.02799e-12
4.83333 0.1 1.62822e-12
4.9 0.1 8.19581e-13
4.96667 0.1 4.50481e-13
0.0333333 0.166667 1.35883e-05
0.1 0.166667 1.17607e-05
0.166667 0.166667 1.02723e-05
0.233333 0.166667 9.2989e-06
0.3 0.166667 9.33388e-06
0.366667 0.166667 9.63226e-06
0.433333 0.166667 7.91905e-06
0.5 0.166667 3.07785e-06
0.566667 0.166667 3.44021e-06
0.633333 0.166667 8.47985e-06
0.7 0.166667 1.08195e-05
0.766667 0.166667 1.09172e-05
0.833333 0.166667 9.44373e-06
0.9 0.166667 7.23035e-06
0.966667 0.166667 5.01528e-06
1.03333 0.166667 3.13114e-06
1.1 0.166667 1.72915e-06
1.16667 0.166667 7.95104e-07
1.23333 0.166667 2.25233e-07
1.3 0.166667 8.37873e-08
1.36667 0.166667 2.13457e-07
1.43333 0.166667 2.2597e-07
1.5 0.166667 1.70266e-07
1.56667 0.166667 8.61001e-08
1.63333 0.166667 4.18108e-09
1.7 0.166667 5.60266e-08
1.76667 0.166667 8.73851e-08
1.83333 0.166667 9.28306e-08
1.9 0.166667 8.06442e-08
1.96667 0.166667 5.98099e-08
2.03333 0.166667 3.72761e-08
2.1 0.166667 1.72384e-08
2.16667 0.166667 1.59843e-09
2.23333 0.166667 9.23647e-09
2.3 0.166667 1.5652e-08
2.36667 0.166667 1.83502e-08
2.43333 0.166667 1.80786e-08
2.5 0.166667 1.55057e-08
2.56667 0.166667 1.11841e-08
2.63333 0.166667 5.56004e-09
2.7 0.166667 1.00135e-09
2.76667 0.166667 8.18751e-09
2.83333 0.166667 1.56999e-08
2.9 0.166667 2.31899e-08
2.96667 0.166667 3.00986e-08
3.03333 0.166667 3.55233e-08
3.1 0.166667 3.83575e-08
3.16667 0.166667 3.78475e-08
3.23333 0.166667 3.41761e-08
3.3 0.166667 2.84752e-08
3.36667 0.166667 2.22049e-08
3.43333 0.166667 1.64727e-08
3.5 0.166667 1.17916e-08
3.56667 0.166667 8.22788e-09
3.63333 0.166667 5.63452e-09
3.7 0.166667 3.80539e-09
3.76667 0.166667 2.54371e-09
3.83333 0.166667 1.68737e-09
3.9 0.166667 1.11294e-09
3.96667 0.166667 7.30932e-10
4.03333 0.166667 4.78493e-10
4.1 0.166667 3.12448e-10
4.16667 0.166667 2.036e-10
4.23333 0.166667 1.32422e-10
4.3 0.166667 8.59586e-11
4.36667 0.166667 5.56673e-11
4.43333 0.166667 3.59379e-11
4.5 0.166667 2.30984e-11
4.56667 0.166667 1.47518e-11
4.63333 0.166667 9.33691e-12
4.7 0.166667 5.84012e-12
4.76667 0.166667 3.60685e-12
4.83333 0.166667 2.21934e-12
4.9 0.166667 1.41848e-12
4.96667 0.166667 1.05505e-12
0.0333333 0.233333 2.28391e-05
0.1 0.233333 1.71273e-05
0.166667 0.233333 9.02598e-06
0.233333 0.233333 1.29121e-06
0.3 0.233333 6.91667e-06
0.366667 0.233333 9.04473e-07
0.433333 0.233333 1.5103e-05
0.5 0.233333 1.41884e-05
0.566667 0.233333 6.67396e-06
0.633333 0.233333 1.19084e-06
0.7 0.233333 7.35747e-06
0.766667 0.233333 1.01694e-05
0.833333 0.233333 1.00101e-05
0.9 0.233333 8.22143e-06
0.966667 0.233333 5.98399e-06
1.03333 0.233333 3.99558e-06
1.1 0.233333 2.48641e-06
1.16667 0.233333 1.43702e-06
1.23333 0.233333 7.24107e-07
1.3 0.233333 2.50445e-07
1.36667 0.233333 4.8218e-08
1.43333 0.233333 2.08719e-07
1.5 0.233333 2.55682e-07
1.56667 0.233333 2.17293e-07
1.63333 0.233333 1.31334e-07
1.7 0.233333 3.73877e-08
1.76667 0.233333 3.61546e-08
1.83333 0.233333 7.85028e-08
1.9 0.233333 9.288e-08
1.96667 0.233333 8.85556e-08
2.03333 0.233333 7.46889e-08
2.1 0.233333 5.78071e-08
2.16667 0.233333 4.16804e-08
2.23333 0.233333 2.80517e-08
2.3 0.233333 1.74186e-08
2.36667 0.233333 9.62237e-09
2.43333 0.233333 4.22189e-09
2.5 0.233333 7.01854e-10
2.56667 0.233333 1.42506e-09
2.63333 0.233333 2.57138e-09
2.7 0.233333 3.04392e-09
2.76667 0.233333 3.00007e-09
2.83333 0.233333 2.38296e-09
2.9 0.233333 8.83617e-10
2.96667 0.233333 2.30842e-09
3.03333 0.233333 7.75211e-09
3.1 0.233333 1.45878e-08
3.16667 0.233333 2.03269e-08
3.23333 0.233333 2.27005e-08
3.3 0.233333 2.14668e-08
3.36667 0.233333 1.80615e-08
3.43333 0.233333 1.40803e-08
3.5 0.233333 1.04473e-08
3.56667 0.233333 7.48482e-09
3.63333 0.233333 5.22905e-09
3.7 0.233333 3.58649e-09
3.76667 0.233333 2.42668e-09
3.83333 0.233333 1.62541e-09
3.9 0.233333 1.08051e-09
3.96667 0.233333 7.14224e-10
4.03333 0.233333 4.70098e-10
4.1 0.233333 3.08428e-10
4.16667 0.233333 2.01871e-10
4.23333 0.233333 1.31887e-10
4.3 0.233333 8.60453e-11
4.36667 0.233333 5.6076e-11
4.43333 0.233333 3.65133e-11
4.5 0.233333 2.37601e-11
4.56667 0.233333 1.54582e-11
4.63333 0.233333 1.00669e-11
4.7 0.233333 6.583e-12
4.76667 0.233333 4.35748e-12
4.83333 0.233333 2.97566e-12
4.9 0.233333 2.18021e-12
4.96667 0.233333 1.8229e-12
0.0333333 0.3 3.00132e-05
0.1 0.3 2.16321e-05
0.166667 0.3 6.8401e-06
0.233333 0.3 1.67389e-05
0.3 0.3 5.05031e-05
0.366667 0.3 3.13101e-05
0.433333 0.3 2.41178e-05
0.5 0.3 2.78619e-05
0.566667 0.3 2.09614e-05
0.633333 0.3 1.05804e-05
0.7 0.3 3.92071e-07
0.766667 0.3 8.33871e-06
0.833333 0.3 1.14052e-05
0.9 0.3 1.01295e-05
0.966667 0.3 7.31741e-06
1.03333 0.3 5.04962e-06
1.1 0.3 3.422e-06
1.16667 0.3 2.24517e-06
1.23333 0.3 1.3845e-06
1.3 0.3 7.28642e-07
1.36667 0.3 2.17185e-07
1.43333 0.3 1.5747e-07
1.5 0.3 3.70826e-07
1.56667 0.3 4.12816e-07
1.63333 0.3 3.21064e-07
1.7 0.3 1.70446e-07
1.76667 0.3 3.03545e-08
1.83333 0.3 6.46681e-08
1.9 0.3 1.12813e-07
1.96667 0.3 1.27148e-07
2.03333 0.3 1.21864e-07
2.1 0.3 1.07282e-07
2.16667 0.3 8.96757e-08
2.23333 0.3 7.23512e-08
2.3 0.3 5.67482e-08
2.36667 0.3 4.32545e-08
2.43333 0.3 3.17274e-08
2.5 0.3 2.17983e-08
2.56667 0.3 1.30343e-08
2.63333 0.3 5.0215e-09
2.7 0.3 2.58621e-09
2.76667 0.3 1.00124e-08
2.83333 0.3 1.72663e-08
2.9 0.3 2.40269e-08
2.96667 0.3 2.99423e-08
3.03333 0.3 3.01374e-08
3.1 0.3 2.09207e-08
3.16667 0.3 5.70287e-09
3.23333 0.3 7.19623e-09
3.3 0.3 1.32324e-08
3.36667 0.3 1.38645e-08
3.43333 0.3 1.20402e-08
3.5 0.3 9.46372e-09
3.56667 0.3 7.0143e-09
3.63333 0.3 5.00651e-09
3.7 0.3 3.48348e-09
3.76667 0.3 2.38078e-09
3.83333 0.3 1.60634e-09
3.9 0.3 1.07367e-09
3.96667 0.3 7.12687e-10
4.03333 0.3 4.70677e-10
4.1 0.3 3.09709e-10
4.16667 0.3 2.03274e-10
4.23333 0.3 1.33206e-10
4.3 0.3 8.72317e-11
4.36667 0.3 5.71402e-11
4.43333 0.3 3.74822e-11
4.5 0.3 2.46608e-11
4.56667 0.3 1.63128e-11
4.63333 0.3 1.08916e-11
4.7 0.3 7.38924e-12
4.76667 0.3 5.1534e-12
4.83333 0.3 3.76712e-12
4.9 0.3 2.97191e-12
4.96667 0.3 2.61915e-12
0.0333333 0.366667 3.16903e-05
0.1 0.366667 2.28171e-05
0.166667 0.366667 7.0619e-06
0.233333 0.366667 1.95137e-05
0.3 0.366667 7.24276e-05
0.366667 0.366667 4.91525e-05
0.433333 0.366667 3.20212e-05
0.5 0.366667 4.14419e-05
0.566667 0.366667 3.67479e-05
0.633333 0.366667 2.88631e-05
0.7 0.366667 1.32765e-05
0.766667 0.366667 1.14582e-06
0.833333 0.366667 1.14733e-05
0.9 0.366667 1.30278e-05
0.966667 0.366667 8.68167e-06
1.03333 0.366667 6.17868e-06
1.1 0.366667 4.41307e-06
1.16667 0.366667 3.13876e-06
1.23333 0.366667 2.17771e-06
1.3 0.366667 1.38157e-06
1.36667 0.366667 6.49297e-07
1.43333 0.366667 1.8219e-08
1.5 0.366667 5.15434e-07
1.56667 0.366667 7.1522e-07
1.63333 0.366667 6.20607e-07
1.7 0.366667 3.7029e-07
1.76667 0.366667 1.22172e-07
1.83333 0.366667 4.69e-08
1.9 0.366667 1.35396e-07
1.96667 0.366667 1.68877e-07
2.03333 0.366667 1.70912e-07
2.1 0.366667 1.57305e-07
2.16667 0.366667 1.37314e-07
2.23333 0.366667 1.1586e-07
2.3 0.366667 9.52544e-08
2.36667 0.366667 7.63535e-08
2.43333 0.366667 5.92595e-08
2.5 0.366667 4.37267e-08
2.56667 0.366667 2.93762e-08
2.63333 0.366667 1.5801e-08
2.7 0.366667 2.61149e-09
2.76667 0.366667 1.05407e-08
2.83333 0.366667 2.39322e-08
2.9 0.366667 3.76975e-08
2.96667 0.366667 5.20651e-08
3.03333 0.366667 7.56554e-08
3.1 0.366667 7.73684e-08
3.16667 0.366667 4.86309e-08
3.23333 0.366667 1.55315e-08
3.3 0.366667 3.27397e-09
3.36667 0.366667 9.89953e-09
3.43333 0.366667 1.04605e-08
3.5 0.366667 8.84813e-09
3.56667 0.366667 6.7865e-09
3.63333 0.366667 4.93292e-09
3.7 0.366667 3.46871e-09
3.76667 0.366667 2.38621e-09
3.83333 0.366667 1.6168e-09
3.9 0.366667 1.08372e-09
3.96667 0.366667 7.20782e-10
4.03333 0.366667 4.76723e-10
4.1 0.366667 3.14077e-10
4.16667 0.366667 2.06404e-10
4.23333 0.366667 1.35474e-10
4.3 0.366667 8.892e-11
4.36667 0.366667 5.84493e-11
4.43333 0.366667 3.8548e-11
4.5 0.366667 2.55728e-11
4.56667 0.366667 1.7129e-11
4.63333 0.366667 1.16489e-11
4.7 0.366667 8.11107e-12
4.76667 0.366667 5.85464e-12
4.83333 0.366667 4.45751e-12
4.9 0.366667 3.65834e-12
4.96667 0.366667 3.30761e-12
0.0333333 0.433333 2.71279e-05
0.1 0.433333 1.97937e-05
0.166667 0.433333 9.40534e-06
0.233333 0.433333 4.08751e-06
0.3 0.433333 1.57064e-05
0.366667 0.433333 4.79577e-06
0.433333 0.433333 3.99122e-05
0.5 0.433333 4.6554e-05
0.566667 0.433333 4.56276e-05
0.633333 0.433333 4.51545e-05
0.7 0.433333 2.83796e-05
0.766667 0.433333 9.65285e-06
0.833333 0.433333 7.4832e-06
0.9 0.433333 1.4641e-05
0.966667 0.433333 9.90187e-06
1.03333 0.433333 7.13796e-06
1.1 0.433333 5.27023e-06
1.16667 0.433333 3.96357e-06
1.23333 0.433333 2.99315e-06
1.3 0.433333 2.17461e-06
1.36667 0.433333 1.34969e-06
1.43333 0.433333 3.37613e-07
1.5 0.433333 6.49778e-07
1.56667 0.433333 1.21371e-06
1.63333 0.433333 1.13054e-06
1.7 0.433333 6.85777e-07
1.76667 0.433333 2.518e-07
1.83333 0.433333 1.93243e-08
1.9 0.433333 1.52895e-07
1.96667 0.433333 2.04138e-07
2.03333 0.433333 2.11509e-07
2.1 0.433333 1.97592e-07
2.16667 0.433333 1.74784e-07
2.23333 0.433333 1.49468e-07
2.3 0.433333 1.24642e-07
2.36667 0.433333 1.01483e-07
2.43333 0.433333 8.02408e-08
2.5 0.433333 6.07382e-08
2.56667 0.433333 4.2633e-08
2.63333 0.433333 2.55415e-08
2.7 0.433333 9.08561e-09
2.76667 0.433333 7.09466e-09
2.83333 0.433333 2.33267e-08
2.9 0.433333 3.98153e-08
2.96667 0.433333 5.58809e-08
3.03333 0.433333 7.03878e-08
3.1 0.433333 1.77809e-07
3.16667 0.433333 1.44459e-07
3.23333 0.433333 4.55904e-08
3.3 0.433333 5.95645e-09
3.36667 0.433333 6.77603e-09
3.43333 0.433333 9.3986e-09
3.5 0.433333 8.50414e-09
3.56667 0.433333 6.69432e-09
3.63333 0.433333 4.92508e-09
3.7 0.433333 3.48495e-09
3.76667 0.433333 2.40571e-09
3.83333 0.433333 1.63328e-09
3.9 0.433333 1.09605e-09
3.96667 0.433333 7.29495e-10
4.03333 0.433333 4.82706e-10
4.1 0.433333 3.18139e-10
4.16667 0.433333 2.09168e-10
4.23333 0.433333 1.37386e-10
4.3 0.433333 9.02836e-11
4.36667 0.433333 5.94648e-11
4.43333 0.433333 3.93451e-11
4.5 0.433333 2.62344e-11
4.56667 0.433333 1.77072e-11
4.63333 0.433333 1.21763e-11
4.7 0.433333 8.60795e-12
4.76667 0.433333 6.33355e-12
4.83333 0.433333 4.92648e-12
4.9 0.433333 4.12292e-12
4.96667 0.433333 3.77259e-12
0.0333333 0.5 1.88373e-05
0.1 0.5 1.41606e-05
0.166667 0.5 8.90296e-06
0.233333 0.5 4.73907e-06
0.3 0.5 4.32886e-06
0.366667 0.5 1.67857e-05
0.433333 0.5 3.16108e-05
0.5 0.5 3.81354e-05
0.566667 0.5 4.0829e-05
0.633333 0.5 4.29551e-05
0.7 0.5 2.8162e-05
0.766667 0.5 9.93668e-06
0.833333 0.5 7.614e-06
0.9 0.5 1.52799e-05
0.966667 0.5 1.05102e-05
1.03333 0.5 7.64573e-06
1.1 0.5 5.77467e-06
1.16667 0.5 4.51441e-06
1.23333 0.5 3.62146e-06
1.3 0.5 2.90637e-06
1.36667 0.5 2.21202e-06
1.43333 0.5 1.39067e-06
1.5 0.5 5.80906e-07
1.56667 0.5 2.0289e-06
1.63333 0.5 2.08207e-06
1.7 0.5 1.17479e-06
1.76667 0.5 4.03201e-07
1.83333 0.5 1.35107e-08
1.9 0.5 1.61059e-07
1.96667 0.5 2.25279e-07
2.03333 0.5 2.35062e-07
2.1 0.5 2.19724e-07
2.16667 0.5 1.94289e-07
2.23333 0.5 1.66161e-07
2.3 0.5 1.38701e-07
2.36667 0.5 1.13187e-07
2.43333 0.5 8.9871e-08
2.5 0.5 6.8553e-08
2.56667 0.5 4.88661e-08
2.63333 0.5 3.04132e-08
2.7 0.5 1.28174e-08
2.76667 0.5 4.26188e-09
2.83333 0.5 2.10997e-08
2.9 0.5 3.76911e-08
2.96667 0.5 5.29131e-08
3.03333 0.5 5.04706e-08
3.1 0.5 2.76675e-07
3.16667 0.5 2.31422e-07
3.23333 0.5 5.96223e-08
3.3 0.5 9.89305e-09
3.36667 0.5 5.58408e-09
3.43333 0.5 9.03137e-09
3.5 0.5 8.40236e-09
3.56667 0.5 6.67757e-09
3.63333 0.5 4.93292e-09
3.7 0.5 3.49739e-09
3.76667 0.5 2.41672e-09
3.83333 0.5 1.64159e-09
3.9 0.5 1.10191e-09
3.96667 0.5 7.33479e-10
4.03333 0.5 4.85363e-10
4.1 0.5 3.19899e-10
4.16667 0.5 2.1034e-10
4.23333 0.5 1.38178e-10
4.3 0.5 9.08347e-11
4.36667 0.5 5.98647e-11
4.43333 0.5 3.96511e-11
4.5 0.5 2.64825e-11
4.56667 0.5 1.79198e-11
4.63333 0.5 1.23673e-11
4.7 0.5 8.78596e-12
4.76667 0.5 6.50388e-12
4.83333 0.5 5.09249e-12
4.9 0.5 4.28691e-12
4.96667 0.5 3.93655e-12
0.0333333 0.566667 1.03985e-05
0.1 0.566667 8.08463e-06
0.166667 0.566667 5.36267e-06
0.233333 0.566667 4.21616e-06
0.3 0.566667 6.01377e-06
0.366667 0.566667 1.19646e-05
0.433333 0.566667 1.88129e-05
0.5 0.566667 2.36787e-05
0.566667 0.566667 2.63785e-05
0.633333 0.566667 2.7922e-05
0.7 0.566667 1.61966e-05
0.766667 0.566667 2.90044e-06
0.833333 0.566667 1.01594e-05
0.9 0.566667 1.52311e-05
0.966667 0.566667 1.02866e-05
1.03333 0.566667 7.51818e-06
1.1 0.566667 5.74451e-06
1.16667 0.566667 4.57808e-06
1.23333 0.566667 3.77969e-06
1.3 0.566667 3.17562e-06
1.36667 0.566667 2.6525e-06
1.43333 0.566667 2.18329e-06
1.5 0.566667 2.65213e-06
1.56667 0.566667 4.05412e-06
1.63333 0.566667 4.34016e-06
1.7 0.566667 1.63496e-06
1.76667 0.566667 5.17849e-07
1.83333 0.566667 4.14489e-08
1.9 0.566667 1.56719e-07
1.96667 0.566667 2.25507e-07
2.03333 0.566667 2.34407e-07
2.1 0.566667 2.17112e-07
2.16667 0.566667 1.90035e-07
2.23333 0.566667 1.60908e-07
2.3 0.566667 1.33061e-07
2.36667 0.566667 1.07635e-07
2.43333 0.566667 8.47411e-08
2.5 0.566667 6.40549e-08
2.56667 0.566667 4.5112e-08
2.63333 0.566667 2.74355e-08
2.7 0.566667 1.0582e-08
2.76667 0.566667 5.85226e-09
2.83333 0.566667 2.22173e-08
2.9 0.566667 3.8714e-08
2.96667 0.566667 5.46035e-08
3.03333 0.566667 6.83626e-08
3.1 0.566667 1.76332e-07
3.16667 0.566667 1.44223e-07
3.23333 0.566667 4.56956e-08
3.3 0.566667 6.01788e-09
3.36667 0.566667 6.74501e-09
3.43333 0.566667 9.38368e-09
3.5 0.566667 8.49704e-09
3.56667 0.566667 6.69095e-09
3.63333 0.566667 4.92348e-09
3.7 0.566667 3.48419e-09
3.76667 0.566667 2.40535e-09
3.83333 0.566667 1.6331e-09
3.9 0.566667 1.09597e-09
3.96667 0.566667 7.29455e-10
4.03333 0.566667 4.82686e-10
4.1 0.566667 3.18129e-10
4.16667 0.566667 2.09164e-10
4.23333 0.566667 1.37384e-10
4.3 0.566667 9.02825e-11
4.36667 0.566667 5.94643e-11
4.43333 0.566667 3.93448e-11
4.5 0.566667 2.62343e-11
4.56667 0.566667 1.77072e-11
4.63333 0.566667 1.21763e-11
4.7 0.566667 8.60794e-12
4.76667 0.566667 6.33354e-12
4.83333 0.566667 4.92647e-12
4.9 0.566667 4.12292e-12
4.96667 0.566667 3.77258e-12
0.0333333 0.633333 4.16182e-06
0.1 0.633333 3.2182e-06
0.166667 0.633333 1.93325e-06
0.233333 0.633333 1.57742e-06
0.3 0.633333 2.62132e-06
0.366667 0.633333 5.01721e-06
0.433333 0.633333 8.12763e-06
0.5 0.633333 1.05901e-05
0.566667 0.633333 1.08065e-05
0.633333 0.633333 6.47921e-06
0.7 0.633333 4.18744e-06
0.766667 0.633333 1.14215e-05
0.833333 0.633333 1.5663e-05
0.9 0.633333 1.40837e-05
0.966667 0.633333 9.18447e-06
1.03333 0.633333 6.73291e-06
1.1 0.633333 5.13427e-06
1.16667 0.633333 4.06919e-06
1.23333 0.633333 3.32642e-06
1.3 0.633333 2.739e-06
1.36667 0.633333 2.17728e-06
1.43333 0.633333 1.60344e-06
1.5 0.633333 1.03157e-06
1.56667 0.633333 6.37738e-06
1.63333 0.633333 5.13361e-06
1.7 0.633333 1.64727e-06
1.76667 0.633333 5.09555e-07
1.83333 0.633333 3.9833e-08
1.9 0.633333 1.46917e-07
1.96667 0.633333 2.06804e-07
2.03333 0.633333 2.10158e-07
2.1 0.633333 1.90227e-07
2.16667 0.633333 1.62721e-07
2.23333 0.633333 1.34705e-07
2.3 0.633333 1.08971e-07
2.36667 0.633333 8.62676e-08
2.43333 0.633333 6.64288e-08
2.5 0.633333 4.89425e-08
2.56667 0.633333 3.32125e-08
2.63333 0.633333 1.8669e-08
2.7 0.633333 4.80607e-09
2.76667 0.633333 8.80622e-09
2.83333 0.633333 2.25011e-08
2.9 0.633333 3.64558e-08
2.96667 0.633333 5.09475e-08
3.03333 0.633333 7.49287e-08
3.1 0.633333 7.71449e-08
3.16667 0.633333 4.87194e-08
3.23333 0.633333 1.56865e-08
3.3 0.633333 3.17584e-09
3.36667 0.633333 9.84923e-09
3.43333 0.633333 1.04358e-08
3.5 0.633333 8.83631e-09
3.56667 0.633333 6.78085e-09
3.63333 0.633333 4.93023e-09
3.7 0.633333 3.46743e-09
3.76667 0.633333 2.38559e-09
3.83333 0.633333 1.61651e-09
3.9 0.633333 1.08358e-09
3.96667 0.633333 7.20714e-10
4.03333 0.633333 4.7669e-10
4.1 0.633333 3.14061e-10
4.16667 0.633333 2.06396e-10
4.23333 0.633333 1.3547e-10
4.3 0.633333 8.89181e-11
4.36667 0.633333 5.84484e-11
4.43333 0.633333 3.85475e-11
4.5 0.633333 2.55726e-11
4.56667 0.633333 1.71289e-11
4.63333 0.633333 1.16488e-11
4.7 0.633333 8.11104e-12
4.76667 0.633333 5.85463e-12
4.83333 0.633333 4.4575e-12
4.9 0.633333 3.65834e-12
4.96667 0.633333 3.3076e-12
0.0333333 0.7 6.39973e-07
0.1 0.7 2.87093e-07
0.166667 0.7 3.54224e-07
0.233333 0.7 7.06395e-07
0.3 0.7 6.72404e-07
0.366667 0.7 4.17093e-07
0.433333 0.7 7.93432e-08
0.5 0.7 2.684e-07
0.566667 0.7 1.04874e-06
0.633333 0.7 4.8696e-06
0.7 0.7 9.93171e-06
0.766667 0.7 1.30176e-05
0.833333 0.7 1.30874e-05
0.9 0.7 1.06332e-05
0.966667 0.7 7.63482e-06
1.03333 0.7 5.48776e-06
1.1 0.7 4.05841e-06
1.16667 0.7 3.07355e-06
1.23333 0.7 2.35541e-06
1.3 0.7 1.73936e-06
1.36667 0.7 1.0692e-06
1.43333 0.7 1.40854e-07
1.5 0.7 1.6047e-06
1.56667 0.7 3.34423e-06
1.63333 0.7 2.65452e-06
1.7 0.7 1.17082e-06
1.76667 0.7 3.50556e-07
1.83333 0.7 3.09819e-09
1.9 0.7 1.3927e-07
1.96667 0.7 1.7528e-07
2.03333 0.7 1.67846e-07
2.1 0.7 1.44344e-07
2.16667 0.7 1.1742e-07
2.23333 0.7 9.23758e-08
2.3 0.7 7.09492e-08
2.36667 0.7 5.32596e-08
2.43333 0.7 3.87774e-08
2.5 0.7 2.67868e-08
2.56667 0.7 1.65871e-08
2.63333 0.7 7.57035e-09
2.7 0.7 7.45615e-10
2.76667 0.7 8.6803e-09
2.83333 0.7 1.6314e-08
2.9 0.7 2.33863e-08
2.96667 0.7 2.9616e-08
3.03333 0.7 3.01006e-08
3.1 0.7 2.10738e-08
3.16667 0.7 5.90872e-09
3.23333 0.7 7.03138e-09
3.3 0.7 1.31308e-08
3.36667 0.7 1.38108e-08
3.43333 0.7 1.20134e-08
3.5 0.7 9.45066e-09
3.56667 0.7 7.00799e-09
3.63333 0.7 5.00349e-09
3.7 0.7 3.48203e-09
3.76667 0.7 2.38009e-09
3.83333 0.7 1.606e-09
3.9 0.7 1.07351e-09
3.96667 0.7 7.12609e-10
4.03333 0.7 4.70639e-10
4.1 0.7 3.0969e-10
4.16667 0.7 2.03265e-10
4.23333 0.7 1.33202e-10
4.3 0.7 8.72296e-11
4.36667 0.7 5.71392e-11
4.43333 0.7 3.74816e-11
4.5 0.7 2.46605e-11
4.56667 0.7 1.63126e-11
4.63333 0.7 1.08915e-11
4.7 0.7 7.38921e-12
4.76667 0.7 5.15338e-12
4.83333 0.7 3.76712e-12
4.9 0.7 2.9719e-12
4.96667 0.7 2.61915e-12
0.0333333 0.766667 7.14874e-07
0.1 0.766667 9.13176e-07
0.166667 0.766667 1.40405e-06
0.233333 0.766667 2.01661e-06
0.3 0.766667 2.74955e-06
0.366667 0.766667 3.67855e-06
0.433333 0.766667 4.89627e-06
0.5 0.766667 6.24895e-06
0.566667 0.766667 7.7312e-06
0.633333 0.766667 9.51047e-06
0.7 0.766667 1.09803e-05
0.766667 0.766667 1.13053e-05
0.833333 0.766667 1.01294e-05
0.9 0.766667 8.0509e-06
0.966667 0.766667 5.88413e-06
1.03333 0.766667 4.08394e-06
1.1 0.766667 2.76742e-06
1.16667 0.766667 1.85544e-06
1.23333 0.766667 1.19703e-06
1.3 0.766667 6.52388e-07
1.36667 0.766667 9.07816e-08
1.43333 0.766667 5.92523e-07
1.5 0.766667 1.25674e-06
1.56667 0.766667 1.43232e-06
1.63333 0.766667 1.0464e-06
1.7 0.766667 4.82873e-07
1.76667 0.766667 9.25715e-08
1.83333 0.766667 8.80729e-08
1.9 0.766667 1.45368e-07
1.96667 0.766667 1.44004e-07
2.03333 0.766667 1.20056e-07
2.1 0.766667 9.11416e-08
2.16667 0.766667 6.48387e-08
2.23333 0.766667 4.36506e-08
2.3 0.766667 2.77563e-08
2.36667 0.766667 1.64246e-08
2.43333 0.766667 8.68919e-09
2.5 0.766667 3.63469e-09
2.56667 0.766667 4.94313e-10
2.63333 0.766667 1.33102e-09
2.7 0.766667 2.26999e-09
2.76667 0.766667 2.55911e-09
2.83333 0.766667 2.19287e-09
2.9 0.766667 8.92872e-10
2.96667 0.766667 2.14984e-09
3.03333 0.766667 7.50977e-09
3.1 0.766667 1.43352e-08
3.16667 0.766667 2.01191e-08
3.23333 0.766667 2.25579e-08
3.3 0.766667 2.13819e-08
3.36667 0.766667 1.80157e-08
3.43333 0.766667 1.4057e-08
3.5 0.766667 1.04358e-08
3.56667 0.766667 7.47922e-09
3.63333 0.766667 5.22635e-09
3.7 0.766667 3.58519e-09
3.76667 0.766667 2.42605e-09
3.83333 0.766667 1.62511e-09
3.9 0.766667 1.08037e-09
3.96667 0.766667 7.14153e-10
4.03333 0.766667 4.70064e-10
4.1 0.766667 3.08411e-10
4.16667 0.766667 2.01863e-10
4.23333 0.766667 1.31883e-10
4.3 0.766667 8.60433e-11
4.36667 0.766667 5.60751e-11
4.43333 0.766667 3.65128e-11
4.5 0.766667 2.37598e-11
4.56667 0.766667 1.54581e-11
4.63333 0.766667 1.00669e-11
4.7 0.766667 6.58297e-12
4.76667 0.766667 4.35747e-12
4.83333 0.766667 2.97565e-12
4.9 0.766667 2.18021e-12
4.96667 0.766667 1.8229e-12
0.0333333 0.833333 8.05466e-07
0.1 0.833333 1.05132e-06
0.166667 0.833333 1.6519e-06
0.233333 0.833333 2.61404e-06
0.3 0.833333 3.94237e-06
0.366667 0.833333 5.56558e-06
0.433333 0.833333 7.40301e-06
0.5 0.833333 9.09357e-06
0.566667 0.833333 1.03397e-05
0.633333 0.833333 1.11201e-05
0.7 0.833333 1.11485e-05
0.766667 0.833333 1.02264e-05
0.833333 0.833333 8.50982e-06
0.9 0.833333 6.43262e-06
0.966667 0.833333 4.44143e-06
1.03333 0.833333 2.77847e-06
1.1 0.833333 1.54609e-06
1.16667 0.833333 7.14458e-07
1.23333 0.833333 1.81752e-07
1.3 0.833333 1.582e-07
1.36667 0.833333 3.87237e-07
1.43333 0.833333 5.29463e-07
1.5 0.833333 5.40643e-07
1.56667 0.833333 3.92563e-07
1.63333 0.833333 1.49451e-07
1.7 0.833333 6.46479e-08
1.76667 0.833333 1.77516e-07
1.83333 0.833333 1.98706e-07
1.9 0.833333 1.70048e-07
1.96667 0.833333 1.24556e-07
2.03333 0.833333 7.99255e-08
2.1 0.833333 4.34745e-08
2.16667 0.833333 1.68369e-08
2.23333 0.833333 8.77879e-10
2.3 0.833333 1.13788e-08
2.36667 0.833333 1.63971e-08
2.43333 0.833333 1.73868e-08
2.5 0.833333 1.54665e-08
2.56667 0.833333 1.14616e-08
2.63333 0.833333 5.97679e-09
2.7 0.833333 5.33859e-10
2.76667 0.833333 7.71068e-09
2.83333 0.833333 1.52334e-08
2.9 0.833333 2.27488e-08
2.96667 0.833333 2.97009e-08
3.03333 0.833333 3.51893e-08
3.1 0.833333 3.81008e-08
3.16667 0.833333 3.76687e-08
3.23333 0.833333 3.40633e-08
3.3 0.833333 2.841e-08
3.36667 0.833333 2.21697e-08
3.43333 0.833333 1.64547e-08
3.5 0.833333 1.17826e-08
3.56667 0.833333 8.22349e-09
3.63333 0.833333 5.63239e-09
3.7 0.833333 3.80437e-09
3.76667 0.833333 2.54322e-09
3.83333 0.833333 1.68713e-09
3.9 0.833333 1.11282e-09
3.96667 0.833333 7.30877e-10
4.03333 0.833333 4.78466e-10
4.1 0.833333 3.12435e-10
4.16667 0.833333 2.03594e-10
4.23333 0.833333 1.32419e-10
4.3 0.833333 8.5957e-11
4.36667 0.833333 5.56666e-11
4.43333 0.833333 3.59375e-11
4.5 0.833333 2.30982e-11
4.56667 0.833333 1.47517e-11
4.63333 0.833333 9.33686e-12
4.7 0.833333 5.84009e-12
4.76667 0.833333 3.60683e-12
4.83333 0.833333 2.21933e-12
4.9 0.833333 1.41848e-12
4.96667 0.833333 1.05505e-12
0.0333333 0.9 4.37007e-07
0.1 0.9 7.85831e-07
0.166667 0.9 1.5771e-06
0.233333 0.9 2.88173e-06
0.3 0.9 4.68237e-06
0.366667 0.9 6.77129e-06
0.433333 0.9 8.85763e-06
0.5 0.9 1.06558e-05
0.566667 0.9 1.18222e-05
0.633333 0.9 1.20975e-05
0.7 0.9 1.14069e-05
0.766667 0.9 9.86753e-06
0.833333 0.9 7.79574e-06
0.9 0.9 5.57264e-06
0.966667 0.9 3.51066e-06
1.03333 0.9 1.82836e-06
1.1 0.9 6.20153e-07
1.16667 0.9 1.39422e-07
1.23333 0.9 5.27729e-07
1.3 0.9 6.33296e-07
1.36667 0.9 5.37034e-07
1.43333 0.9 3.12241e-07
1.5 0.9 3.40739e-08
1.56667 0.9 2.18901e-07
1.63333 0.9 3.8228e-07
1.7 0.9 4.32087e-07
1.76667 0.9 3.90035e-07
1.83333 0.9 3.00561e-07
1.9 0.9 2.02663e-07
1.96667 0.9 1.17985e-07
2.03333 0.9 5.37371e-08
2.1 0.9 9.41274e-09
2.16667 0.9 1.84639e-08
2.23333 0.9 3.38802e-08
2.3 0.9 4.03023e-08
2.36667 0.9 4.0392e-08
2.43333 0.9 3.6052e-08
2.5 0.9 2.85865e-08
2.56667 0.9 1.8883e-08
2.63333 0.9 7.58439e-09
2.7 0.9 4.75514e-09
2.76667 0.9 1.7526e-08
2.83333 0.9 2.99359e-08
2.9 0.9 4.09322e-08
2.96667 0.9 4.92618e-08
3.03333 0.9 5.3756e-08
3.1 0.9 5.37898e-08
3.16667 0.9 4.9656e-08
3.23333 0.9 4.25536e-08
3.3 0.9 3.41372e-08
3.36667 0.9 2.59096e-08
3.43333 0.9 1.88233e-08
3.5 0.9 1.3234e-08
3.56667 0.9 9.08582e-09
3.63333 0.9 6.13273e-09
3.7 0.9 4.08959e-09
3.76667 0.9 2.70373e-09
3.83333 0.9 1.77661e-09
3.9 0.9 1.16234e-09
3.96667 0.9 7.5808e-10
4.03333 0.9 4.93276e-10
4.1 0.9 3.20379e-10
4.16667 0.9 2.07737e-10
4.23333 0.9 1.34457e-10
4.3 0.9 8.68281e-11
4.36667 0.9 5.58883e-11
4.43333 0.9 3.5797e-11
4.5 0.9 2.2755e-11
4.56667 0.9 1.42945e-11
4.63333 0.9 8.81534e-12
4.7 0.9 5.28211e-12
4.76667 0.9 3.02798e-12
4.83333 0.9 1.62821e-12
4.9 0.9 8.1958e-13
4.96667 0.9 4.5048e-13
0.0333333 0.966667 1.27874e-07
0.1 0.966667 5.47634e-07
0.166667 0.966667 1.48408e-06
0.233333 0.966667 3.02874e-06
0.3 0.966667 5.13451e-06
0.366667 0.966667 7.54818e-06
0.433333 0.966667 9.89165e-06
0.5 0.966667 1.17737e-05
0.566667 0.966667 1.28368e-05
0.633333 0.966667 1.28506e-05
0.7 0.966667 1.18127e-05
0.766667 0.966667 9.95011e-06
0.833333 0.966667 7.63425e-06
0.9 0.966667 5.2445e-06
0.966667 0.966667 3.08302e-06
1.03333 0.966667 1.35338e-06
1.1 0.966667 1.39867e-07
1.16667 0.966667 5.76432e-07
1.23333 0.966667 8.67373e-07
1.3 0.966667 8.24001e-07
1.36667 0.966667 5.47465e-07
1.43333 0.966667 1.522e-07
1.5 0.966667 2.3968e-07
1.56667 0.966667 5.24563e-07
1.63333 0.966667 6.5053e-07
1.7 0.966667 6.29143e-07
1.76667 0.966667 5.14433e-07
1.83333 0.966667 3.67058e-07
1.9 0.966667 2.29389e-07
1.96667 0.966667 1.20531e-07
2.03333 0.966667 4.34113e-08
2.1 0.966667 6.53987e-09
2.16667 0.966667 3.58187e-08
2.23333 0.966667 5.03471e-08
2.3 0.966667 5.47178e-08
2.36667 0.966667 5.21978e-08
2.43333 0.966667 4.49858e-08
2.5 0.966667 3.45132e-08
2.56667 0.966667 2.1718e-08
2.63333 0.966667 7.28293e-09
2.7 0.966667 8.15083e-09
2.76667 0.966667 2.3792e-08
2.83333 0.966667 3.85571e-08
2.9 0.966667 5.10564e-08
2.96667 0.966667 5.98033e-08
3.03333 0.966667 6.36505e-08
3.1 0.966667 6.22753e-08
3.16667 0.966667 5.64114e-08
3.23333 0.966667 4.76332e-08
3.3 0.966667 3.7794e-08
3.36667 0.966667 2.84437e-08
3.43333 0.966667 2.05121e-08
3.5 0.966667 1.43153e-08
3.56667 0.966667 9.75297e-09
3.63333 0.966667 6.53224e-09
3.7 0.966667 4.32365e-09
3.76667 0.966667 2.83879e-09
3.83333 0.966667 1.85375e-09
3.9 0.966667 1.20608e-09
3.96667 0.966667 7.82744e-10
4.03333 0.966667 5.07107e-10
4.1 0.966667 3.28074e-10
4.16667 0.966667 2.11959e-10
4.23333 0.966667 1.36711e-10
4.3 0.966667 8.79661e-11
4.36667 0.966667 5.63916e-11
4.43333 0.966667 3.59386e-11
4.5 0.966667 2.26898e-11
4.56667 0.966667 1.41109e-11
4.63333 0.966667 8.56397e-12
4.7 0.966667 4.99206e-12
4.76667 0.966667 2.71613e-12
4.83333 0.966667 1.30443e-12
4.9 0.966667 4.89619e-13
4.96667 0.966667 1.17499e-13
