0.0333333 0.0333333 1.62394e-06
0.1 0.0333333 5.7322e-06
0.166667 0.0333333 1.1995e-05
0.233333 0.0333333 1.71766e-05
0.3 0.0333333 1.82387e-05
0.366667 0.0333333 1.41985e-05
0.433333 0.0333333 6.94629e-06
0.5 0.0333333 4.95818e-08
0.566667 0.0333333 4.11549e-06
0.633333 0.0333333 4.72191e-06
0.7 0.0333333 3.09546e-06
0.766667 0.0333333 9.871e-07
0.833333 0.0333333 3.4223e-07
0.9 0.0333333 5.29078e-07
0.966667 0.0333333 4.89813e-08
1.03333 0.0333333 7.49812e-07
1.1 0.0333333 1.11973e-06
1.16667 0.0333333 1.06865e-06
1.23333 0.0333333 7.63634e-07
1.3 0.0333333 4.22623e-07
1.36667 0.0333333 1.77758e-07
1.43333 0.0333333 5.31965e-08
1.5 0.0333333 1.04001e-08
1.56667 0.0333333 1.02051e-09
1.63333 0.0333333 3.63291e-09
1.7 0.0333333 9.26448e-09
1.76667 0.0333333 1.04107e-08
1.83333 0.0333333 4.40123e-09
1.9 0.0333333 1.60157e-09
1.96667 0.0333333 5.98847e-09
2.03333 0.0333333 3.48822e-08
2.1 0.0333333 7.22745e-08
2.16667 0.0333333 7.94868e-08
2.23333 0.0333333 8.40686e-09
2.3 0.0333333 1.60551e-07
2.36667 0.0333333 3.85181e-07
2.43333 0.0333333 5.72968e-07
2.5 0.0333333 6.41661e-07
2.56667 0.0333333 5.76618e-07
2.63333 0.0333333 4.29823e-07
2.7 0.0333333 2.70958e-07
2.76667 0.0333333 1.44692e-07
2.83333 0.0333333 6.27576e-08
2.9 0.0333333 1.79798e-08
2.96667 0.0333333 1.90515e-09
3.03333 0.0333333 7.65829e-09
3.1 0.0333333 6.91881e-09
3.16667 0.0333333 4.29518e-09
3.23333 0.0333333 1.99252e-09
3.3 0.0333333 6.36197e-10
3.36667 0.0333333 7.12881e-11
3.43333 0.0333333 6.06198e-11
3.5 0.0333333 3.83437e-11
3.56667 0.0333333 6.21863e-13
3.63333 0.0333333 1.28924e-11
3.7 0.0333333 6.66241e-12
3.76667 0.0333333 5.58977e-12
3.83333 0.0333333 1.46268e-11
3.9 0.0333333 1.7468e-11
3.96667 0.0333333 1.50116e-11
4.03333 0.0333333 9.49836e-12
4.1 0.0333333 3.02179e-12
4.16667 0.0333333 3.00832e-12
4.23333 0.0333333 7.86336e-12
4.3 0.0333333 1.12963e-11
4.36667 0.0333333 1.33285e-11
4.43333 0.0333333 1.40897e-11
4.5 0.0333333 1.37196e-11
4.56667 0.0333333 1.23074e-11
4.63333 0.0333333 9.87537e-12
4.7 0.0333333 6.64288e-12
4.76667 0.0333333 3.39091e-12
4.83333 0.0333333 1.10511e-12
4.9 0.0333333 1.19989e-13
4.96667 0.0333333 5.75139e-14
0.0333333 0.1 6.19425e-06
0.1 0.1 7.97821e-06
0.166667 0.1 1.10654e-05
0.233333 0.1 1.4011e-05
0.3 0.1 1.48272e-05
0.366667 0.1 1.23127e-05
0.433333 0.1 6.98288e-06
0.5 0.1 9.40782e-07
0.566667 0.1 3.42856e-06
0.633333 0.1 5.03429e-06
0.7 0.1 4.32568e-06
0.766667 0.1 2.56433e-06
0.833333 0.1 9.4158e-07
0.9 0.1 1.00134e-07
0.966667 0.1 5.26344e-08
1.03333 0.1 4.11974e-07
1.1 0.1 7.44437e-07
1.16667 0.1 8.22643e-07
1.23333 0.1 6.62773e-07
1.3 0.1 4.04979e-07
1.36667 0.1 1.78508e-07
1.43333 0.1 4.02571e-08
1.5 0.1 1.64391e-08
1.56667 0.1 2.59478e-08
1.63333 0.1 2.04086e-08
1.7 0.1 1.70452e-08
1.76667 0.1 1.98938e-08
1.83333 0.1 2.77001e-08
1.9 0.1 4.00611e-08
1.96667 0.1 5.76055e-08
2.03333 0.1 7.6882e-08
2.1 0.1 8.4787e-08
2.16667 0.1 5.88412e-08
2.23333 0.1 2.24792e-08
2.3 0.1 1.60031e-07
2.36667 0.1 3.23679e-07
2.43333 0.1 4.59088e-07
2.5 0.1 5.15406e-07
2.56667 0.1 4.73842e-07
2.63333 0.1 3.63544e-07
2.7 0.1 2.3778e-07
2.76667 0.1 1.34183e-07
2.83333 0.1 6.41209e-08
2.9 0.1 2.27451e-08
2.96667 0.1 1.92787e-09
3.03333 0.1 5.96214e-09
3.1 0.1 6.90286e-09
3.16667 0.1 5.03413e-09
3.23333 0.1 2.77568e-09
3.3 0.1 1.15493e-09
3.36667 0.1 3.08976e-10
3.43333 0.1 4.79295e-12
3.5 0.1 6.39693e-11
3.56667 0.1 4.53291e-11
3.63333 0.1 2.38972e-11
3.7 0.1 1.61406e-11
3.76667 0.1 1.70637e-11
3.83333 0.1 1.93015e-11
3.9 0.1 1.90023e-11
3.96667 0.1 1.56393e-11
4.03333 0.1 1.03104e-11
4.1 0.1 4.40112e-12
4.16667 0.1 1.04438e-12
4.23333 0.1 5.45611e-12
4.3 0.1 8.64742e-12
4.36667 0.1 1.06766e-11
4.43333 0.1 1.17426e-11
4.5 0.1 1.21439e-11
4.56667 0.1 1.23136e-11
4.63333 0.1 1.27576e-11
4.7 0.1 1.30163e-11
4.76667 0.1 1.11189e-11
4.83333 0.1 6.67238e-12
4.9 0.1 2.26518e-12
4.96667 0.1 9.67047e-14
0.0333333 0.166667 1.43919e-05
0.1 0.166667 1.21596e-05
0.166667 0.166667 9.85736e-06
0.233333 0.166667 8.17269e-06
0.3 0.166667 8.1378e-06
0.366667 0.166667 9.1054e-06
0.433333 0.166667 8.22459e-06
0.5 0.166667 4.07364e-06
0.566667 0.166667 1.5068e-06
0.633333 0.166667 5.48472e-06
0.7 0.166667 6.91971e-06
0.766667 0.166667 6.10929e-06
0.833333 0.166667 3.95542e-06
0.9 0.166667 1.62629e-06
0.966667 0.166667 9.07634e-08
1.03333 0.166667 3.38278e-07
1.1 0.166667 3.49524e-08
1.16667 0.166667 3.90002e-07
1.23333 0.166667 5.65845e-07
1.3 0.166667 4.67331e-07
1.36667 0.166667 2.44349e-07
1.43333 0.166667 4.32046e-08
1.5 0.166667 6.69456e-08
1.56667 0.166667 8.94003e-08
1.63333 0.166667 6.57319e-08
1.7 0.166667 4.10539e-08
1.76667 0.166667 4.29262e-08
1.83333 0.166667 7.61508e-08
1.9 0.166667 1.27074e-07
1.96667 0.166667 1.69871e-07
2.03333 0.166667 1.73425e-07
2.1 0.166667 1.14141e-07
2.16667 0.166667 3.9333e-09
2.23333 0.166667 1.39317e-07
2.3 0.166667 2.35018e-07
2.36667 0.166667 2.51914e-07
2.43333 0.166667 2.50087e-07
2.5 0.166667 2.79196e-07
2.56667 0.166667 3.06295e-07
2.63333 0.166667 2.75162e-07
2.7 0.166667 2.0184e-07
2.76667 0.166667 1.3215e-07
2.83333 0.166667 7.59286e-08
2.9 0.166667 3.60715e-08
2.96667 0.166667 1.0973e-08
3.03333 0.166667 2.3058e-09
3.1 0.166667 7.06042e-09
3.16667 0.166667 6.72774e-09
3.23333 0.166667 4.39143e-09
3.3 0.166667 2.09987e-09
3.36667 0.166667 6.54028e-10
3.43333 0.166667 9.27626e-12
3.5 0.166667 1.65239e-10
3.56667 0.166667 1.50702e-10
3.63333 0.166667 9.67165e-11
3.7 0.166667 5.59198e-11
3.76667 0.166667 3.46332e-11
3.83333 0.166667 2.5319e-11
3.9 0.166667 2.06007e-11
3.96667 0.166667 1.66198e-11
4.03333 0.166667 1.2272e-11
4.1 0.166667 7.75509e-12
4.16667 0.166667 3.57973e-12
4.23333 0.166667 1.28824e-13
4.3 0.166667 2.45072e-12
4.36667 0.166667 4.22376e-12
4.43333 0.166667 5.42899e-12
4.5 0.166667 6.48868e-12
4.56667 0.166667 8.09024e-12
4.63333 0.166667 1.1581e-11
4.7 0.166667 1.94104e-11
4.76667 0.166667 2.78544e-11
4.83333 0.166667 2.22483e-11
4.9 0.166667 7.76845e-12
4.96667 0.166667 8.70574e-13
0.0333333 0.233333 2.37073e-05
0.1 0.233333 1.6952e-05
0.166667 0.233333 7.48694e-06
0.233333 0.233333 9.37805e-07
0.3 0.233333 8.17989e-06
0.366667 0.233333 9.45732e-07
0.433333 0.233333 1.20089e-05
0.5 0.233333 1.11187e-05
0.566667 0.233333 3.17317e-06
0.633333 0.233333 4.8582e-06
0.7 0.233333 1.05618e-05
0.766667 0.233333 1.23268e-05
0.833333 0.233333 9.75819e-06
0.9 0.233333 4.58867e-06
0.966667 0.233333 6.95999e-08
1.03333 0.233333 2.02563e-06
1.1 0.233333 1.53611e-06
1.16667 0.233333 2.44995e-07
1.23333 0.233333 6.06342e-07
1.3 0.233333 7.57988e-07
1.36667 0.233333 4.83467e-07
1.43333 0.233333 1.20962e-07
1.5 0.233333 1.19846e-07
1.56667 0.233333 1.86722e-07
1.63333 0.233333 1.39522e-07
1.7 0.233333 7.58582e-08
1.76667 0.233333 6.79215e-08
1.83333 0.233333 1.3511e-07
1.9 0.233333 2.47896e-07
1.96667 0.233333 3.43056e-07
2.03333 0.233333 3.40265e-07
2.1 0.233333 1.73107e-07
2.16667 0.233333 1.45162e-07
2.23333 0.233333 4.62597e-07
2.3 0.233333 5.52359e-07
2.36667 0.233333 3.00153e-07
2.43333 0.233333 1.99594e-07
2.5 0.233333 2.33077e-07
2.56667 0.233333 1.13239e-08
2.63333 0.233333 1.47485e-07
2.7 0.233333 1.75978e-07
2.76667 0.233333 1.45684e-07
2.83333 0.233333 1.01307e-07
2.9 0.233333 5.97168e-08
2.96667 0.233333 2.62641e-08
3.03333 0.233333 3.29198e-09
3.1 0.233333 8.25148e-09
3.16667 0.233333 1.02845e-08
3.23333 0.233333 7.26736e-09
3.3 0.233333 3.47046e-09
3.36667 0.233333 9.6245e-10
3.43333 0.233333 1.35276e-10
3.5 0.233333 3.96781e-10
3.56667 0.233333 3.29426e-10
3.63333 0.233333 1.99933e-10
3.7 0.233333 1.03364e-10
3.76667 0.233333 5.13363e-11
3.83333 0.233333 2.90784e-11
3.9 0.233333 2.10913e-11
3.96667 0.233333 1.8015e-11
4.03333 0.233333 1.58246e-11
4.1 0.233333 1.3446e-11
4.16667 0.233333 1.09665e-11
4.23333 0.233333 8.71025e-12
4.3 0.233333 6.88886e-12
4.36667 0.233333 5.52458e-12
4.43333 0.233333 4.46577e-12
4.5 0.233333 3.41771e-12
4.56667 0.233333 1.96294e-12
4.63333 0.233333 2.26427e-13
4.7 0.233333 5.70247e-12
4.76667 0.233333 3.21512e-11
4.83333 0.233333 6.79571e-11
4.9 0.233333 1.10916e-11
4.96667 0.233333 2.84938e-12
0.0333333 0.3 3.03193e-05
0.1 0.3 2.04385e-05
0.166667 0.3 5.17403e-06
0.233333 0.3 1.63617e-05
0.3 0.3 5.20253e-05
0.366667 0.3 3.14161e-05
0.433333 0.3 1.99112e-05
0.5 0.3 2.20952e-05
0.566667 0.3 1.25454e-05
0.633333 0.3 4.2154e-07
0.7 0.3 1.38048e-05
0.766667 0.3 2.21903e-05
0.833333 0.3 2.10168e-05
0.9 0.3 1.05689e-05
0.966667 0.3 1.04998e-06
1.03333 0.3 6.00456e-06
1.1 0.3 4.40173e-06
1.16667 0.3 1.07183e-06
1.23333 0.3 1.00584e-06
1.3 0.3 1.48275e-06
1.36667 0.3 1.04246e-06
1.43333 0.3 3.58267e-07
1.5 0.3 1.39263e-07
1.56667 0.3 3.02569e-07
1.63333 0.3 2.18883e-07
1.7 0.3 7.95166e-08
1.76667 0.3 3.67179e-08
1.83333 0.3 1.37925e-07
1.9 0.3 3.38853e-07
1.96667 0.3 5.37556e-07
2.03333 0.3 5.93382e-07
2.1 0.3 3.4013e-07
2.16667 0.3 3.12355e-07
2.23333 0.3 1.11665e-06
2.3 0.3 1.45659e-06
2.36667 0.3 8.37421e-07
2.43333 0.3 7.20412e-07
2.5 0.3 2.10338e-06
2.56667 0.3 5.82886e-07
2.63333 0.3 9.30292e-09
2.7 0.3 1.60599e-07
2.76667 0.3 1.68018e-07
2.83333 0.3 1.34938e-07
2.9 0.3 9.29926e-08
2.96667 0.3 4.99661e-08
3.03333 0.3 1.22022e-08
3.1 0.3 1.14378e-08
3.16667 0.3 1.72766e-08
3.23333 0.3 1.19885e-08
3.3 0.3 5.10048e-09
3.36667 0.3 9.37892e-10
3.43333 0.3 5.94791e-10
3.5 0.3 8.08447e-10
3.56667 0.3 5.78377e-10
3.63333 0.3 3.14402e-10
3.7 0.3 1.41052e-10
3.76667 0.3 5.64551e-11
3.83333 0.3 2.56215e-11
3.9 0.3 1.88694e-11
3.96667 0.3 1.96217e-11
4.03333 0.3 2.10351e-11
4.1 0.3 2.12943e-11
4.16667 0.3 2.05129e-11
4.23333 0.3 1.92364e-11
4.3 0.3 1.78951e-11
4.36667 0.3 1.66922e-11
4.43333 0.3 1.56554e-11
4.5 0.3 1.47562e-11
4.56667 0.3 1.41653e-11
4.63333 0.3 1.47937e-11
4.7 0.3 2.45441e-11
4.76667 0.3 4.32357e-11
4.83333 0.3 2.43419e-11
4.9 0.3 1.2207e-11
4.96667 0.3 5.00874e-12
0.0333333 0.366667 3.09059e-05
0.1 0.366667 2.08052e-05
0.166667 0.366667 5.2815e-06
0.233333 0.366667 1.72767e-05
0.3 0.366667 5.80899e-05
0.366667 0.366667 2.01369e-05
0.433333 0.366667 3.72614e-05
0.5 0.366667 3.45049e-05
0.566667 0.366667 2.53241e-05
0.633333 0.366667 8.66791e-06
0.7 0.366667 1.9348e-05
0.766667 0.366667 3.81047e-05
0.833333 0.366667 4.43497e-05
0.9 0.366667 2.39271e-05
0.966667 0.366667 5.69634e-06
1.03333 0.366667 1.56316e-05
1.1 0.366667 1.0149e-05
1.16667 0.366667 1.93813e-06
1.23333 0.366667 1.97726e-06
1.3 0.366667 2.77871e-06
1.36667 0.366667 2.03283e-06
1.43333 0.366667 8.38556e-07
1.5 0.366667 9.12028e-08
1.56667 0.366667 4.22674e-07
1.63333 0.366667 2.61327e-07
1.7 0.366667 3.42817e-08
1.76667 0.366667 1.66793e-07
1.83333 0.366667 4.91502e-08
1.9 0.366667 2.54937e-07
1.96667 0.366667 6.16306e-07
2.03333 0.366667 8.61143e-07
2.1 0.366667 7.32734e-07
2.16667 0.366667 1.91521e-07
2.23333 0.366667 1.94605e-06
2.3 0.366667 3.21444e-06
2.36667 0.366667 2.69461e-06
2.43333 0.366667 2.35429e-07
2.5 0.366667 4.12696e-06
2.56667 0.366667 8.79506e-07
2.63333 0.366667 6.3737e-08
2.7 0.366667 1.50398e-07
2.76667 0.366667 1.82143e-07
2.83333 0.366667 1.61867e-07
2.9 0.366667 1.27643e-07
2.96667 0.366667 8.66393e-08
3.03333 0.366667 2.94247e-08
3.1 0.366667 1.86694e-08
3.16667 0.366667 3.18313e-08
3.23333 0.366667 2.01059e-08
3.3 0.366667 6.35189e-09
3.36667 0.366667 2.62308e-10
3.43333 0.366667 1.46684e-09
3.5 0.366667 1.39015e-09
3.56667 0.366667 8.53776e-10
3.63333 0.366667 3.99574e-10
3.7 0.366667 1.43684e-10
3.76667 0.366667 3.83558e-11
3.83333 0.366667 1.12768e-11
3.9 0.366667 1.34948e-11
3.96667 0.366667 2.16254e-11
4.03333 0.366667 2.7657e-11
4.1 0.366667 3.03421e-11
4.16667 0.366667 3.05657e-11
4.23333 0.366667 2.94402e-11
4.3 0.366667 2.77437e-11
4.36667 0.366667 2.58834e-11
4.43333 0.366667 2.40207e-11
4.5 0.366667 2.22396e-11
4.56667 0.366667 2.07404e-11
4.63333 0.366667 2.02465e-11
4.7 0.366667 1.9009e-11
4.76667 0.366667 4.58052e-12
4.83333 0.366667 2.92593e-12
4.9 0.366667 7.39838e-12
4.96667 0.366667 6.2295e-12
0.0333333 0.433333 2.5123e-05
0.1 0.433333 1.74812e-05
0.166667 0.433333 7.10615e-06
0.233333 0.433333 1.6797e-06
0.3 0.433333 2.89419e-06
0.366667 0.433333 2.34523e-05
0.433333 0.433333 4.45152e-05
0.5 0.433333 3.99041e-05
0.566667 0.433333 3.2181e-05
0.633333 0.433333 1.56896e-05
0.7 0.433333 2.36236e-05
0.766667 0.433333 5.3169e-05
0.833333 0.433333 7.23177e-05
0.9 0.433333 5.0982e-05
0.966667 0.433333 1.14681e-05
1.03333 0.433333 4.8003e-05
1.1 0.433333 1.8112e-05
1.16667 0.433333 2.1701e-06
1.23333 0.433333 3.52062e-06
1.3 0.433333 4.46825e-06
1.36667 0.433333 3.38747e-06
1.43333 0.433333 1.57439e-06
1.5 0.433333 5.56483e-10
1.56667 0.433333 6.28236e-07
1.63333 0.433333 2.83424e-07
1.7 0.433333 3.32015e-07
1.76667 0.433333 6.40998e-07
1.83333 0.433333 5.37389e-07
1.9 0.433333 1.40865e-07
1.96667 0.433333 4.0554e-07
2.03333 0.433333 9.55825e-07
2.1 0.433333 1.31424e-06
2.16667 0.433333 9.18453e-07
2.23333 0.433333 2.12152e-06
2.3 0.433333 5.41264e-06
2.36667 0.433333 4.73098e-06
2.43333 0.433333 3.17114e-06
2.5 0.433333 8.79097e-07
2.56667 0.433333 5.56097e-07
2.63333 0.433333 3.47735e-08
2.7 0.433333 1.3282e-07
2.76667 0.433333 1.69721e-07
2.83333 0.433333 1.62212e-07
2.9 0.433333 1.41757e-07
2.96667 0.433333 1.18076e-07
3.03333 0.433333 9.31809e-08
3.1 0.433333 3.00755e-08
3.16667 0.433333 7.65698e-08
3.23333 0.433333 2.82878e-08
3.3 0.433333 6.17307e-09
3.36667 0.433333 1.32301e-09
3.43333 0.433333 2.73258e-09
3.5 0.433333 2.04127e-09
3.56667 0.433333 1.0523e-09
3.63333 0.433333 3.83686e-10
3.7 0.433333 7.46523e-11
3.76667 0.433333 1.64809e-11
3.83333 0.433333 1.71356e-11
3.9 0.433333 4.6726e-12
3.96667 0.433333 2.36722e-11
4.03333 0.433333 3.45682e-11
4.1 0.433333 3.87649e-11
4.16667 0.433333 3.88183e-11
4.23333 0.433333 3.67244e-11
4.3 0.433333 3.36752e-11
4.36667 0.433333 3.02478e-11
4.43333 0.433333 2.66472e-11
4.5 0.433333 2.28899e-11
4.56667 0.433333 1.88857e-11
4.63333 0.433333 1.40619e-11
4.7 0.433333 6.99524e-12
4.76667 0.433333 7.37699e-13
4.83333 0.433333 3.05369e-12
4.9 0.433333 4.08633e-12
4.96667 0.433333 5.83766e-12
0.0333333 0.5 1.59383e-05
0.1 0.5 1.16585e-05
0.166667 0.5 7.03448e-06
0.233333 0.5 6.10807e-06
0.3 0.5 1.11064e-05
0.366667 0.5 2.2875e-05
0.433333 0.5 3.22598e-05
0.5 0.5 3.14226e-05
0.566667 0.5 2.6575e-05
0.633333 0.5 1.13344e-05
0.7 0.5 2.84402e-05
0.766667 0.5 6.11787e-05
0.833333 0.5 8.50102e-05
0.9 0.5 7.52365e-05
0.966667 0.5 1.1419e-05
1.03333 0.5 8.82001e-05
1.1 0.5 2.0701e-05
1.16667 0.5 9.36311e-07
1.23333 0.5 5.16038e-06
1.3 0.5 5.83787e-06
1.36667 0.5 4.46429e-06
1.43333 0.5 2.57656e-06
1.5 0.5 1.40897e-08
1.56667 0.5 1.22638e-06
1.63333 0.5 4.90349e-07
1.7 0.5 7.54287e-07
1.76667 0.5 1.30968e-06
1.83333 0.5 1.24705e-06
1.9 0.5 7.87056e-07
1.96667 0.5 9.13429e-08
2.03333 0.5 7.49799e-07
2.1 0.5 1.73525e-06
2.16667 0.5 3.01757e-06
2.23333 0.5 7.84459e-07
2.3 0.5 4.97088e-06
2.36667 0.5 4.21766e-06
2.43333 0.5 2.08647e-06
2.5 0.5 5.35319e-07
2.56667 0.5 9.01168e-09
2.63333 0.5 1.58314e-08
2.7 0.5 9.50622e-08
2.76667 0.5 1.23665e-07
2.83333 0.5 1.25822e-07
2.9 0.5 1.16744e-07
2.96667 0.5 1.03255e-07
3.03333 0.5 1.00669e-07
3.1 0.5 7.18862e-08
3.16667 0.5 1.17734e-07
3.23333 0.5 2.93936e-08
3.3 0.5 3.65097e-09
3.36667 0.5 3.71136e-09
3.43333 0.5 4.12696e-09
3.5 0.5 2.49088e-09
3.56667 0.5 9.59652e-10
3.63333 0.5 1.42071e-10
3.7 0.5 1.17358e-10
3.76667 0.5 1.21753e-10
3.83333 0.5 6.11576e-11
3.9 0.5 7.45307e-12
3.96667 0.5 2.50579e-11
4.03333 0.5 4.02417e-11
4.1 0.5 4.46724e-11
4.16667 0.5 4.33998e-11
4.23333 0.5 3.94889e-11
4.3 0.5 3.45348e-11
4.36667 0.5 2.92379e-11
4.43333 0.5 2.38224e-11
4.5 0.5 1.82936e-11
4.56667 0.5 1.25691e-11
4.63333 0.5 6.66945e-12
4.7 0.5 1.47875e-12
4.76667 0.5 1.89349e-12
4.83333 0.5 3.07738e-12
4.9 0.5 3.42801e-12
4.96667 0.5 4.53013e-12
0.0333333 0.566667 7.24403e-06
0.1 0.566667 5.55916e-06
0.166667 0.566667 4.18069e-06
0.233333 0.566667 5.28575e-06
0.3 0.566667 9.49546e-06
0.366667 0.566667 1.49133e-05
0.433333 0.566667 1.7959e-05
0.5 0.566667 1.68512e-05
0.566667 0.566667 1.29464e-05
0.633333 0.566667 7.16218e-07
0.7 0.566667 3.38243e-05
0.766667 0.566667 5.78029e-05
0.833333 0.566667 7.28781e-05
0.9 0.566667 5.49095e-05
0.966667 0.566667 1.09043e-05
1.03333 0.566667 5.75727e-05
1.1 0.566667 1.43367e-05
1.16667 0.566667 1.51131e-06
1.23333 0.566667 5.96702e-06
1.3 0.566667 5.92005e-06
1.36667 0.566667 4.22964e-06
1.43333 0.566667 2.11032e-06
1.5 0.566667 1.35503e-06
1.56667 0.566667 3.15653e-06
1.63333 0.566667 1.35363e-06
1.7 0.566667 1.00385e-06
1.76667 0.566667 1.88756e-06
1.83333 0.566667 1.85513e-06
1.9 0.566667 1.35896e-06
1.96667 0.566667 5.78065e-07
2.03333 0.566667 4.14824e-07
2.1 0.566667 1.64213e-06
2.16667 0.566667 3.55141e-06
2.23333 0.566667 3.40136e-06
2.3 0.566667 1.45906e-06
2.36667 0.566667 2.43282e-06
2.43333 0.566667 1.44281e-06
2.5 0.566667 5.13878e-07
2.56667 0.566667 1.07123e-07
2.63333 0.566667 2.48322e-08
2.7 0.566667 3.88166e-08
2.76667 0.566667 5.51505e-08
2.83333 0.566667 5.94522e-08
2.9 0.566667 6.18761e-08
2.96667 0.566667 4.97835e-08
3.03333 0.566667 1.03457e-08
3.1 0.566667 9.11248e-08
3.16667 0.566667 8.66165e-08
3.23333 0.566667 2.16289e-08
3.3 0.566667 3.39208e-10
3.36667 0.566667 5.99563e-09
3.43333 0.566667 4.96839e-09
3.5 0.566667 2.16541e-09
3.56667 0.566667 1.84297e-10
3.63333 0.566667 5.00352e-10
3.7 0.566667 4.69392e-10
3.76667 0.566667 2.70797e-10
3.83333 0.566667 1.11509e-10
3.9 0.566667 1.84097e-11
3.96667 0.566667 2.68023e-11
4.03333 0.566667 4.40853e-11
4.1 0.566667 4.70439e-11
4.16667 0.566667 4.34833e-11
4.23333 0.566667 3.74112e-11
4.3 0.566667 3.0673e-11
4.36667 0.566667 2.40009e-11
4.43333 0.566667 1.76248e-11
4.5 0.566667 1.16166e-11
4.56667 0.566667 6.11431e-12
4.63333 0.566667 1.50981e-12
4.7 0.566667 1.64632e-12
4.76667 0.566667 3.04586e-12
4.83333 0.566667 3.11394e-12
4.9 0.566667 2.87705e-12
4.96667 0.566667 3.33679e-12
0.0333333 0.633333 1.4119e-06
0.1 0.633333 1.10364e-06
0.166667 0.633333 1.10339e-06
0.233333 0.633333 2.3153e-06
0.3 0.633333 4.5047e-06
0.366667 0.633333 6.46442e-06
0.433333 0.633333 6.76387e-06
0.5 0.633333 4.60835e-06
0.566667 0.633333 2.987e-07
0.633333 0.633333 1.318e-05
0.7 0.633333 3.36348e-05
0.766667 0.633333 4.40457e-05
0.833333 0.633333 4.36525e-05
0.9 0.633333 1.99286e-05
0.966667 0.633333 8.56731e-06
1.03333 0.633333 1.28318e-05
1.1 0.633333 4.11593e-06
1.16667 0.633333 3.52042e-06
1.23333 0.633333 5.37843e-06
1.3 0.633333 4.47114e-06
1.36667 0.633333 2.54123e-06
1.43333 0.633333 1.92543e-07
1.5 0.633333 3.16074e-06
1.56667 0.633333 7.94176e-06
1.63333 0.633333 2.62009e-06
1.7 0.633333 1.12238e-06
1.76667 0.633333 2.0472e-06
1.83333 0.633333 2.02235e-06
1.9 0.633333 1.52237e-06
1.96667 0.633333 7.36506e-07
2.03333 0.633333 2.40213e-07
2.1 0.633333 1.31969e-06
2.16667 0.633333 2.20194e-06
2.23333 0.633333 1.54137e-06
2.3 0.633333 1.21488e-07
2.36667 0.633333 9.89276e-07
2.43333 0.633333 7.46571e-07
2.5 0.633333 3.0775e-07
2.56667 0.633333 6.09419e-08
2.63333 0.633333 1.1297e-08
2.7 0.633333 1.30092e-08
2.76667 0.633333 6.76123e-09
2.83333 0.633333 1.69551e-08
2.9 0.633333 2.51894e-08
2.96667 0.633333 2.64903e-08
3.03333 0.633333 1.10027e-08
3.1 0.633333 3.87415e-08
3.16667 0.633333 3.18064e-08
3.23333 0.633333 1.07444e-08
3.3 0.633333 3.27271e-09
3.36667 0.633333 6.7413e-09
3.43333 0.633333 4.09057e-09
3.5 0.633333 1.25672e-11
3.56667 0.633333 1.97149e-09
3.63333 0.633333 1.67292e-09
3.7 0.633333 9.14224e-10
3.76667 0.633333 4.09914e-10
3.83333 0.633333 1.43018e-10
3.9 0.633333 1.80463e-11
3.96667 0.633333 3.24823e-11
4.03333 0.633333 4.7305e-11
4.1 0.633333 4.6553e-11
4.16667 0.633333 3.99511e-11
4.23333 0.633333 3.1843e-11
4.3 0.633333 2.39638e-11
4.36667 0.633333 1.68813e-11
4.43333 0.633333 1.072e-11
4.5 0.633333 5.51561e-12
4.56667 0.633333 1.37796e-12
4.63333 0.633333 1.5026e-12
4.7 0.633333 2.99614e-12
4.76667 0.633333 3.2493e-12
4.83333 0.633333 2.77134e-12
4.9 0.633333 2.27207e-12
4.96667 0.633333 2.33989e-12
0.0333333 0.7 1.31737e-06
0.1 0.7 1.18655e-06
0.166667 0.7 9.15982e-07
0.233333 0.7 2.93995e-07
0.3 0.7 4.28432e-07
0.366667 0.7 6.64647e-07
0.433333 0.7 1.8759e-07
0.5 0.7 2.55063e-06
0.566667 0.7 6.77842e-06
0.633333 0.7 1.28905e-05
0.7 0.7 1.91672e-05
0.766667 0.7 2.13002e-05
0.833333 0.7 1.60572e-05
0.9 0.7 5.13889e-06
0.966667 0.7 2.79003e-06
1.03333 0.7 2.63089e-06
1.1 0.7 1.61628e-06
1.16667 0.7 3.9751e-06
1.23333 0.7 3.66955e-06
1.3 0.7 2.28456e-06
1.36667 0.7 6.30369e-07
1.43333 0.7 1.28129e-06
1.5 0.7 3.40695e-06
1.56667 0.7 3.74098e-06
1.63333 0.7 1.13181e-06
1.7 0.7 1.00937e-06
1.76667 0.7 1.71222e-06
1.83333 0.7 1.6636e-06
1.9 0.7 1.21777e-06
1.96667 0.7 5.44484e-07
2.03333 0.7 2.35893e-07
2.1 0.7 9.53159e-07
2.16667 0.7 1.21397e-06
2.23333 0.7 8.03611e-07
2.3 0.7 1.01839e-07
2.36667 0.7 2.99341e-07
2.43333 0.7 2.86422e-07
2.5 0.7 1.1952e-07
2.56667 0.7 1.91978e-09
2.63333 0.7 3.78169e-08
2.7 0.7 3.78275e-08
2.76667 0.7 3.09019e-08
2.83333 0.7 3.49284e-08
2.9 0.7 1.58815e-08
2.96667 0.7 8.11073e-08
3.03333 0.7 7.1732e-09
3.1 0.7 1.35876e-08
3.16667 0.7 1.23726e-08
3.23333 0.7 3.24329e-09
3.3 0.7 3.5554e-09
3.36667 0.7 4.79483e-09
3.43333 0.7 9.88789e-10
3.5 0.7 7.25282e-09
3.56667 0.7 6.18219e-09
3.63333 0.7 2.72002e-09
3.7 0.7 1.14467e-09
3.76667 0.7 4.21166e-10
3.83333 0.7 1.09913e-10
3.9 0.7 1.16031e-11
3.96667 0.7 4.9585e-11
4.03333 0.7 5.35792e-11
4.1 0.7 4.56218e-11
4.16667 0.7 3.49031e-11
4.23333 0.7 2.4851e-11
4.3 0.7 1.64595e-11
4.36667 0.7 9.80148e-12
4.43333 0.7 4.68848e-12
4.5 0.7 9.33687e-13
4.56667 0.7 1.57916e-12
4.63333 0.7 2.93569e-12
4.7 0.7 3.28413e-12
4.76667 0.7 2.91044e-12
4.83333 0.7 2.22804e-12
4.9 0.7 1.67046e-12
4.96667 0.7 1.55459e-12
0.0333333 0.766667 1.87595e-06
0.1 0.766667 1.80481e-06
0.166667 0.766667 1.7921e-06
0.233333 0.766667 1.84424e-06
0.3 0.766667 2.08224e-06
0.366667 0.766667 2.69756e-06
0.433333 0.766667 3.84715e-06
0.5 0.766667 5.58797e-06
0.566667 0.766667 7.76818e-06
0.633333 0.766667 9.81271e-06
0.7 0.766667 1.05922e-05
0.766667 0.766667 8.86758e-06
0.833333 0.766667 4.48571e-06
0.9 0.766667 4.36184e-07
0.966667 0.766667 2.65207e-06
1.03333 0.766667 4.84313e-07
1.1 0.766667 2.69599e-06
1.16667 0.766667 3.06277e-06
1.23333 0.766667 1.65128e-06
1.3 0.766667 4.70409e-07
1.36667 0.766667 3.84015e-07
1.43333 0.766667 1.19468e-06
1.5 0.766667 1.66955e-06
1.56667 0.766667 1.27168e-06
1.63333 0.766667 2.02921e-07
1.7 0.766667 7.20904e-07
1.76667 0.766667 1.07357e-06
1.83333 0.766667 9.91421e-07
1.9 0.766667 6.66975e-07
1.96667 0.766667 2.20772e-07
2.03333 0.766667 2.39724e-07
2.1 0.766667 5.68673e-07
2.16667 0.766667 6.27287e-07
2.23333 0.766667 4.18514e-07
2.3 0.766667 1.30708e-07
2.36667 0.766667 3.92475e-08
2.43333 0.766667 5.65217e-08
2.5 0.766667 7.58629e-09
2.56667 0.766667 3.11414e-08
2.63333 0.766667 4.04872e-08
2.7 0.766667 3.20154e-08
2.76667 0.766667 1.76233e-08
2.83333 0.766667 6.00685e-09
2.9 0.766667 5.80266e-08
2.96667 0.766667 8.63769e-08
3.03333 0.766667 1.67862e-08
3.1 0.766667 1.62676e-09
3.16667 0.766667 3.81033e-09
3.23333 0.766667 4.38055e-10
3.3 0.766667 2.51777e-09
3.36667 0.766667 2.43264e-09
3.43333 0.766667 1.96157e-10
3.5 0.766667 6.84724e-09
3.56667 0.766667 5.37946e-09
3.63333 0.766667 2.25874e-09
3.7 0.766667 7.6143e-10
3.76667 0.766667 1.74735e-10
3.83333 0.766667 3.51883e-11
3.9 0.766667 8.93805e-11
3.96667 0.766667 8.67273e-11
4.03333 0.766667 6.77563e-11
4.1 0.766667 4.76499e-11
4.16667 0.766667 3.10833e-11
4.23333 0.766667 1.87451e-11
4.3 0.766667 1.00402e-11
4.36667 0.766667 4.13507e-12
4.43333 0.766667 3.08172e-13
4.5 0.766667 1.97555e-12
4.56667 0.766667 3.09706e-12
4.63333 0.766667 3.3504e-12
4.7 0.766667 3.00623e-12
4.76667 0.766667 2.34419e-12
4.83333 0.766667 1.64133e-12
4.9 0.766667 1.12913e-12
4.96667 0.766667 9.51391e-13
0.0333333 0.833333 1.37589e-06
0.1 0.833333 1.53919e-06
0.166667 0.833333 1.95186e-06
0.233333 0.833333 2.62939e-06
0.3 0.833333 3.55056e-06
0.366667 0.833333 4.63744e-06
0.433333 0.833333 5.74126e-06
0.5 0.833333 6.65048e-06
0.566667 0.833333 7.10064e-06
0.633333 0.833333 6.79528e-06
0.7 0.833333 5.49282e-06
0.766667 0.833333 3.20558e-06
0.833333 0.833333 4.31163e-07
0.9 0.833333 1.88957e-06
0.966667 0.833333 2.88939e-06
1.03333 0.833333 2.64386e-06
1.1 0.833333 6.51853e-07
1.16667 0.833333 1.71698e-06
1.23333 0.833333 2.35444e-10
1.3 0.833333 3.41211e-07
1.36667 0.833333 4.32504e-07
1.43333 0.833333 4.83679e-07
1.5 0.833333 4.27211e-07
1.56667 0.833333 1.89078e-07
1.63333 0.833333 1.38173e-07
1.7 0.833333 3.67297e-07
1.76667 0.833333 4.0839e-07
1.83333 0.833333 3.03517e-07
1.9 0.833333 1.29568e-07
1.96667 0.833333 5.80868e-08
2.03333 0.833333 2.14919e-07
2.1 0.833333 2.97873e-07
2.16667 0.833333 2.8461e-07
2.23333 0.833333 2.00755e-07
2.3 0.833333 1.08331e-07
2.36667 0.833333 5.50196e-08
2.43333 0.833333 4.22335e-08
2.5 0.833333 4.38457e-08
2.56667 0.833333 3.99698e-08
2.63333 0.833333 2.76741e-08
2.7 0.833333 1.18289e-08
2.76667 0.833333 5.02489e-09
2.83333 0.833333 2.38074e-08
2.9 0.833333 3.63693e-08
2.96667 0.833333 2.9191e-08
3.03333 0.833333 1.41229e-08
3.1 0.833333 2.25824e-09
3.16667 0.833333 2.7717e-10
3.23333 0.833333 6.19803e-10
3.3 0.833333 1.88051e-09
3.36667 0.833333 2.32959e-09
3.43333 0.833333 2.22951e-09
3.5 0.833333 8.11727e-10
3.56667 0.833333 4.2144e-11
3.63333 0.833333 5.58985e-11
3.7 0.833333 2.9455e-10
3.76667 0.833333 3.57688e-10
3.83333 0.833333 3.01732e-10
3.9 0.833333 2.19284e-10
3.96667 0.833333 1.46377e-10
4.03333 0.833333 9.20126e-11
4.1 0.833333 5.46966e-11
4.16667 0.833333 3.03275e-11
4.23333 0.833333 1.49999e-11
4.3 0.833333 5.72142e-12
4.36667 0.833333 3.96679e-13
4.43333 0.833333 2.37939e-12
4.5 0.833333 3.53366e-12
4.56667 0.833333 3.68232e-12
4.63333 0.833333 3.24891e-12
4.7 0.833333 2.5387e-12
4.76667 0.833333 1.77782e-12
4.83333 0.833333 1.12771e-12
4.9 0.833333 6.88495e-13
4.96667 0.833333 5.04432e-13
0.0333333 0.9 6.47806e-07
0.1 0.9 1.03996e-06
0.166667 0.9 1.84675e-06
0.233333 0.9 3.03252e-06
0.3 0.9 4.45534e-06
0.366667 0.9 5.84684e-06
0.433333 0.9 6.85368e-06
0.5 0.9 7.14068e-06
0.566667 0.9 6.52125e-06
0.633333 0.9 5.06432e-06
0.7 0.9 3.11759e-06
0.766667 0.9 1.19898e-06
0.833333 0.9 2.23423e-07
0.9 0.9 9.5459e-07
0.966667 0.9 1.22145e-06
1.03333 0.9 1.52823e-06
1.1 0.9 1.74754e-07
1.16667 0.9 4.40835e-07
1.23333 0.9 2.80979e-07
1.3 0.9 1.93193e-07
1.36667 0.9 1.36519e-09
1.43333 0.9 1.71201e-07
1.5 0.9 2.81978e-07
1.56667 0.9 3.0201e-07
1.63333 0.9 2.22482e-07
1.7 0.9 7.21141e-08
1.76667 0.9 8.98241e-08
1.83333 0.9 2.06928e-07
1.9 0.9 2.54204e-07
1.96667 0.9 2.40194e-07
2.03333 0.9 1.91539e-07
2.1 0.9 1.36832e-07
2.16667 0.9 9.68205e-08
2.23333 0.9 7.97823e-08
2.3 0.9 8.07285e-08
2.36667 0.9 8.5735e-08
2.43333 0.9 8.14514e-08
2.5 0.9 6.36244e-08
2.56667 0.9 3.76754e-08
2.63333 0.9 1.23307e-08
2.7 0.9 6.71678e-09
2.76667 0.9 1.8303e-08
2.83333 0.9 2.28097e-08
2.9 0.9 2.05939e-08
2.96667 0.9 1.39543e-08
3.03333 0.9 6.76025e-09
3.1 0.9 2.35513e-09
3.16667 0.9 8.60033e-10
3.23333 0.9 1.0698e-09
3.3 0.9 1.88054e-09
3.36667 0.9 2.91097e-09
3.43333 0.9 3.65613e-09
3.5 0.9 3.79192e-09
3.56667 0.9 3.30032e-09
3.63333 0.9 2.40701e-09
3.7 0.9 1.58129e-09
3.76667 0.9 1.007e-09
3.83333 0.9 6.21546e-10
3.9 0.9 3.71796e-10
3.96667 0.9 2.16113e-10
4.03333 0.9 1.21571e-10
4.1 0.9 6.52881e-11
4.16667 0.9 3.24228e-11
4.23333 0.9 1.37207e-11
4.3 0.9 3.52205e-12
4.36667 0.9 1.60992e-12
4.43333 0.9 3.76754e-12
4.5 0.9 4.23698e-12
4.56667 0.9 3.8192e-12
4.63333 0.9 3.01605e-12
4.7 0.9 2.13624e-12
4.76667 0.9 1.35682e-12
4.83333 0.9 7.63334e-13
4.9 0.9 3.81586e-13
4.96667 0.9 2.05783e-13
0.0333333 0.966667 1.77507e-07
0.1 0.966667 7.07758e-07
0.166667 0.966667 1.7622e-06
0.233333 0.966667 3.26619e-06
0.3 0.966667 5.00113e-06
0.366667 0.966667 6.58385e-06
0.433333 0.966667 7.54587e-06
0.5 0.966667 7.50294e-06
0.566667 0.966667 6.35223e-06
0.633333 0.966667 4.39398e-06
0.7 0.966667 2.26929e-06
0.766667 0.966667 6.83257e-07
0.833333 0.966667 4.51141e-08
0.9 0.966667 2.84626e-07
0.966667 0.966667 1.032e-06
1.03333 0.966667 1.91711e-06
1.1 0.966667 2.15731e-06
1.16667 0.966667 1.24348e-06
1.23333 0.966667 3.81063e-07
1.3 0.966667 2.8096e-07
1.36667 0.966667 4.02131e-07
1.43333 0.966667 5.53286e-07
1.5 0.966667 6.10037e-07
1.56667 0.966667 4.97376e-07
1.63333 0.966667 2.32092e-07
1.7 0.966667 8.69818e-08
1.76667 0.966667 3.42527e-07
1.83333 0.966667 4.62138e-07
1.9 0.966667 4.40372e-07
1.96667 0.966667 3.23003e-07
2.03333 0.966667 1.775e-07
2.1 0.966667 6.46484e-08
2.16667 0.966667 1.66789e-08
2.23333 0.966667 2.83751e-08
2.3 0.966667 6.70527e-08
2.36667 0.966667 9.62408e-08
2.43333 0.966667 9.66846e-08
2.5 0.966667 7.12952e-08
2.56667 0.966667 3.53669e-08
2.63333 0.966667 3.70311e-09
2.7 0.966667 1.60771e-08
2.76667 0.966667 2.32646e-08
2.83333 0.966667 2.11803e-08
2.9 0.966667 1.46515e-08
2.96667 0.966667 8.02181e-09
3.03333 0.966667 3.64246e-09
3.1 0.966667 1.62867e-09
3.16667 0.966667 1.0612e-09
3.23333 0.966667 1.21847e-09
3.3 0.966667 1.95167e-09
3.36667 0.966667 3.21224e-09
3.43333 0.966667 4.55554e-09
3.5 0.966667 5.22943e-09
3.56667 0.966667 4.83466e-09
3.63333 0.966667 3.69192e-09
3.7 0.966667 2.43829e-09
3.76667 0.966667 1.47536e-09
3.83333 0.966667 8.54903e-10
3.9 0.966667 4.83237e-10
3.96667 0.966667 2.67369e-10
4.03333 0.966667 1.43925e-10
4.1 0.966667 7.41039e-11
4.16667 0.966667 3.51531e-11
4.23333 0.966667 1.39429e-11
4.3 0.966667 2.91965e-12
4.36667 0.966667 2.28481e-12
4.43333 0.966667 4.22496e-12
4.5 0.966667 4.41673e-12
4.56667 0.966667 3.76997e-12
4.63333 0.966667 2.82695e-12
4.7 0.966667 1.89489e-12
4.76667 0.966667 1.12495e-12
4.83333 0.966667 5.67634e-13
4.9 0.966667 2.18049e-13
4.96667 0.966667 5.26098e-14
