0
0
-5.33505e-09
0
0
-6.02388e-07
0
0
-4.90843e-09
0
0
-3.6359e-06
1.6167e-23
9.77184e-22
1.30929e-08
1.13399e-20
-1.31015e-20
-2.28788e-05
0
0
-7.67024e-09
0
0
-3.90131e-06
0
0
1.383e-08
0
0
-6.44455e-06
-3.27058e-23
-2.58499e-16
1.08129e-07
-3.19286e-20
1.19353e-16
-4.0632e-05
0
0
5.81658e-08
0
0
-7.6563e-06
0
-1.86896e-15
3.5162e-07
1.08403e-20
7.31518e-16
-4.8884e-05
0
0
1.39536e-07
0
0
-6.86091e-06
6.57859e-22
-1.72932e-15
8.29482e-07
-4.21548e-21
8.62776e-16
-4.45873e-05
0
0
2.4991e-07
0
0
-4.2532e-06
-1.30923e-21
2.8811e-15
1.51027e-06
7.01141e-21
-2.5086e-16
-2.83603e-05
0
0
3.53188e-07
0
0
-8.11459e-07
1.84085e-21
3.57342e-16
2.1674e-06
-0
-8.34025e-17
-6.33012e-06
0
0
3.98726e-07
0
0
2.14275e-06
2.1462e-21
4.24572e-18
2.46722e-06
-3.22153e-21
2.24723e-21
1.27137e-05
0
0
3.51903e-07
0
0
3.73096e-06
5.96585e-21
-8.60901e-19
2.17857e-06
-8.72135e-21
3.94942e-21
2.2926e-05
0
0
2.16367e-07
0
0
3.90315e-06
-1.729e-21
1.6215e-19
1.32558e-06
-1.27562e-20
6.66649e-22
2.41081e-05
0
0
3.21109e-08
0
0
3.16521e-06
-5.23714e-22
-2.76032e-20
1.66717e-07
-2.56007e-20
9.10198e-22
1.96418e-05
0
0
-1.45641e-07
0
0
2.08916e-06
0
3.15731e-21
-9.46521e-07
-1.87189e-20
2.0712e-21
1.31358e-05
0
0
-2.70783e-07
0
0
1.04808e-06
2.03111e-22
3.56676e-21
-1.72419e-06
-8.47365e-21
2.09488e-21
6.85443e-06
0
0
-3.21901e-07
0
0
2.09716e-07
-3.60609e-22
-8.49978e-21
-2.03455e-06
-4.05517e-21
5.81815e-21
1.79538e-06
0
0
-3.04444e-07
0
0
-3.82304e-07
2.49787e-22
1.4057e-20
-1.91647e-06
-4.18156e-21
0
-1.78977e-06
0
0
-2.41679e-07
0
0
-7.41249e-07
-1.0705e-21
-4.1496e-19
-1.51972e-06
4.14422e-21
-4.31001e-19
-3.98716e-06
0
0
-1.61449e-07
0
0
-8.99796e-07
-3.44827e-22
2.05009e-18
-1.01913e-06
3.9523e-21
-3.34562e-19
-4.99468e-06
0
0
-8.60891e-08
0
0
-8.94104e-07
-9.0895e-23
-9.2399e-18
-5.51645e-07
3.62266e-21
2.09631e-18
-5.02706e-06
0
0
-2.86763e-08
0
0
-7.60042e-07
-8.99232e-23
-5.63758e-18
-1.95309e-07
6.35509e-21
1.33326e-18
-4.29483e-06
0
0
5.90344e-09
0
0
-5.34513e-07
-1.65785e-22
-4.97442e-20
2.18443e-08
-2.64279e-21
1.26888e-19
-3.01461e-06
0
0
1.81815e-08
0
0
-2.57084e-07
-6.96425e-23
2.46314e-18
1.03908e-07
-2.0462e-21
-2.19035e-20
-1.42115e-06
0
0
1.16798e-08
0
0
3.1089e-08
0
9.42127e-18
7.25134e-08
2.83219e-21
-2.35151e-19
2.38042e-07
0
0
-8.72642e-09
0
0
2.91918e-07
0
1.64681e-17
-4.26366e-08
1.55964e-21
-5.43668e-19
1.73158e-06
0
0
-3.79773e-08
0
0
4.97034e-07
1.982e-23
1.96314e-17
-2.10623e-07
8.11503e-23
-7.16458e-19
2.88695e-06
0
0
-7.18009e-08
0
0
6.33124e-07
0
1.53709e-17
-4.05304e-07
-4.15234e-22
-5.65326e-19
3.6253e-06
0
0
-1.07446e-07
0
0
7.02918e-07
-3.06377e-22
-2.96317e-18
-6.10008e-07
1.87226e-21
9.35332e-20
3.96814e-06
0
0
-1.43963e-07
0
0
7.21165e-07
-2.31469e-22
-1.83409e-18
-8.19373e-07
-4.86041e-21
6.10423e-20
4.0112e-06
0
0
-1.81924e-07
0
0
7.07677e-07
-1.24289e-21
1.77926e-21
-1.03757e-06
8.83004e-22
5.62975e-22
3.87952e-06
0
0
-2.22737e-07
0
0
6.80693e-07
3.883e-22
-7.1563e-22
-1.27391e-06
1.03269e-21
5.33844e-22
3.68555e-06
0
0
-2.67855e-07
0
0
6.52904e-07
2.30814e-21
2.20129e-22
-1.53782e-06
-3.43116e-21
-1.00728e-21
3.50507e-06
0
0
-3.18141e-07
0
0
6.30557e-07
1.58482e-21
-3.70308e-22
-1.83498e-06
-3.6529e-21
-2.38379e-22
3.37305e-06
0
0
-3.73508e-07
0
0
6.14644e-07
3.51597e-21
1.46617e-22
-2.16514e-06
1.25679e-21
-0
3.2922e-06
0
0
-4.32752e-07
0
0
6.02795e-07
2.53116e-21
1.03414e-22
-2.52124e-06
-6.32041e-21
4.40628e-22
3.24523e-06
0
0
-4.93492e-07
0
0
5.90954e-07
1.33385e-21
-1.64045e-22
-2.88906e-06
-2.48534e-21
-2.16149e-22
3.20531e-06
0
0
-5.52109e-07
0
0
5.74488e-07
2.74788e-21
-2.30629e-22
-3.24686e-06
4.78357e-21
6.4549e-22
3.14259e-06
0
0
-6.03663e-07
0
0
5.48783e-07
5.53492e-21
-4.23356e-22
-3.56483e-06
-2.25432e-21
1.08657e-21
3.02772e-06
0
0
-6.41836e-07
0
0
5.09555e-07
-8.17141e-21
4.40911e-22
-3.80469e-06
6.23968e-21
-6.6796e-22
2.83345e-06
0
0
-6.58963e-07
0
0
4.53067e-07
1.04646e-20
2.60076e-22
-3.91977e-06
0
0
2.53589e-06
0
0
-6.46328e-07
0
0
3.76447e-07
-9.78327e-21
-1.32834e-22
-3.85671e-06
-4.94461e-21
-7.30321e-22
2.11625e-06
0
0
-5.94936e-07
0
0
2.78247e-07
2.21644e-21
-6.70276e-23
-3.5599e-06
2.81034e-21
7.76892e-22
1.56414e-06
0
0
-4.9707e-07
0
0
1.59345e-07
-7.73602e-21
6.66958e-23
-2.98077e-06
-3.46082e-21
0
8.82985e-07
0
0
-3.48961e-07
0
0
2.41873e-08
-9.64144e-21
3.26269e-22
-2.09373e-06
-1.80151e-21
5.9523e-22
9.76671e-08
0
0
-1.54515e-07
0
0
-1.17962e-07
0
3.12576e-22
-9.19266e-07
1.30748e-21
-1.26937e-21
-7.3728e-07
0
0
7.09613e-08
0
0
-2.52694e-07
-8.62663e-22
0
4.51726e-07
0
-9.99985e-22
-1.5344e-06
0
0
2.99694e-07
0
0
-3.62372e-07
0
-1.57477e-22
1.84862e-06
2.03913e-22
-1.70816e-21
-2.1838e-06
0
0
4.96104e-07
0
0
-4.30942e-07
-8.44443e-23
4.06734e-22
3.04798e-06
1.23613e-23
-6.7727e-22
-2.58305e-06
0
0
6.27603e-07
0
0
-4.50097e-07
-1.13995e-21
2.94302e-22
3.84232e-06
-1.06235e-21
1.28938e-21
-2.67789e-06
0
0
6.76906e-07
0
0
-4.23197e-07
-2.50735e-21
1.11862e-22
4.12169e-06
1.14769e-21
2.93377e-22
-2.48942e-06
0
0
6.48453e-07
0
0
-3.63988e-07
4.66774e-22
-5.86856e-23
3.917e-06
-1.37766e-21
1.01991e-21
-2.10624e-06
0
0
5.64721e-07
0
0
-2.90648e-07
-3.30172e-21
6.16106e-23
3.375e-06
2.37058e-22
-1.06007e-21
-1.64457e-06
0
0
4.5523e-07
0
0
-2.18998e-07
0
-4.01726e-23
2.68455e-06
-9.30829e-22
-5.08245e-22
-1.20308e-06
0
0
3.45405e-07
0
0
-1.5857e-07
3.62681e-21
2.76498e-24
2.00391e-06
-1.142e-21
6.54459e-22
-8.38331e-07
0
0
2.50748e-07
0
0
-1.12517e-07
-2.19932e-22
0
1.42559e-06
3.72123e-22
1.9685e-22
-5.66054e-07
0
0
1.76967e-07
0
0
-7.97807e-08
4.6817e-22
8.95222e-24
9.8025e-07
-3.04316e-22
0
-3.76616e-07
0
0
1.23291e-07
0
0
-5.75303e-08
-1.2223e-21
3.10417e-24
6.59635e-07
-3.83522e-23
-3.14953e-22
-2.50808e-07
0
0
8.60305e-08
0
0
-4.27784e-08
-1.25791e-22
-3.31344e-24
4.39212e-07
1.34029e-22
-7.50858e-23
-1.69588e-07
0
0
6.0951e-08
0
0
-3.30852e-08
-3.1995e-22
0
2.92334e-07
1.51892e-22
7.97344e-23
-1.17916e-07
0
0
4.43865e-08
0
0
-2.66924e-08
0
-2.58938e-24
1.96474e-07
6.55699e-23
-5.59735e-23
-8.51871e-08
0
0
3.35487e-08
0
0
-2.24174e-08
-2.17945e-22
-2.08701e-24
1.3472e-07
4.6048e-24
3.90139e-23
-6.43821e-08
0
0
2.64671e-08
0
0
-1.94946e-08
8.03319e-24
5.6784e-24
9.52169e-08
-3.16082e-23
9.00858e-24
-5.10204e-08
0
0
2.1811e-08
0
0
-1.7439e-08
2.7852e-23
3.68405e-24
6.99951e-08
-2.20958e-24
-2.48266e-23
-4.22984e-08
0
0
1.87078e-08
0
0
-1.59458e-08
-5.10499e-23
9.10606e-25
5.38458e-08
-8.63681e-24
1.27666e-23
-3.64797e-08
0
0
1.65965e-08
0
0
-1.48243e-08
-9.66027e-24
-1.32858e-24
4.34267e-08
7.37576e-24
5.81005e-24
-3.24929e-08
0
0
1.51213e-08
0
0
-1.39546e-08
1.2327e-23
2.39079e-25
3.662e-08
-1.1813e-23
-1.97512e-24
-2.96774e-08
0
0
1.40583e-08
0
0
-1.32611e-08
-8.35873e-24
-8.50763e-25
3.20949e-08
6.00111e-24
-5.35114e-24
-2.76243e-08
0
0
1.32672e-08
0
0
-1.26956e-08
3.63088e-24
1.19903e-24
2.90198e-08
1.94463e-24
-9.02741e-25
-2.608e-08
0
0
1.26607e-08
0
0
-1.22272e-08
3.09733e-24
-8.37252e-25
2.68765e-08
-9.43011e-25
-6.06818e-25
-2.48859e-08
0
0
1.21842e-08
0
0
-1.18357e-08
6.4484e-25
-1.44845e-24
2.53426e-08
-1.19598e-24
-1.21834e-24
-2.39423e-08
0
0
1.18034e-08
0
0
-1.1508e-08
-2.80429e-24
-3.17622e-25
2.42175e-08
3.28218e-25
2.70287e-25
-2.3186e-08
0
0
1.14969e-08
0
0
-1.12351e-08
-1.49245e-25
5.91465e-25
2.33762e-08
-1.56084e-25
1.78481e-25
-2.25768e-08
0
0
1.12512e-08
0
0
-1.10111e-08
-3.28651e-25
-1.43278e-25
2.27407e-08
3.65061e-26
-1.7462e-25
-2.20887e-08
0
0
1.10577e-08
0
0
-1.08319e-08
-4.10022e-25
6.16535e-25
2.22618e-08
-1.93678e-25
-3.71674e-26
-2.17046e-08
0
0
1.09107e-08
0
0
-1.06947e-08
-3.5906e-25
-8.49299e-25
2.19088e-08
3.34777e-26
9.1193e-26
-2.14137e-08
0
0
1.08069e-08
0
0
-1.05977e-08
-7.1166e-26
3.34188e-25
2.16618e-08
7.92735e-27
-7.69224e-26
-2.12086e-08
0
0
1.07438e-08
0
0
-1.05395e-08
-4.57034e-26
-4.07471e-26
2.15086e-08
1.33749e-26
1.69036e-26
-2.10844e-08
0
0
5.36064e-09
0
0
-5.25984e-09
0
0
1.07247e-08
0
0
-1.05204e-08
-7.75033e-23
-1.13662e-20
1.54395e-08
0
9.34681e-20
-4.92437e-05
0
0
-6.7813e-09
0
0
-8.38921e-06
-3.75858e-23
1.83422e-15
1.07943e-07
0
-8.89947e-16
-8.942e-05
-6.08303e-23
1.33836e-14
4.3535e-07
0
-5.60534e-15
-0.000111961
5.27839e-22
1.25231e-14
1.29532e-06
-2.67886e-20
-6.84034e-15
-0.000107039
1.07297e-21
-2.08907e-14
2.75879e-06
1.03442e-20
2.03991e-15
-7.18817e-05
2.05858e-21
-2.56258e-15
4.34535e-06
1.63698e-20
6.93954e-16
-1.99211e-05
-1.28759e-20
-2.91843e-17
5.17131e-06
2.46993e-20
-2.39604e-20
2.51963e-05
0
5.71689e-18
4.61351e-06
-5.45644e-20
-3.57288e-20
4.82189e-05
-5.17685e-21
-1.04157e-18
2.73071e-06
1.40531e-19
1.89171e-20
5.01496e-05
-2.99998e-21
1.75182e-19
1.53812e-07
-4.95381e-20
-7.86649e-21
4.01731e-05
2.39541e-22
-1.78154e-20
-2.29768e-06
7.169e-20
6.63085e-21
2.64014e-05
-1.67211e-21
-2.23238e-20
-3.96427e-06
3.39264e-20
-1.10259e-21
1.34081e-05
-9.24393e-22
5.17087e-20
-4.56272e-06
-1.46722e-20
-1.00538e-21
3.09002e-06
7.06105e-21
-8.23197e-20
-4.21237e-06
7.59986e-21
-2.55658e-21
-4.13677e-06
3.50208e-21
1.50927e-18
-3.27915e-06
-0
3.01996e-18
-8.50527e-06
5.52642e-21
-1.50106e-17
-2.16057e-06
-1.45325e-20
2.33197e-18
-1.04462e-05
3.92657e-21
6.41873e-17
-1.1452e-06
-6.70989e-21
-1.43849e-17
-1.04024e-05
4.91407e-21
3.8832e-17
-3.83337e-07
-3.56418e-20
-8.97498e-18
-8.79517e-06
3.06545e-22
3.42977e-19
7.8385e-08
-5.00175e-21
-7.91835e-19
-6.05761e-06
-5.2643e-22
-1.69907e-17
2.54209e-07
1.18284e-20
1.91398e-19
-2.67093e-06
-1.18649e-21
-6.50639e-17
1.90878e-07
8.44115e-21
1.76694e-18
8.3926e-07
-7.79137e-22
-1.13713e-16
-4.86384e-08
6.65557e-21
3.98857e-18
3.96702e-06
-3.64335e-23
-1.35295e-16
-3.97642e-07
-2.69523e-22
5.19047e-18
6.33053e-06
1.60767e-21
-1.05557e-16
-7.98698e-07
2.60618e-22
4.06033e-18
7.76205e-06
1.48526e-21
2.02496e-17
-1.21511e-06
3.71341e-21
-6.66395e-19
8.32745e-06
4.65198e-21
1.24936e-17
-1.63586e-06
1.16533e-21
-4.31167e-19
8.26104e-06
3.18314e-21
-1.34357e-20
-2.0716e-06
-1.59766e-20
-2.82504e-22
7.85424e-06
6.71369e-21
5.34686e-21
-2.54405e-06
1.80836e-21
-1.86396e-21
7.3565e-06
9.66667e-21
-3.49045e-22
-3.07448e-06
1.21539e-20
-1.25073e-21
6.92502e-06
7.4293e-21
1.284e-21
-3.67546e-06
1.30546e-20
-4.72362e-22
6.62328e-06
9.32932e-21
-9.68627e-23
-4.34677e-06
-2.26255e-21
-1.35211e-21
6.44634e-06
4.50257e-21
-2.05099e-22
-5.07412e-06
-6.87256e-21
1.08957e-21
6.35051e-06
7.15548e-21
-4.34163e-22
-5.82879e-06
6.79843e-21
-2.77939e-21
6.27568e-06
1.72859e-20
-1.37464e-21
-6.56685e-06
6.58264e-21
1.49001e-21
6.15818e-06
4.9998e-21
-1.08249e-21
-7.22794e-06
-8.32425e-21
-1.93519e-21
5.93667e-06
3.46345e-20
-2.25702e-21
-7.73408e-06
7.73127e-21
-1.98314e-21
5.5546e-06
4.78066e-21
-4.27608e-21
-7.98953e-06
1.7557e-20
-2.29009e-22
4.96197e-06
-3.14995e-20
-3.18091e-21
-7.88339e-06
-1.55602e-20
-2.17078e-21
4.1183e-06
2.05561e-20
-4.28747e-21
-7.29774e-06
2.68035e-21
-1.28487e-21
2.99865e-06
-2.89948e-20
-3.87543e-21
-6.12488e-06
2.22928e-21
0
1.60412e-06
1.83213e-20
-6.03483e-21
-4.29854e-06
3.54383e-21
0
-2.21135e-08
-9.66787e-21
-4.29359e-21
-1.84232e-06
0
-1.275e-21
-1.7748e-06
5.20846e-21
-3.31692e-21
1.07075e-06
-8.89937e-21
6.06468e-21
-3.47174e-06
-9.31292e-21
-1.82468e-21
4.07956e-06
9.7935e-22
4.16886e-21
-4.866e-06
-1.34788e-21
-1.48569e-21
6.67649e-06
-1.04332e-21
-4.14962e-21
-5.70951e-06
2.00736e-21
-1.96768e-21
8.36662e-06
-5.4185e-22
-1.31789e-21
-5.85934e-06
4.80275e-21
-7.4454e-22
8.88318e-06
2.63844e-21
-5.97856e-22
-5.36102e-06
-1.14494e-21
-3.1664e-22
8.31107e-06
-3.88275e-21
-5.15984e-22
-4.43528e-06
3.54157e-21
9.75675e-23
7.01957e-06
2.21754e-21
1.6995e-21
-3.36842e-06
-7.95724e-21
-5.10638e-23
5.46116e-06
-1.2121e-21
-2.68679e-21
-2.38951e-06
-7.48432e-21
2.90784e-23
3.9874e-06
-4.87107e-22
2.56832e-21
-1.61313e-06
-1.01256e-20
7.77909e-25
2.77869e-06
6.62436e-22
-1.72321e-21
-1.05516e-06
2.06776e-22
-9.43592e-24
1.87452e-06
-7.51203e-22
-1.40028e-22
-6.79414e-07
-3.14977e-21
1.98548e-23
1.23808e-06
1.12657e-21
0
-4.36428e-07
-1.57265e-21
-4.08176e-23
8.07921e-07
6.96163e-23
0
-2.82924e-07
7.17298e-22
-2.14691e-23
5.25024e-07
-4.16155e-22
-2.03017e-22
-1.87074e-07
-1.56769e-21
-2.56835e-23
3.42344e-07
-0
-7.1091e-23
-1.27441e-07
5.24672e-22
-4.30521e-23
2.25771e-07
-4.2359e-24
1.48364e-22
-9.02556e-08
9.08903e-22
-1.26571e-23
1.51904e-07
-7.08064e-23
-0
-6.69058e-08
8.87961e-22
-1.78612e-23
1.05242e-07
8.17102e-23
-1.17653e-23
-5.20789e-08
9.31597e-22
-6.15262e-24
7.57554e-08
4.19982e-23
-1.61132e-23
-4.25183e-08
8.16161e-22
-5.74919e-24
5.70516e-08
2.54136e-23
-1.09872e-23
-3.62315e-08
4.91005e-22
2.75021e-24
4.51014e-08
-4.77039e-25
1.49249e-23
-3.19981e-08
2.31398e-22
-6.50704e-25
3.7382e-08
9.29887e-25
-2.27235e-23
-2.90686e-08
5.05771e-23
5.0322e-24
3.23212e-08
-0
1.19156e-23
-2.69809e-08
-1.1607e-22
-2.23144e-24
2.89416e-08
-1.97524e-24
-1.71485e-24
-2.54489e-08
-1.72958e-22
9.9075e-25
2.66362e-08
2.12148e-24
3.82214e-25
-2.42947e-08
-2.17707e-22
3.16223e-24
2.50283e-08
-2.03803e-25
-3.04957e-24
-2.34066e-08
-1.977e-22
-1.06845e-24
2.38837e-08
-2.90726e-25
-0
-2.27146e-08
-1.61326e-22
-2.70488e-25
2.30565e-08
8.38252e-25
-3.27436e-25
-2.21741e-08
-1.11781e-22
1.07261e-24
2.24556e-08
-4.11656e-26
-0
-2.17567e-08
-6.49898e-23
-7.98665e-25
2.20238e-08
-0
-0
-2.14441e-08
-2.82597e-23
-1.30485e-25
2.1725e-08
-0
3.55768e-26
-2.12247e-08
-6.26162e-24
-1.7077e-25
2.15359e-08
-0
-4.11121e-26
-2.10905e-08
0
0
1.07292e-08
0
0
-1.05208e-08
-8.02647e-21
1.12915e-15
1.77921e-08
2.42886e-20
-8.2827e-16
-7.79737e-05
0
0
-2.43639e-09
0
0
-1.31678e-05
-1.43105e-20
-3.76649e-13
-3.03437e-07
9.44751e-20
2.20628e-12
-0.000229017
-1.5923e-20
-1.67552e-12
-8.56995e-07
-8.06184e-20
7.67735e-12
-0.000378784
-1.67034e-20
-1.60342e-12
-1.44622e-07
6.27488e-20
1.00329e-11
-0.000362412
-8.90673e-21
-2.50292e-13
2.43404e-06
4.75272e-20
5.28481e-12
-0.000210057
-1.26713e-20
3.13245e-14
6.07527e-06
3.54094e-20
-9.81432e-15
-4.57981e-05
-2.79652e-20
-3.07446e-15
8.10311e-06
-1.19949e-19
2.27665e-16
4.06745e-05
-1.54631e-20
5.54241e-16
7.40674e-06
-7.05471e-20
2.2956e-16
7.89559e-05
-5.48252e-21
-9.48169e-17
4.18014e-06
-2.05616e-19
-1.24349e-16
7.90783e-05
-1.03204e-20
1.58968e-17
-3.05662e-07
-1.07283e-19
4.43328e-17
6.1325e-05
2.66542e-22
-2.65043e-18
-4.53892e-06
3.23911e-20
-1.31873e-17
3.89726e-05
1.69062e-20
5.35877e-19
-7.2992e-06
-5.53015e-20
3.50169e-18
1.86385e-05
2.07178e-20
-3.01113e-19
-8.0905e-06
-4.99595e-20
-8.18652e-19
2.85298e-06
2.8056e-20
3.67777e-19
-7.22018e-06
-3.11545e-20
1.63078e-19
-7.98708e-06
3.01377e-20
8.24966e-19
-5.43913e-06
2.0775e-20
-1.70285e-17
-1.43776e-05
5.53299e-20
8.89025e-17
-3.47039e-06
4.00627e-20
-1.28066e-17
-1.70423e-05
3.73393e-20
-3.58581e-16
-1.76503e-06
-2.79093e-20
7.76751e-17
-1.6666e-05
1.89079e-20
-2.15051e-16
-5.17619e-07
5.80781e-20
4.69755e-17
-1.38667e-05
0
-1.91218e-18
2.30273e-07
6.3485e-20
3.55556e-18
-9.27624e-06
-1.79843e-20
9.45679e-17
5.13925e-07
-7.89286e-20
-1.41142e-18
-3.6313e-06
-2.13051e-20
3.62962e-16
4.09339e-07
-1.64623e-20
-1.09881e-17
2.20687e-06
-1.56759e-20
6.34003e-16
1.7798e-08
-2.55443e-21
-2.39791e-17
7.35694e-06
-3.94237e-21
7.51291e-16
-5.48511e-07
-4.06969e-21
-3.06597e-17
1.11283e-05
1.06911e-20
5.81961e-16
-1.18873e-06
-2.20015e-22
-2.36038e-17
1.32251e-05
2.38421e-20
-1.10584e-16
-1.83745e-06
9.75286e-21
3.83019e-18
1.38028e-05
3.56948e-20
-6.76895e-17
-2.47675e-06
7.37457e-21
2.43764e-18
1.33334e-05
4.18681e-20
8.01623e-20
-3.1287e-06
8.88656e-21
-0
1.23702e-05
3.72713e-20
-1.64521e-20
-3.83419e-06
-1.42892e-20
-2.77728e-21
1.1353e-05
5.35778e-20
1.3027e-20
-4.63111e-06
-6.73672e-21
-2.22e-21
1.05289e-05
4.15007e-20
2.69474e-21
-5.5408e-06
2.62524e-20
2.78223e-21
9.97363e-06
5.21121e-20
4.26888e-22
-6.56313e-06
9.15925e-21
1.32425e-21
9.65276e-06
6.29049e-20
-1.50745e-22
-7.67618e-06
-9.32794e-21
-9.59548e-22
9.47927e-06
7.01887e-20
-5.27034e-21
-8.83642e-06
1.54633e-20
-1.56882e-21
9.34942e-06
5.97581e-20
-1.11375e-20
-9.97766e-06
-2.10746e-20
-1.5622e-21
9.16014e-06
7.76932e-20
-1.59671e-20
-1.10089e-05
5.74231e-20
0
8.81521e-06
9.40932e-20
-2.27827e-20
-1.1812e-05
-2.14578e-20
6.47322e-21
8.2268e-06
1.17555e-19
-2.97202e-20
-1.22402e-05
0
-4.37612e-21
7.31634e-06
3.09328e-20
-2.94832e-20
-1.21212e-05
-4.37823e-20
4.61543e-21
6.01748e-06
1.48053e-19
-3.60736e-20
-1.1266e-05
-7.60733e-21
-3.03375e-21
4.28327e-06
-5.06622e-21
-3.49418e-20
-9.49156e-06
3.1978e-20
-7.77259e-21
2.10006e-06
1.72803e-20
-3.49273e-20
-6.66208e-06
-1.54694e-20
3.54879e-21
-4.88867e-07
2.08765e-20
-3.03106e-20
-2.76122e-06
3.92529e-21
-5.28116e-21
-3.34736e-06
1.54353e-20
-3.00995e-20
1.99988e-06
0
-1.07827e-20
-6.20228e-06
-3.26232e-21
-2.28433e-20
7.06449e-06
1.78765e-20
-5.89445e-21
-8.62324e-06
-1.37631e-21
-1.85899e-20
1.15238e-05
6.18815e-22
-2.6918e-21
-1.0105e-05
6.75239e-22
-9.10762e-21
1.43874e-05
-2.20487e-21
-3.08785e-21
-1.02964e-05
1.5141e-20
-5.78974e-21
1.50801e-05
-2.49218e-22
4.18341e-21
-9.24598e-06
-1.86064e-21
-2.32004e-21
1.37822e-05
-2.28894e-21
1.18905e-21
-7.41529e-06
9.87969e-21
-7.51856e-22
1.12817e-05
-3.33899e-21
-5.77448e-21
-5.41112e-06
2.04273e-20
-1.87663e-22
8.48227e-06
-9.00185e-21
-4.97803e-22
-3.67789e-06
-8.1901e-21
-3.854e-23
5.99795e-06
7.94684e-21
-3.74354e-22
-2.38586e-06
-1.06213e-20
-1.07527e-23
4.06866e-06
2.2908e-21
1.79014e-21
-1.50865e-06
-1.36509e-20
-1.0478e-22
2.68615e-06
-3.29537e-21
-2.29379e-21
-9.44606e-07
-1.64407e-20
-8.31946e-23
1.74346e-06
-6.54623e-22
0
-5.92319e-07
-1.64841e-20
-2.0638e-22
1.12087e-06
-5.6642e-22
9.10497e-22
-3.75346e-07
-8.91524e-21
-1.04764e-22
7.18271e-07
7.5577e-22
1.06687e-22
-2.42361e-07
-6.63236e-21
-1.24061e-22
4.61534e-07
-0
-2.97943e-22
-1.60784e-07
1.57139e-22
-1.30631e-22
2.99274e-07
4.18259e-22
-8.61432e-23
-1.10504e-07
4.12616e-21
-9.31676e-23
1.97258e-07
1.03086e-22
-1.7835e-22
-7.92716e-08
5.55204e-21
-5.77682e-23
1.33258e-07
-3.37794e-23
-1.06151e-22
-5.96653e-08
5.53885e-21
-4.49096e-23
9.30872e-08
-2.20874e-23
2.23308e-23
-4.71899e-08
4.69328e-21
-2.43713e-23
6.77929e-08
2.16227e-23
-2.28079e-23
-3.91171e-08
3.26437e-21
-7.09794e-24
5.17718e-08
7.92451e-24
2.32068e-23
-3.37851e-08
1.73603e-21
-7.76118e-24
4.15334e-08
-3.9946e-23
-3.48553e-23
-3.01778e-08
4.58831e-22
1.6003e-24
3.49106e-08
6.2734e-24
-3.52096e-24
-2.76707e-08
-5.97988e-22
8.89821e-25
3.05601e-08
3.65517e-24
-3.14949e-24
-2.58785e-08
-1.16638e-21
4.59818e-24
2.76495e-08
-5.89221e-24
8.41414e-24
-2.45623e-08
-1.37598e-21
1.98702e-24
2.5663e-08
-1.1327e-24
1.39687e-24
-2.35732e-08
-1.30267e-21
2.99575e-24
2.42805e-08
5.3889e-25
1.6098e-24
-2.28178e-08
-1.04811e-21
1.6578e-24
2.3303e-08
-1.26054e-25
1.49442e-24
-2.22374e-08
-7.32235e-22
-1.06897e-24
2.26062e-08
-2.2919e-25
-7.11741e-25
-2.17946e-08
-4.26535e-22
2.1244e-24
2.21125e-08
2.47179e-25
-2.4521e-25
-2.14657e-08
-1.85233e-22
-3.61469e-25
2.1773e-08
-9.59167e-26
-4.15439e-25
-2.12354e-08
-3.94153e-23
-2.17032e-25
2.15566e-08
7.89837e-26
9.55993e-26
-2.10938e-08
0
0
1.07327e-08
0
0
-1.05206e-08
-4.06288e-20
6.22251e-15
1.74813e-07
-8.52418e-20
-4.92912e-15
-0.00010238
0
0
3.04616e-08
0
0
-1.71385e-05
-7.76116e-20
-8.34251e-13
-4.36552e-07
3.83419e-20
7.03538e-12
-0.00039887
-8.76439e-20
-3.6404e-21
-2.3111e-22
-1.22707e-19
-3.49228e-20
2.46365e-20
-8.74813e-20
4.94844e-21
1.13566e-21
-1.23157e-19
3.1676e-20
-1.56202e-19
-7.32272e-20
-1.40562e-11
-2.97384e-06
-6.87376e-21
4.20669e-11
-0.000562324
-4.87343e-20
-1.44935e-12
5.14793e-06
1.54714e-19
1.00371e-11
-0.000122029
-5.17793e-20
-2.20636e-14
1.10809e-05
-1.61589e-19
3.38299e-16
6.69006e-05
-1.75472e-20
3.57236e-15
1.04337e-05
4.86347e-19
3.36133e-16
0.000116304
-2.52213e-20
-5.8716e-16
5.43681e-06
1.0032e-19
-1.72395e-16
0.000109613
-4.80474e-21
9.59387e-17
-1.67487e-06
-6.51857e-20
6.04422e-17
8.16417e-05
6.57335e-22
-1.5209e-17
-8.42552e-06
5.89649e-20
-1.76177e-17
4.96959e-05
-2.12304e-20
1.88664e-18
-1.25924e-05
-2.23691e-20
4.53125e-18
2.17484e-05
2.12272e-20
6.24612e-19
-1.3282e-05
-3.64009e-20
-1.09182e-18
5.96513e-07
3.26136e-20
-1.28707e-18
-1.12616e-05
1.26289e-20
2.32006e-19
-1.35895e-05
5.48733e-20
-4.89091e-17
-8.08067e-06
-6.32995e-20
8.51425e-17
-2.16982e-05
8.54739e-20
-4.68482e-16
-4.9346e-06
-2.44875e-20
6.23883e-17
-2.48006e-05
7.76632e-20
1.79554e-15
-2.37102e-06
-2.28357e-20
-3.6866e-16
-2.38079e-05
3.52993e-20
1.07108e-15
-5.49324e-07
1.02351e-20
-2.12724e-16
-1.9476e-05
-3.60549e-20
9.58384e-18
5.33907e-07
-8.76037e-20
-1.17596e-17
-1.25665e-05
-8.6104e-20
-4.76931e-16
9.4576e-07
7.77469e-20
9.46756e-18
-4.03749e-06
-1.03232e-19
-1.83931e-15
7.89306e-07
2.09499e-20
6.30562e-17
4.85265e-06
-7.37169e-20
-3.21253e-15
2.04825e-07
-1.67517e-20
1.32568e-16
1.26661e-05
-2.80327e-20
-3.78296e-15
-6.36338e-07
9.64788e-21
1.65802e-16
1.81815e-05
2.74483e-20
-2.89546e-15
-1.56659e-06
-5.83327e-22
1.24996e-16
2.08611e-05
7.57495e-20
5.41596e-16
-2.47317e-06
-1.48929e-20
-1.98288e-17
2.10296e-05
1.01063e-19
3.26849e-16
-3.32846e-06
-2.01926e-20
-1.23761e-17
1.96025e-05
1.13685e-19
-3.43766e-19
-4.17662e-06
-1.09205e-20
3.97842e-21
1.75846e-05
9.53894e-20
1.1799e-19
-5.09082e-06
1.96285e-20
7.04888e-21
1.56931e-05
4.62238e-20
-1.46515e-20
-6.13327e-06
-2.39786e-20
1.4453e-21
1.42606e-05
2.56343e-20
1.71661e-20
-7.33598e-06
-2.08877e-20
4.49886e-22
1.33319e-05
1.61001e-20
0
-8.69825e-06
-2.5634e-20
-8.96224e-21
1.28017e-05
2.12144e-20
-8.24207e-21
-1.01898e-05
3.74634e-21
-3.70512e-21
1.2513e-05
3.40587e-20
-2.14885e-20
-1.17525e-05
-1.12272e-20
1.25135e-20
1.23043e-05
5.14314e-20
-3.65436e-20
-1.3299e-05
3.65888e-21
-6.02971e-21
1.20269e-05
1.61759e-19
-5.24406e-20
-1.47096e-05
2.10293e-20
1.21894e-21
1.1547e-05
1.89974e-19
-6.60952e-20
-1.58278e-05
-4.60573e-20
7.91876e-21
1.07442e-05
1.73684e-19
-8.35908e-20
-1.64579e-05
6.65112e-20
-2.16946e-21
9.50947e-06
1.80477e-19
-9.65227e-20
-1.63656e-05
-1.086e-20
-5.50131e-21
7.74594e-06
2.92555e-19
-1.07099e-19
-1.52864e-05
4.75021e-21
3.4388e-21
5.3748e-06
9.36726e-20
-1.08336e-19
-1.29464e-05
1.61103e-20
-6.92704e-21
2.34842e-06
8.60426e-20
-1.04816e-19
-9.10441e-06
-1.31319e-20
5.82867e-22
-1.32395e-06
0
-9.56985e-20
-3.63282e-06
1.52257e-20
5.75242e-21
-5.52851e-06
-4.64523e-20
-8.26988e-20
3.33529e-06
1.08769e-20
1.11384e-20
-9.96152e-06
-4.8321e-20
-6.28901e-20
1.11493e-05
-1.12947e-20
2.15181e-20
-1.40014e-05
-1.70579e-20
-4.74368e-20
1.83731e-05
-1.41898e-20
1.29087e-20
-1.66734e-05
2.0461e-22
-2.85269e-20
2.30541e-05
2.38468e-22
-1.46444e-21
-1.70592e-05
3.37217e-20
-1.61268e-20
2.38503e-05
-7.51124e-22
6.57657e-22
-1.5043e-05
1.38707e-20
-7.86039e-21
2.10892e-05
-4.37276e-21
2.74988e-21
-1.15734e-05
7.14758e-21
-2.38303e-21
1.64803e-05
9.33315e-21
6.49305e-21
-7.97965e-06
-3.58771e-21
-4.99124e-22
1.17995e-05
-0
-6.5289e-22
-5.11272e-06
2.10168e-21
-7.91708e-24
8.0022e-06
-6.1943e-21
-5.0373e-21
-3.1536e-06
-4.00411e-20
-2.87927e-23
5.25743e-06
-1.24668e-21
3.47235e-22
-1.91842e-06
-4.60592e-20
-2.24088e-22
3.38919e-06
-2.6078e-21
4.97271e-22
-1.16692e-06
-4.07547e-20
-3.82484e-22
2.16054e-06
2.67889e-21
7.06028e-22
-7.1577e-07
-4.18162e-20
-4.26989e-22
1.36965e-06
1.13199e-22
-1.24378e-22
-4.45566e-07
-2.77226e-20
-4.20367e-22
8.67531e-07
6.82342e-22
3.48273e-22
-2.83171e-07
-1.48578e-20
-3.378e-22
5.51598e-07
-8.50872e-22
-3.02935e-22
-1.84923e-07
-3.93737e-21
-2.4173e-22
3.53904e-07
-1.12573e-22
3.35444e-22
-1.24978e-07
5.73295e-21
-1.82201e-22
2.30552e-07
-1.11242e-22
1.44372e-22
-8.80382e-08
1.13362e-20
-1.76655e-22
1.53636e-07
-1.36966e-22
2.17722e-22
-6.50141e-08
1.22013e-20
-1.06641e-22
1.05609e-07
1.3456e-23
-1.08085e-22
-5.04706e-08
1.06595e-20
-5.40072e-23
7.55153e-08
-6.59555e-24
2.7559e-23
-4.11368e-08
7.9793e-21
-2.57778e-23
5.65507e-08
1.29066e-23
1.86697e-23
-3.50319e-08
4.51509e-21
-5.31447e-24
4.45004e-08
2.83599e-23
-2.94075e-23
-3.09489e-08
1.43303e-21
9.19065e-24
3.67582e-08
-3.07074e-24
1.83687e-23
-2.81482e-08
-9.50225e-22
9.76087e-24
3.17135e-08
1.34285e-23
-9.46868e-25
-2.61744e-08
-2.3858e-21
2.05931e-23
2.83709e-08
-2.88826e-24
5.0534e-24
-2.47455e-08
-3.00576e-21
1.29386e-23
2.61143e-08
2.43089e-24
-1.17297e-23
-2.36863e-08
-2.93911e-21
1.14265e-23
2.45622e-08
-1.32284e-24
-6.8857e-25
-2.28871e-08
-2.3804e-21
9.65794e-24
2.34773e-08
-2.32327e-24
4.46473e-25
-2.22792e-08
-1.66717e-21
3.13705e-24
2.27121e-08
2.82034e-25
-5.087e-25
-2.1819e-08
-9.73729e-22
-2.01693e-25
2.21742e-08
3.04839e-25
7.00981e-25
-2.14789e-08
-4.25983e-22
1.38738e-24
2.18058e-08
-1.42425e-25
3.3823e-25
-2.12412e-08
-9.13291e-23
1.03472e-26
2.15705e-08
-0
9.51619e-26
-2.10948e-08
0
0
1.07353e-08
0
0
-1.05199e-08
-9.08338e-20
-1.92157e-15
6.84146e-07
2.23664e-20
-7.50583e-15
-0.00011244
0
0
1.20806e-07
0
0
-1.87526e-05
-1.85592e-19
2.66085e-13
6.18138e-07
1.75017e-19
1.07747e-11
-0.00050574
-2.1323e-19
6.24882e-20
1.13807e-20
-1.0894e-19
6.57837e-20
-7.26072e-20
-2.23851e-19
8.42129e-20
2.25109e-20
1.96265e-19
-5.95516e-20
4.47594e-20
-1.87032e-19
1.02973e-19
9.73422e-21
0
1.93469e-19
4.25382e-20
-1.08183e-19
-4.82735e-12
4.28447e-06
-2.63557e-19
3.82714e-11
-0.000153972
-3.76197e-20
3.04214e-14
1.40975e-05
-0
-8.61636e-16
0.00011056
2.30219e-20
-4.75727e-15
1.30637e-05
-2.04907e-19
-6.59661e-15
0.000154305
4.63516e-20
7.54416e-16
5.89506e-06
-0
3.19884e-15
0.000136671
2.30434e-20
-1.04131e-16
-4.72632e-06
-3.74737e-20
-1.12912e-15
9.79124e-05
4.09117e-21
-2.09159e-17
-1.51327e-05
2.24933e-20
3.22843e-16
5.68778e-05
2.32403e-20
7.9901e-17
-2.11523e-05
5.10623e-20
-6.26006e-17
2.20383e-05
3.62644e-20
-1.51793e-16
-2.09546e-05
-0
-3.91732e-17
-3.75373e-06
1.53342e-20
1.8749e-16
-1.64488e-05
-1.4386e-20
1.51573e-16
-2.06477e-05
6.59134e-20
7.16541e-16
-1.10729e-05
-4.32803e-20
-8.01596e-16
-3.00004e-05
1.42084e-19
-8.33954e-14
-7.03766e-06
1.39694e-19
2.54281e-13
-4.26273e-05
1.72186e-19
-1.79631e-13
-3.65545e-06
-3.91591e-20
3.43823e-13
-4.60909e-05
8.99403e-20
-1.08995e-13
-1.15055e-06
-0
1.8583e-13
-3.55434e-05
-8.11659e-20
1.07997e-14
8.97753e-07
-4.03165e-20
8.71399e-15
-1.84946e-05
-2.26838e-19
1.98781e-15
1.6097e-06
-0
-7.71284e-18
-3.51733e-06
-2.50514e-19
9.01929e-15
1.40345e-06
-0
-3.75657e-16
9.45915e-06
-1.94555e-19
1.56017e-14
5.77915e-07
-0
-6.98743e-16
2.09997e-05
-8.67082e-20
1.82829e-14
-6.23726e-07
1.47276e-20
-8.69111e-16
2.88578e-05
4.10112e-20
1.37373e-14
-1.92295e-06
-8.98561e-23
-6.35253e-16
3.19317e-05
1.52628e-19
-2.50635e-15
-3.11858e-06
1.11916e-20
9.76396e-17
3.08571e-05
2.14666e-19
-1.47773e-15
-4.1678e-06
2.89697e-20
5.9261e-17
2.745e-05
2.04753e-19
1.66429e-18
-5.16072e-06
-2.8281e-20
-3.05296e-20
2.3549e-05
1.5408e-19
-4.27656e-19
-6.22742e-06
-1.59893e-20
3.83146e-21
2.02649e-05
3.83257e-20
1.54843e-19
-7.46438e-06
6.25149e-21
-4.64729e-21
1.79479e-05
-8.09943e-20
-1.92211e-20
-8.91367e-06
1.95146e-21
-0
1.65074e-05
-1.66417e-19
1.75491e-20
-1.05714e-05
1.02946e-20
7.61714e-21
1.56973e-05
-2.38259e-19
-9.41129e-21
-1.2398e-05
3.37981e-20
4.64267e-21
1.52548e-05
-1.76308e-19
-2.69076e-20
-1.43215e-05
1.69297e-20
-3.11163e-21
1.49456e-05
-1.18953e-19
-4.93708e-20
-1.62361e-05
1.6601e-20
4.76599e-22
1.457e-05
2.26022e-20
-7.17376e-20
-1.79976e-05
7.97624e-21
0
1.39562e-05
2.40387e-19
-1.01032e-19
-1.94169e-05
2.25375e-20
7.41667e-21
1.29519e-05
2.66837e-19
-1.26164e-19
-2.02557e-05
5.54418e-20
-1.31387e-20
1.14176e-05
2.55286e-19
-1.49111e-19
-2.02245e-05
-4.37563e-20
5.9993e-21
9.22395e-06
3.24787e-19
-1.69729e-19
-1.89868e-05
-2.74823e-20
4.10451e-21
6.25256e-06
2.42897e-19
-1.85146e-19
-1.61731e-05
7.50305e-20
7.99521e-21
2.40287e-06
1.48748e-19
-1.81893e-19
-1.14108e-05
-7.70558e-20
-2.82488e-21
-2.3912e-06
6.13456e-20
-1.61078e-19
-4.38338e-06
-7.22448e-20
-1.61141e-20
-8.12322e-06
1.56926e-20
-1.39806e-19
5.04336e-06
0
9.63868e-21
-1.46222e-05
-2.13837e-20
-1.19752e-19
1.64986e-05
-5.61381e-21
-3.33607e-20
-2.13063e-05
-4.50215e-20
-8.44577e-20
2.82475e-05
-1.09867e-20
-7.18003e-21
-2.66291e-05
-1.35851e-21
-5.32422e-20
3.63758e-05
-4.41773e-22
-1.21274e-20
-2.80411e-05
2.49745e-20
-2.67948e-20
3.72362e-05
-5.73747e-21
1.5791e-20
-2.43808e-05
5.58836e-20
-8.2762e-21
3.13166e-05
8.19604e-21
8.75636e-21
-1.76769e-05
6.95574e-20
-3.11897e-21
2.27491e-05
-2.49864e-21
-1.91958e-21
-1.11961e-05
-7.7086e-21
-3.49435e-22
1.52551e-05
1.05472e-20
8.33033e-21
-6.64412e-06
6.83929e-21
1.5723e-22
9.87316e-06
8.486e-21
7.10095e-22
-3.87598e-06
-3.34408e-20
-7.63797e-23
6.28005e-06
4.58489e-21
1.51613e-21
-2.26776e-06
-6.46091e-20
-9.04768e-23
3.95655e-06
4.33882e-21
1.4314e-21
-1.34202e-06
-8.23634e-20
-1.8819e-22
2.48053e-06
2.48714e-22
2.52098e-21
-8.07105e-07
-7.64351e-20
-3.32399e-22
1.55299e-06
-0
-1.87283e-21
-4.95097e-07
-6.1909e-20
-3.5056e-22
9.741e-07
2.55161e-22
2.7102e-22
-3.10972e-07
-3.71742e-20
-3.86585e-22
6.14329e-07
-7.65709e-22
4.10227e-22
-2.00972e-07
-1.42073e-20
-4.37089e-22
3.91234e-07
9.51925e-22
-2.59627e-22
-1.34444e-07
2.93768e-21
-3.75984e-22
2.52973e-07
-1.88502e-22
-2.8388e-22
-9.37094e-08
1.33032e-20
-2.58596e-22
1.6721e-07
-6.19925e-23
-6.66086e-23
-6.84485e-08
1.73289e-20
-1.51914e-22
1.13882e-07
1.21975e-22
3.40518e-23
-5.25654e-08
1.62993e-20
-9.70212e-23
8.05871e-08
-1.04749e-22
5.13866e-23
-4.24205e-08
1.23935e-20
-2.4767e-23
5.96761e-08
-1.46556e-23
1.56474e-23
-3.58208e-08
7.46746e-21
3.16759e-24
4.6435e-08
-2.14865e-23
3.63453e-23
-3.14344e-08
2.86544e-21
3.91033e-23
3.79603e-08
-1.04768e-23
1.49696e-23
-2.8447e-08
-7.42238e-22
3.83596e-23
3.24629e-08
2.20738e-23
2.63724e-24
-2.63581e-08
-3.03414e-21
3.72129e-23
2.8839e-08
-9.86708e-24
9.13916e-24
-2.48582e-08
-4.13784e-21
2.52398e-23
2.64068e-08
-7.91479e-25
3.25977e-24
-2.3755e-08
-4.16394e-21
1.59245e-23
2.47442e-08
4.14919e-24
-4.89159e-24
-2.29285e-08
-3.40772e-21
1.51332e-23
2.35895e-08
1.0612e-24
2.42353e-24
-2.23035e-08
-2.40695e-21
9.26006e-24
2.27797e-08
-1.61306e-25
8.58461e-26
-2.18325e-08
-1.42618e-21
6.02515e-24
2.22131e-08
-2.79672e-25
-1.22214e-24
-2.14856e-08
-6.36274e-22
1.99442e-24
2.18262e-08
-1.63979e-25
8.62016e-25
-2.12435e-08
-1.44422e-22
3.9354e-25
2.15791e-08
-0
-6.85689e-26
-2.10941e-08
0
0
1.07369e-08
0
0
-1.05188e-08
-1.26801e-19
-2.15057e-14
1.57016e-06
1.86298e-20
-5.75848e-15
-0.00010225
0
0
2.69767e-07
0
0
-1.71209e-05
-2.85262e-19
2.83255e-12
2.66144e-06
5.64369e-20
8.13092e-12
-0.00037847
-3.78365e-19
1.36937e-19
8.20358e-21
-6.71107e-21
-3.02044e-20
-7.42343e-20
-4.21598e-19
1.86969e-19
6.28063e-20
-9.3249e-21
-1.11043e-20
-7.47296e-20
-3.79529e-19
1.68548e-19
2.57068e-20
-1.35136e-19
-6.67474e-20
-3.66862e-20
-2.9575e-19
1.31483e-11
1.02832e-05
1.23607e-19
2.17098e-11
-8.32993e-06
-8.08089e-20
-9.44127e-14
1.68137e-05
6.02586e-20
6.94214e-15
0.000153799
1.92315e-19
1.48075e-14
1.40322e-05
-3.7795e-19
-8.87486e-15
0.000180402
1.03501e-19
-2.38509e-15
4.57948e-06
6.54381e-20
4.07765e-15
0.000152337
-1.85889e-19
3.6733e-16
-1.00819e-05
-4.16049e-20
-1.53917e-15
0.000106036
7.92207e-20
-1.84054e-17
-2.48608e-05
7.43266e-20
4.35142e-16
5.88149e-05
4.69652e-19
-7.87832e-17
-3.28422e-05
-1.39885e-19
-7.0106e-17
1.92895e-05
4.35783e-19
1.56581e-16
-3.05956e-05
-6.04027e-20
-8.78796e-17
-9.58883e-06
-3.70373e-20
-1.64547e-16
-2.20509e-05
1.09711e-19
2.63887e-16
-2.81649e-05
5.51347e-20
-7.50226e-14
-1.50622e-05
-1.09873e-19
3.80005e-13
-4.82124e-05
2.02166e-19
-4.16498e-13
-1.02265e-05
-6.07598e-20
8.86437e-13
-6.99862e-05
2.28863e-19
-1.24389e-20
7.94487e-21
5.67738e-20
-5.02221e-21
-5.55542e-22
1.19753e-19
-2.02888e-20
6.56043e-21
-2.04193e-19
-9.60775e-22
3.76638e-22
-1.40118e-19
9.2088e-14
1.57628e-06
2.19381e-20
-1.73223e-14
-2.07599e-05
-3.64242e-19
-1.21732e-14
2.52911e-06
-1.06795e-19
5.90549e-16
-1.67682e-06
-4.40096e-19
-4.18654e-14
2.32242e-06
-5.31897e-20
1.76026e-15
1.68156e-05
-3.44611e-19
-7.54673e-14
1.2263e-06
4.31823e-20
3.79797e-15
3.39815e-05
-1.72373e-19
-8.75698e-14
-4.56685e-07
-4.62343e-20
4.49014e-15
4.54432e-05
4.4497e-20
-6.43117e-14
-2.25433e-06
1.83503e-22
3.21074e-15
4.85349e-05
2.35571e-19
1.1294e-14
-3.77976e-06
-9.31126e-21
-4.73563e-16
4.44909e-05
3.59477e-19
6.40439e-15
-4.96569e-06
4.75707e-20
-2.72964e-16
3.71853e-05
3.60976e-19
-6.30856e-18
-6.00785e-06
-6.02551e-20
-1.14212e-20
3.00993e-05
2.03925e-19
1.79215e-18
-7.13743e-06
8.82229e-20
5.92326e-21
2.47793e-05
-3.66136e-20
-4.48216e-19
-8.48858e-06
3.43983e-20
8.11184e-21
2.1302e-05
-3.32203e-19
1.7331e-19
-1.01056e-05
3.15507e-20
-3.64093e-21
1.92307e-05
-5.45309e-19
-2.66353e-20
-1.19769e-05
0
1.13904e-21
1.80844e-05
-7.25542e-19
1.05255e-20
-1.40525e-05
0
-1.01065e-20
1.7459e-05
-7.04142e-19
-1.77292e-20
-1.62488e-05
-4.57481e-21
3.47248e-21
1.70359e-05
-5.15942e-19
-3.41171e-20
-1.84457e-05
-4.49239e-20
-1.27548e-20
1.65631e-05
-2.9919e-19
-5.4813e-20
-2.04804e-05
1.0378e-19
-2.68555e-21
1.58331e-05
1.21375e-19
-8.71994e-20
-2.21404e-05
-3.26462e-20
2.75636e-22
1.46656e-05
3.1985e-19
-1.26182e-19
-2.3156e-05
-2.2639e-20
-1.26458e-20
1.28953e-05
4.85595e-19
-1.67203e-19
-2.3196e-05
-9.55519e-20
7.92041e-21
1.03636e-05
6.58979e-19
-1.89097e-19
-2.18674e-05
8.42935e-20
1.64181e-20
6.91351e-06
6.04407e-19
-1.97531e-19
-1.8719e-05
0
-4.31811e-21
2.38634e-06
3.78317e-19
-2.00549e-19
-1.32509e-05
5.11062e-20
8.80999e-21
-3.38101e-06
3.25315e-19
-1.74749e-19
-4.92733e-06
4.02015e-20
9.48512e-21
-1.05549e-05
1.47784e-19
-1.64457e-19
6.80328e-06
9.82786e-20
-3.60493e-21
-1.92867e-05
1.20542e-20
-1.23423e-19
2.24363e-05
-1.15605e-19
2.12904e-20
-2.96099e-05
-3.98114e-20
-1.08958e-19
4.164e-05
4.60447e-20
4.07023e-21
-4.06333e-05
-2.78617e-20
-6.29534e-20
5.87492e-05
-2.08927e-21
-4.23556e-21
-4.72195e-05
2.30978e-21
-3.38415e-20
6.00677e-05
6.34081e-21
-1.69222e-20
-4.09385e-05
6.22635e-20
-9.68696e-21
4.52198e-05
7.39826e-21
-1.90043e-21
-2.62974e-05
6.20744e-21
1.45804e-21
2.92912e-05
-2.84686e-20
-9.76841e-21
-1.46687e-05
2.80036e-20
9.2398e-22
1.83161e-05
-6.30329e-21
-1.15383e-20
-8.03297e-06
-2.62093e-20
4.45122e-22
1.13786e-05
-1.25023e-20
-2.37429e-21
-4.46321e-06
-4.32237e-20
-3.68276e-23
7.04727e-06
-1.93891e-21
2.11072e-21
-2.52883e-06
-7.55023e-20
-3.3875e-22
4.35982e-06
-3.58113e-21
-2.18284e-21
-1.46427e-06
-1.22685e-19
-2.09934e-22
2.69828e-06
-1.05904e-21
-1.41936e-21
-8.67413e-07
-1.14638e-19
-1.98963e-22
1.6734e-06
-0
3.04792e-22
-5.26374e-07
-9.5379e-20
-1.95814e-22
1.0421e-06
-1.50133e-21
5.82634e-22
-3.27938e-07
-6.39215e-20
-2.84797e-22
6.53437e-07
2.73582e-22
-4.58267e-22
-2.10527e-07
-2.89315e-20
-3.15059e-22
4.14082e-07
5.45088e-22
-3.66362e-22
-1.39982e-07
-3.24506e-21
-2.46722e-22
2.66502e-07
1.35114e-22
3.2946e-22
-9.69877e-08
1.10724e-20
-2.43072e-22
1.7531e-07
-3.00292e-22
1.18523e-23
-7.04171e-08
1.77966e-20
-1.68198e-22
1.18779e-07
4.92867e-23
6.85984e-23
-5.37583e-08
1.87553e-20
-8.00798e-23
8.35711e-08
-1.29102e-22
-4.38031e-23
-4.31473e-08
1.48688e-20
-2.81299e-23
6.15068e-08
1.58163e-23
-8.32943e-23
-3.62647e-08
9.65568e-21
3.50732e-23
4.75647e-08
-3.09363e-23
1.4967e-23
-3.17057e-08
4.37597e-21
4.94329e-23
3.86609e-08
-0
-4.27142e-23
-2.86127e-08
0
6.87758e-23
3.28989e-08
-3.6709e-24
-5.04254e-24
-2.64589e-08
-2.91665e-21
5.55694e-23
2.91109e-08
1.77854e-24
1.92146e-23
-2.49191e-08
-4.4525e-21
3.71902e-23
2.65764e-08
-1.71291e-24
5.06201e-24
-2.37914e-08
-4.70695e-21
3.65401e-23
2.48495e-08
-1.22534e-24
-1.09305e-24
-2.29498e-08
-3.88829e-21
1.66231e-23
2.36541e-08
1.53359e-24
3.92376e-25
-2.23154e-08
-2.78739e-21
1.12039e-23
2.28183e-08
3.50139e-25
-1.41681e-24
-2.18386e-08
-1.68059e-21
4.59196e-24
2.22351e-08
-1.52074e-25
7.12144e-25
-2.1488e-08
-7.7383e-22
2.61323e-24
2.18374e-08
3.57752e-25
-4.29792e-26
-2.12435e-08
-1.8956e-22
8.9211e-25
2.15838e-08
-0
1.78216e-25
-2.10927e-08
0
0
1.07379e-08
0
0
-1.05178e-08
-1.11434e-19
-8.46877e-15
2.55843e-06
3.36639e-21
-1.05774e-15
-7.61751e-05
0
0
4.33503e-07
0
0
-1.29116e-05
-2.7981e-19
2.41007e-12
4.90147e-06
-9.32246e-21
2.85859e-12
-0.000204948
-4.50858e-19
7.03747e-12
6.65751e-06
1.84768e-20
1.0197e-11
-0.000327938
-7.09751e-19
1.07068e-11
8.6456e-06
8.70107e-21
1.80638e-11
-0.000343014
-8.51107e-19
1.65084e-11
1.18005e-05
-7.29739e-20
1.26644e-11
-0.000120456
-6.68225e-19
1.07302e-11
1.61541e-05
-0
1.28367e-12
0.000111959
-1.89465e-19
-5.11227e-14
1.72158e-05
2.87313e-19
3.99455e-15
0.000170065
2.65467e-19
8.6715e-15
1.23497e-05
1.06664e-19
-2.50796e-15
0.00018271
2.15575e-19
-1.35918e-15
1.07804e-06
-2.1539e-19
1.0848e-15
0.000150986
-1.48328e-19
2.88736e-17
-1.62164e-05
-4.48969e-20
-4.16783e-16
0.000103189
1.55756e-19
4.13596e-16
-3.333e-05
-1.32288e-19
1.73708e-16
5.47498e-05
5.35111e-19
-9.10683e-16
-4.18497e-05
-5.93316e-20
-2.21652e-16
1.41033e-05
4.2625e-19
1.59431e-15
-3.76853e-05
-0
5.36101e-16
-1.55913e-05
-1.4507e-19
-1.30548e-15
-2.61811e-05
-3.29491e-20
-1.25877e-15
-3.45978e-05
4.98294e-20
-1.84275e-13
-1.71851e-05
-1.64532e-20
6.6123e-13
-5.50986e-05
2.67512e-19
-5.59112e-21
7.9644e-21
1.27108e-19
6.38531e-21
1.26253e-20
3.40769e-19
-1.2929e-20
1.35055e-20
2.96355e-20
-2.54235e-20
7.32141e-21
1.89793e-19
-2.37481e-13
-1.26938e-06
1.06384e-19
2.99294e-13
-5.03229e-05
-1.36182e-19
6.00286e-14
2.35087e-06
2.05251e-19
-3.95745e-14
-2.18332e-05
-4.37722e-19
1.3086e-12
6.11287e-06
-1.84354e-20
-4.89282e-13
2.43811e-06
-5.55021e-19
4.27757e-12
8.22896e-06
2.4625e-19
-2.1097e-12
5.98696e-05
-4.5892e-19
7.8825e-12
6.45477e-06
1.75224e-20
-4.26618e-12
0.00015169
-2.41071e-19
9.2671e-12
-1.54239e-07
1.95242e-20
-5.11558e-12
0.000213994
5.13789e-20
6.55934e-12
-6.11555e-06
-1.00742e-20
-3.51039e-12
0.000184638
3.35026e-19
2.52582e-12
-7.67394e-06
1.69753e-20
-1.3192e-12
0.000116036
5.06566e-19
-5.43493e-14
-5.66646e-06
-7.65839e-20
2.49015e-15
4.85298e-05
5.02232e-19
6.99385e-15
-6.62127e-06
2.32377e-20
-2.80127e-16
3.65811e-05
2.81691e-19
-1.86117e-15
-7.71154e-06
-2.47917e-20
6.39476e-17
2.87174e-05
-1.47746e-19
5.13695e-16
-9.08149e-06
4.54503e-20
-1.50783e-17
2.39382e-05
-6.32565e-19
-1.45314e-16
-1.07642e-05
-5.72627e-20
3.6759e-18
2.11945e-05
-1.0284e-18
4.17995e-17
-1.27368e-05
5.22356e-20
-9.05229e-19
1.96968e-05
-1.3525e-18
-1.20835e-17
-1.49394e-05
-2.85813e-20
2.26944e-19
1.88815e-05
-1.3735e-18
3.53978e-18
-1.72796e-05
-2.38769e-21
-4.88335e-20
1.83457e-05
-1.17755e-18
-9.96152e-19
-1.96282e-05
6.09529e-20
1.94036e-20
1.779e-05
-8.0058e-19
3.16909e-19
-2.18124e-05
-1.80556e-20
-1.15009e-20
1.69782e-05
-6.51308e-20
-9.56117e-20
-2.36066e-05
2.13092e-20
1.8646e-20
1.57099e-05
2.51618e-19
-1.63199e-20
-2.47244e-05
9.85896e-20
-2.88587e-21
1.38026e-05
7.39736e-19
-9.87278e-20
-2.48123e-05
6.42692e-20
-1.33686e-20
1.10793e-05
8.96274e-19
-1.26876e-19
-2.34458e-05
3.15431e-20
-1.34714e-20
7.35829e-06
6.76276e-19
-1.47635e-19
-2.01262e-05
-4.33118e-20
1.33662e-20
2.44151e-06
7.1066e-19
-1.48664e-19
-1.4274e-05
-3.58544e-20
-1.05644e-20
-3.90466e-06
4.68849e-19
-1.33312e-19
-5.20101e-06
0
-2.5107e-20
-1.19861e-05
1.18638e-19
-1.13787e-19
7.98294e-06
2.60765e-20
1.26208e-21
-2.22612e-05
1.02062e-19
-8.52926e-20
2.6677e-05
2.75066e-20
-3.9716e-21
-3.55467e-05
-4.29788e-20
-5.38948e-20
5.40385e-05
-2.15914e-20
-1.6144e-21
-5.38078e-05
-4.02115e-20
-2.25891e-20
8.83886e-05
5.60817e-21
2.0995e-20
-7.32361e-05
5.62938e-20
2.3021e-20
9.11882e-05
-5.56441e-20
2.92307e-20
-6.40692e-05
1.15952e-19
1.45637e-20
5.83174e-05
-3.33505e-20
-1.08783e-20
-3.45849e-05
1.19127e-19
7.95933e-21
3.36796e-05
3.93267e-20
5.09646e-21
-1.70456e-05
6.09682e-20
2.45105e-21
2.01735e-05
1.28402e-20
1.11923e-20
-8.88314e-06
2.91536e-20
5.69522e-22
1.22326e-05
9.12747e-21
7.22399e-21
-4.79561e-06
-2.20913e-20
-7.64446e-23
7.46296e-06
-9.93444e-22
-4.88439e-21
-2.66839e-06
-1.12193e-19
-5.37749e-23
4.57065e-06
-5.25344e-21
-4.10074e-21
-1.52662e-06
-1.63174e-19
1.39906e-22
2.80885e-06
2.72353e-21
2.19608e-21
-8.96976e-07
-1.62935e-19
1.57172e-22
1.73308e-06
3.34069e-21
-5.32724e-22
-5.41214e-07
-1.39563e-19
-9.11227e-23
1.07512e-06
-5.63136e-22
2.73844e-22
-3.35785e-07
-9.35666e-20
-1.9799e-22
6.72118e-07
-4.23756e-22
-6.38907e-22
-2.14862e-07
-5.15593e-20
-3.60514e-22
4.2485e-07
-5.63379e-22
1.56407e-22
-1.42461e-07
-1.52188e-20
-2.35374e-22
2.72809e-07
-2.09634e-22
1.58649e-22
-9.84407e-08
4.72733e-21
-1.73144e-22
1.79056e-07
-3.45347e-23
-4.57897e-23
-7.1283e-08
1.5832e-20
-1.74731e-22
1.21028e-07
1.02083e-22
-2.15013e-22
-5.42795e-08
1.8074e-20
-8.72215e-23
8.49357e-08
1.0032e-22
-4.43752e-23
-4.34626e-08
1.56847e-20
-1.46813e-23
6.23412e-08
-4.09836e-23
5.37899e-23
-3.64557e-08
1.08261e-20
7.23477e-23
4.80783e-08
1.60379e-23
7.1178e-23
-3.18212e-08
5.52929e-21
7.69008e-23
3.89788e-08
-3.91327e-24
-6.45643e-24
-2.86821e-08
8.55193e-22
7.88447e-23
3.30965e-08
1.14248e-23
-3.66984e-24
-2.65003e-08
-2.39695e-21
6.55536e-23
2.92341e-08
-7.38238e-24
-7.80733e-24
-2.49434e-08
-4.22037e-21
4.92338e-23
2.66531e-08
-7.11215e-24
8.06385e-24
-2.38053e-08
-4.66853e-21
3.60136e-23
2.48971e-08
2.96896e-24
-4.11178e-24
-2.29574e-08
-3.93778e-21
2.49838e-23
2.36832e-08
2.38999e-24
2.41339e-24
-2.23192e-08
-2.87646e-21
1.43286e-23
2.28356e-08
-5.46069e-25
-4.04857e-25
-2.18401e-08
-1.77145e-21
7.9148e-24
2.22448e-08
3.16574e-25
6.47084e-25
-2.14879e-08
-8.4463e-22
3.60961e-24
2.18424e-08
3.72975e-25
-3.50599e-25
-2.12426e-08
-2.24181e-22
2.1994e-24
2.15859e-08
-0
-3.62144e-26
-2.10912e-08
0
0
1.07383e-08
0
0
-1.05169e-08
-1.34987e-19
3.66612e-17
3.24342e-06
-3.67506e-21
1.21452e-19
-4.56684e-05
0
0
5.48193e-07
0
0
-7.89551e-06
-3.12538e-19
-1.56809e-14
6.101e-06
3.72781e-20
-1.1972e-15
-7.76115e-05
-5.85167e-19
-6.82651e-14
8.79366e-06
5.80055e-21
-6.77476e-15
-8.30681e-05
-1.01668e-18
-9.40763e-14
1.16379e-05
-1.18099e-20
-8.41886e-15
-4.87717e-05
-1.12333e-18
-1.40396e-13
1.44768e-05
-2.90662e-20
-1.91177e-15
2.48905e-05
-7.50458e-19
-5.57713e-14
1.60865e-05
3.71474e-19
2.01506e-15
0.000107779
-6.19928e-20
2.77562e-16
1.4595e-05
4.15292e-19
-1.07031e-18
0.000158811
3.82421e-19
-6.32836e-17
8.45325e-06
-1.76001e-19
3.92609e-19
0.000163
2.53858e-19
3.72387e-17
-3.36601e-06
1.15068e-19
6.72634e-19
0.00013406
-7.54691e-20
-6.50348e-17
-2.08066e-05
3.76848e-19
-4.97951e-18
9.07222e-05
1.57424e-19
1.38566e-16
-3.74268e-05
-5.48562e-20
1.96287e-17
4.60783e-05
5.23426e-19
-2.81852e-16
-4.50405e-05
-6.09983e-20
-6.61683e-17
8.02134e-06
4.16442e-19
4.78826e-16
-3.97897e-05
1.62801e-20
1.81004e-16
-2.01491e-05
-1.15066e-19
-2.74368e-16
-2.73537e-05
-0
-4.29402e-16
-3.83632e-05
1.13651e-19
-1.26088e-13
-1.78129e-05
-0
4.43025e-13
-5.86007e-05
4.74389e-19
-3.94419e-13
-1.08221e-05
-6.41536e-20
6.68304e-13
-7.01341e-05
6.19989e-19
-3.68265e-13
-5.27935e-06
-2.08668e-19
4.39464e-13
-6.14032e-05
4.37615e-19
-1.16143e-13
-5.8415e-08
2.79802e-19
8.94092e-14
-4.17351e-05
1.48868e-20
-4.78116e-14
3.18596e-06
-9.09362e-20
9.59515e-16
-1.92316e-05
-3.76256e-19
3.7009e-12
1.15721e-05
-7.29404e-20
-1.5346e-12
1.23323e-05
-5.39087e-19
-3.09025e-20
-3.18962e-21
-1.06744e-19
-1.12954e-20
0
-4.95407e-19
1.7438e-20
2.28496e-21
-1.99084e-19
2.15484e-20
4.04376e-20
-2.47554e-19
6.78801e-20
8.4038e-21
4.00911e-20
2.28085e-20
-2.66494e-20
9.26438e-20
1.13561e-19
1.30248e-20
2.20004e-20
-2.61982e-20
-2.52838e-20
4.32605e-19
1.12291e-11
-1.56106e-05
0
-5.87408e-12
0.000283701
6.86461e-19
2.21988e-12
-1.03051e-05
-6.35643e-20
-1.06635e-12
0.000109499
6.92581e-19
1.43984e-14
-6.8837e-06
-6.07142e-21
-5.82803e-16
4.16443e-05
3.97e-19
-3.75182e-15
-7.86035e-06
0
1.29391e-16
3.13718e-05
-2.92209e-19
1.02407e-15
-9.15968e-06
5.18028e-20
-3.00074e-17
2.54387e-05
-9.51156e-19
-2.88058e-16
-1.07996e-05
-5.28259e-20
7.2054e-18
2.21152e-05
-1.40983e-18
8.25681e-17
-1.27468e-05
1.47556e-20
-1.78396e-18
2.03139e-05
-1.8784e-18
-2.38454e-17
-1.49347e-05
6.76326e-20
4.42357e-19
1.93337e-05
-2.02325e-18
7.0147e-18
-1.72666e-05
2.65797e-20
-1.28717e-19
1.87046e-05
-1.85842e-18
-1.91995e-18
-1.96107e-05
-7.81632e-20
3.93137e-20
1.80937e-05
-1.20723e-18
6.90216e-19
-2.17926e-05
3.18833e-20
-1.42886e-20
1.72473e-05
-5.00619e-19
-8.36275e-20
-2.35856e-05
5.15539e-20
8.2924e-21
1.59561e-05
3.30335e-19
1.06419e-19
-2.47029e-05
0
5.34011e-22
1.4033e-05
9.05163e-19
-1.26396e-20
-2.47906e-05
-2.08487e-19
7.92293e-21
1.12983e-05
1.09535e-18
-3.00176e-20
-2.34241e-05
1.84119e-19
-2.26722e-21
7.56906e-06
9.53547e-19
-6.3302e-20
-2.01046e-05
-6.53726e-20
2.48927e-21
2.64644e-06
9.24807e-19
-6.28708e-20
-1.42524e-05
-4.51004e-21
1.80764e-20
-3.70342e-06
5.33046e-19
-6.00875e-20
-5.1792e-06
2.13674e-20
1.09369e-21
-1.17863e-05
3.23794e-19
-2.6111e-20
8.0051e-06
2.62746e-20
-2.68248e-20
-2.20602e-05
8.60574e-20
1.05748e-20
2.66999e-05
8.15806e-20
0
-3.53401e-05
-5.2775e-20
3.60513e-20
5.40631e-05
-1.27895e-20
4.40297e-20
-5.35866e-05
-8.01312e-20
8.4099e-20
8.84143e-05
2.09301e-20
-6.46347e-21
-7.30059e-05
2.81878e-19
8.54416e-20
9.1207e-05
1.36006e-20
-9.66747e-21
-6.39001e-05
4.97194e-19
3.70245e-20
5.83266e-05
-3.67329e-20
-1.29509e-20
-3.45021e-05
4.95458e-19
1.41852e-20
3.36838e-05
1.04334e-20
2.05759e-21
-1.70076e-05
4.06529e-19
3.90754e-21
2.01755e-05
-0
-1.08954e-21
-8.86472e-06
2.42977e-19
5.06978e-22
1.22336e-05
-1.6388e-20
-5.43093e-21
-4.78643e-06
1.93316e-20
-1.56229e-22
7.46346e-06
6.94084e-21
-1.91965e-21
-2.66373e-06
-1.39493e-19
2.52844e-22
4.57091e-06
1.04913e-21
2.49786e-21
-1.52422e-06
-1.93222e-19
3.82702e-22
2.80898e-06
3.26441e-21
-2.11172e-21
-8.95725e-07
-2.00478e-19
2.17316e-22
1.73315e-06
-2.50317e-21
1.03612e-21
-5.40552e-07
-1.55026e-19
3.22216e-22
1.07516e-06
-2.81354e-22
8.21715e-22
-3.35429e-07
-1.1165e-19
5.11088e-23
6.72136e-07
4.23495e-22
-2.98213e-22
-2.14666e-07
-6.39349e-20
7.74984e-24
4.2486e-07
4.92709e-22
-9.777e-24
-1.4235e-07
-2.79016e-20
-1.76069e-22
2.72814e-07
-2.79397e-22
1.25149e-22
-9.83759e-08
-2.42135e-21
-1.32598e-22
1.79059e-07
-3.10707e-22
3.83153e-22
-7.12434e-08
1.14726e-20
-1.14011e-22
1.2103e-07
-1.19064e-22
1.24658e-23
-5.42542e-08
1.55165e-20
-6.26689e-23
8.49366e-08
-5.01486e-23
1.38772e-22
-4.34456e-08
1.49553e-20
3.14961e-23
6.23417e-08
5.73662e-23
-1.57097e-23
-3.64438e-08
1.08814e-20
4.11909e-23
4.80787e-08
-1.60354e-23
-9.39479e-23
-3.18125e-08
5.8749e-21
9.39224e-23
3.8979e-08
-2.73894e-23
2.38901e-23
-2.86756e-08
1.47836e-21
7.68169e-23
3.30967e-08
1.90393e-24
-1.15137e-23
-2.64953e-08
-1.77349e-21
7.58728e-23
2.92342e-08
2.02997e-23
-2.49078e-24
-2.49395e-08
-3.73197e-21
5.69951e-23
2.66532e-08
-1.60011e-23
-7.85816e-24
-2.38022e-08
-4.32562e-21
3.78747e-23
2.48972e-08
4.66521e-24
2.07672e-24
-2.29549e-08
-3.72844e-21
2.55344e-23
2.36833e-08
-0
-4.93418e-24
-2.23171e-08
-2.78248e-21
1.79355e-23
2.28357e-08
5.46042e-25
1.55199e-24
-2.18383e-08
-1.75354e-21
7.9811e-24
2.22449e-08
-1.5828e-25
-1.05153e-24
-2.14864e-08
-8.64408e-22
3.40748e-24
2.18424e-08
-0
1.31477e-25
-2.12412e-08
-2.45831e-22
8.60634e-25
2.15859e-08
3.72505e-26
-1.08645e-25
-2.10899e-08
0
0
1.07384e-08
0
0
-1.05163e-08
-1.51074e-19
-7.82073e-18
3.39006e-06
-1.00388e-21
-1.82061e-20
-2.06146e-05
0
0
5.74763e-07
0
0
-3.68079e-06
-3.41508e-19
3.24738e-15
6.34918e-06
1.47511e-20
1.49283e-16
-3.05995e-05
-6.42374e-19
1.36362e-14
8.99412e-06
-1.15118e-20
6.02144e-16
-2.13936e-05
-1.00872e-18
1.81622e-14
1.13487e-05
-0
5.90644e-17
1.08432e-05
-9.75527e-19
2.66246e-14
1.29902e-05
-5.9004e-20
-1.41641e-15
5.96129e-05
-5.21363e-19
1.07127e-14
1.30267e-05
-1.89636e-19
-8.87711e-16
0.000107072
6.56197e-20
-5.50576e-17
1.03479e-05
4.61251e-20
3.77929e-19
0.000134066
4.33354e-19
1.09023e-17
3.98202e-06
1.249e-19
-2.74581e-19
0.000132775
2.42417e-19
-1.9032e-18
-6.81328e-06
1.19187e-19
2.6968e-20
0.00010876
-5.31287e-21
2.64179e-20
-2.17231e-05
-4.79075e-20
1.02112e-19
7.3069e-05
1.6611e-19
6.70267e-19
-3.52057e-05
-2.75445e-20
-4.02299e-19
3.55147e-05
4.89958e-19
-1.52767e-18
-4.09209e-05
6.07067e-20
1.67788e-18
2.76265e-06
2.50748e-19
2.55823e-18
-3.5991e-05
1.60929e-20
-5.16861e-18
-2.206e-05
-1.26922e-19
-8.41724e-19
-2.51288e-05
-1.31781e-19
1.26272e-17
-3.84948e-05
2.51065e-19
7.69019e-16
-1.55009e-05
2.11997e-19
-3.07658e-16
-4.74299e-05
8.21235e-19
5.46396e-15
-8.277e-06
-9.37006e-20
-7.14027e-16
-4.97543e-05
1.18572e-18
3.03707e-15
-2.95026e-06
1.87718e-19
-6.76045e-16
-4.58216e-05
9.43738e-19
9.37881e-15
8.75629e-07
-5.13281e-20
2.05206e-16
-3.54074e-05
3.21335e-19
9.30155e-13
6.50309e-06
-9.77591e-20
-2.20722e-13
-2.73096e-05
-1.60181e-19
7.4869e-12
1.97587e-05
-1.54988e-19
-3.26175e-12
2.91572e-05
-3.93938e-19
-8.68771e-21
-3.01891e-21
2.22172e-19
3.16312e-21
0
-3.92037e-19
5.33436e-20
2.3713e-20
-8.80051e-20
-4.97931e-21
0
-2.09592e-19
2.16405e-19
6.27518e-20
-0
4.61525e-21
1.93834e-20
8.33797e-21
2.4909e-19
3.89638e-20
-3.31786e-20
-2.26579e-20
3.79033e-20
2.20301e-19
1.5061e-19
-1.92812e-20
1.21796e-20
-1.21906e-20
-5.52561e-20
4.17678e-19
4.99846e-12
-1.45625e-05
1.24094e-19
-2.36337e-12
0.000173015
5.00511e-19
-5.50283e-14
-6.70311e-06
-6.84336e-20
2.26299e-15
4.36546e-05
3.13238e-19
1.40976e-14
-7.5403e-06
-5.54363e-20
-4.93421e-16
3.20383e-05
-2.32e-19
-3.80534e-15
-8.70328e-06
4.97453e-20
1.12837e-16
2.54628e-05
-9.26829e-19
1.06272e-15
-1.02034e-05
-2.45634e-20
-2.68689e-17
2.18021e-05
-1.64735e-18
-3.03068e-16
-1.20043e-05
-1.9829e-20
6.62279e-18
1.98135e-05
-2.30141e-18
8.74821e-17
-1.40388e-05
-3.74313e-20
-1.67691e-18
1.87271e-05
-2.60965e-18
-2.5257e-17
-1.62117e-05
8.55838e-20
4.45355e-19
1.80424e-05
-2.3493e-18
7.47031e-18
-1.83959e-05
-6.94595e-21
-1.10933e-19
1.74141e-05
-1.60019e-18
-1.975e-18
-2.04241e-05
-5.66182e-20
2.38033e-20
1.65867e-05
-7.73801e-19
7.50305e-19
-2.2081e-05
3.76075e-20
6.43907e-21
1.53546e-05
2.56084e-19
-5.36617e-20
-2.30954e-05
-1.92759e-21
2.32991e-21
1.3539e-05
9.53464e-19
1.30551e-19
-2.31353e-05
2.08874e-20
-2.46492e-21
1.09742e-05
1.45895e-18
3.577e-20
-2.18069e-05
-1.28854e-19
2.1718e-20
7.49932e-06
1.27081e-18
1.99815e-20
-1.86589e-05
-1.03759e-19
-1.23359e-20
2.95336e-06
1.24964e-18
1.88794e-20
-1.31911e-05
-1.04145e-19
-3.42738e-21
-2.82801e-06
1.00107e-18
1.8619e-20
-4.86792e-06
9.95361e-20
7.94902e-21
-1.00119e-05
4.52382e-19
4.27285e-20
6.86248e-06
-1.35726e-19
-1.70719e-20
-1.87503e-05
8.12016e-20
5.96317e-20
2.24954e-05
-8.26466e-20
-1.21668e-20
-2.90779e-05
-1.58752e-19
8.33354e-20
4.16981e-05
2.41315e-20
-1.05432e-20
-4.01117e-05
-7.85642e-20
9.84532e-20
5.88016e-05
3.92896e-21
-2.68828e-20
-4.675e-05
3.74733e-19
7.0124e-20
6.01056e-05
-3.40206e-21
6.90693e-21
-4.05983e-05
9.22854e-19
4.14097e-20
4.52413e-05
-2.88557e-20
-5.71101e-21
-2.61034e-05
8.26267e-19
1.97642e-20
2.93021e-05
-0
1.69598e-20
-1.45696e-05
5.4836e-19
6.12991e-21
1.83216e-05
-2.18394e-20
1.38217e-20
-7.98299e-06
2.62189e-19
8.56129e-22
1.13814e-05
1.77294e-21
3.17002e-21
-4.43774e-06
3.24264e-20
-8.29134e-23
7.04869e-06
-1.92811e-21
5.56117e-22
-2.51573e-06
-1.27343e-19
-5.4064e-23
4.36055e-06
-0
-3.27767e-21
-1.45747e-06
-1.89994e-19
5.33438e-22
2.69865e-06
-0
1.58455e-21
-8.63844e-07
-1.92748e-19
1.94478e-22
1.67359e-06
-2.42536e-21
-9.53209e-22
-5.24478e-07
-1.58121e-19
4.3392e-22
1.0422e-06
-2.17888e-21
2.38507e-22
-3.26915e-07
-1.14233e-19
8.7757e-23
6.5349e-07
-4.09629e-22
-5.86912e-22
-2.09962e-07
-7.07752e-20
-2.37799e-24
4.1411e-07
1.02053e-21
6.31962e-23
-1.39662e-07
-3.32355e-20
-1.10853e-22
2.66517e-07
1.3495e-22
-3.38268e-22
-9.67995e-08
-8.72404e-21
-1.02108e-22
1.75319e-07
-2.99993e-22
-1.30421e-22
-7.03017e-08
6.95204e-21
-3.2494e-23
1.18783e-07
2.79063e-22
-2.13929e-22
-5.36842e-08
1.27793e-20
-5.13348e-24
8.35739e-08
1.61268e-23
1.23227e-22
-4.30974e-08
1.30479e-20
4.60759e-23
6.15085e-08
5.53263e-23
5.55415e-24
-3.62297e-08
1.01641e-20
5.38027e-23
4.75658e-08
-4.63831e-23
1.74647e-23
-3.16801e-08
5.94406e-21
7.36172e-23
3.86616e-08
3.01736e-23
-2.68053e-23
-2.85934e-08
1.97005e-21
9.05561e-23
3.28994e-08
-2.20184e-23
-5.60358e-24
-2.64441e-08
-1.20356e-21
7.16074e-23
2.91113e-08
1.60026e-23
1.52989e-23
-2.49075e-08
-3.11678e-21
5.80294e-23
2.65767e-08
-1.71253e-24
-2.22257e-24
-2.37821e-08
-3.80369e-21
4.04293e-23
2.48498e-08
1.22511e-24
2.26725e-24
-2.29423e-08
-3.37001e-21
2.59672e-23
2.36543e-08
-1.15001e-24
-5.23207e-25
-2.23093e-08
-2.56332e-21
1.87889e-23
2.28185e-08
-3.50089e-25
-1.05444e-24
-2.18335e-08
-1.66051e-21
8.77005e-24
2.22352e-08
-1.52055e-25
-6.33055e-25
-2.14835e-08
-8.43175e-22
5.15586e-24
2.18376e-08
-1.19236e-25
3.43852e-25
-2.12395e-08
-2.54336e-22
1.24426e-24
2.15839e-08
-0
-1.06935e-25
-2.10889e-08
0
0
1.07379e-08
0
0
-1.0516e-08
-1.19759e-19
1.5849e-18
3.04349e-06
-7.19457e-21
1.58569e-21
-4.70459e-06
0
0
5.18175e-07
0
0
-9.44036e-07
-2.50582e-19
-6.43746e-16
5.62869e-06
1.44827e-20
-8.0548e-18
-2.99757e-06
-4.13979e-19
-2.66712e-15
7.75375e-06
-5.72641e-20
3.45747e-17
9.93946e-06
-6.155e-19
-3.50733e-15
9.33781e-06
2.9422e-20
2.88675e-16
3.46286e-05
-5.0348e-19
-5.12706e-15
1.00143e-05
-4.74395e-20
5.96668e-16
6.55299e-05
-1.32874e-19
-2.08595e-15
9.1863e-06
-3.51962e-20
2.60132e-16
9.24878e-05
3.39686e-19
1.11101e-17
6.18751e-06
1.46367e-19
-8.84023e-20
0.000105851
4.31954e-19
-2.1809e-18
4.93968e-07
2.23287e-19
-4.47093e-21
0.000101631
2.4496e-19
1.51033e-19
-8.02693e-06
7.92199e-20
1.25478e-19
8.25212e-05
-6.88458e-20
5.99743e-19
-1.83529e-05
-4.69422e-20
-2.18735e-19
5.49496e-05
-2.57619e-19
-1.57734e-18
-2.70428e-05
-2.66521e-20
8.35687e-19
2.55954e-05
-3.45096e-19
3.29176e-18
-3.04726e-05
-8.72905e-20
-2.94762e-18
-6.07588e-07
-2.8258e-19
-5.42688e-18
-2.74122e-05
3.063e-20
8.93387e-18
-2.10573e-05
-5.56844e-20
6.11227e-19
-2.03965e-05
7.79027e-21
-2.4193e-17
-3.50457e-05
4.24219e-19
-1.53897e-16
-1.31699e-05
4.60088e-20
1.27806e-16
-4.28692e-05
1.16e-18
-1.85987e-15
-7.17554e-06
-1.24106e-19
3.24606e-17
-4.49509e-05
1.97914e-18
1.70755e-15
-2.53611e-06
6.03554e-20
4.51708e-16
-4.13788e-05
1.92047e-18
-1.60331e-14
8.96211e-07
1.59636e-19
-3.55349e-16
-3.1794e-05
7.95975e-19
1.79141e-12
8.89458e-06
8.91375e-20
-4.4149e-13
-3.19661e-05
4.0364e-19
-3.05327e-20
2.59635e-20
3.86327e-20
-8.55095e-21
5.06429e-21
8.52208e-20
-2.49967e-21
2.44496e-21
4.31095e-20
1.1942e-20
-2.2511e-21
3.61265e-20
7.10933e-20
1.03869e-20
-9.61567e-20
-2.30026e-21
1.10738e-20
5.19292e-20
1.72173e-19
3.42454e-20
1.67495e-20
1.20342e-20
-5.72887e-20
-1.51249e-19
1.75286e-19
-1.83207e-20
-1.13848e-20
1.01924e-21
4.28681e-20
-2.90489e-19
1.0396e-19
-1.33155e-19
-1.31547e-20
1.89067e-21
-3.3029e-20
1.14882e-19
5.91236e-12
-1.68979e-05
3.9004e-20
-2.88108e-12
0.000212296
4.89902e-19
-6.45698e-14
-6.06313e-06
-9.90529e-20
2.76469e-15
4.15445e-05
6.49924e-19
1.63901e-14
-6.77589e-06
7.24005e-20
-5.98485e-16
3.03313e-05
2.92918e-19
-4.38831e-15
-7.76404e-06
-2.81144e-20
1.35676e-16
2.38625e-05
-5.52322e-19
1.21773e-15
-9.05152e-06
-1.50203e-20
-3.20328e-17
2.02122e-05
-1.47593e-18
-3.45652e-16
-1.0609e-05
1.55889e-20
7.843e-18
1.82036e-05
-2.26988e-18
9.94211e-17
-1.2376e-05
-2.25642e-21
-1.98749e-18
1.70962e-05
-2.61136e-18
-2.86498e-17
-1.42656e-05
-6.26854e-20
5.17872e-19
1.64065e-05
-2.485e-18
8.42647e-18
-1.6162e-05
-4.35762e-21
-1.32798e-19
1.58039e-05
-1.72364e-18
-2.26042e-18
-1.79142e-05
3.64247e-20
2.7801e-20
1.50472e-05
-7.16464e-19
8.28904e-19
-1.93294e-05
1.21968e-20
-1.7996e-20
1.39474e-05
2.88959e-19
-6.45272e-20
-2.0167e-05
-1.34554e-21
-7.10468e-21
1.23453e-05
1.06856e-18
1.54167e-19
-2.01361e-05
5.64974e-21
-1.38844e-20
1.01007e-05
1.58211e-18
6.23359e-20
-1.88994e-05
5.52708e-20
-1.36972e-20
7.0891e-06
1.7005e-18
5.69035e-20
-1.60872e-05
3.2627e-20
1.29619e-21
3.20613e-06
1.57042e-18
5.27468e-20
-1.13267e-05
1.78808e-20
-2.14217e-21
-1.61715e-06
1.26209e-18
4.7375e-20
-4.3014e-06
2.17791e-20
7.93254e-22
-7.37718e-06
4.92951e-19
6.96321e-20
5.12252e-06
2.72446e-20
-2.20693e-21
-1.39071e-05
1.86466e-19
6.72122e-20
1.65735e-05
-2.94878e-21
-1.31323e-20
-2.06326e-05
-8.11527e-20
7.91865e-20
2.8315e-05
2.98423e-20
1.03068e-21
-2.60234e-05
-2.74338e-20
7.20546e-20
3.64311e-05
-2.51724e-21
6.59526e-21
-2.7545e-05
3.01336e-19
5.53689e-20
3.7276e-05
0
1.85614e-20
-2.40234e-05
5.89113e-19
3.37163e-20
3.13416e-05
-0
-1.28084e-20
-1.74517e-05
7.08565e-19
1.23171e-20
2.27632e-05
1.46475e-20
-1.26489e-20
-1.10684e-05
4.97614e-19
4.82158e-21
1.52626e-05
2.96594e-21
2.18715e-21
-6.57545e-06
2.05297e-19
7.89458e-22
9.87712e-06
6.71021e-21
-7.25887e-21
-3.83968e-06
1.80142e-20
-6.98772e-23
6.28212e-06
-5.4533e-21
3.0381e-21
-2.24864e-06
-1.29259e-19
1.23165e-22
3.95763e-06
9.5753e-22
-4.58812e-21
-1.33192e-06
-1.60274e-19
1.88283e-22
2.48109e-06
-1.48411e-21
7.57383e-22
-8.01749e-07
-1.67797e-19
5.02811e-22
1.55328e-06
3.52886e-21
1.73362e-21
-4.92226e-07
-1.465e-19
5.45051e-22
9.74254e-07
-0
1.08523e-21
-3.09411e-07
-1.08231e-19
2.52162e-22
6.1441e-07
-1.14523e-21
-1.88191e-22
-2.00106e-07
-6.68643e-20
1.91386e-22
3.91277e-07
-5.06487e-22
6.14138e-22
-1.33949e-07
-3.55697e-20
7.88164e-23
2.52996e-07
-1.25423e-22
8.9278e-23
-9.34166e-08
-1.34088e-20
3.64247e-24
1.67222e-07
9.28398e-23
-1.11077e-22
-6.82678e-08
3.43473e-21
8.83275e-25
1.13889e-07
1.52268e-23
-1.0599e-22
-5.24486e-08
8.96113e-21
-2.60004e-23
8.05914e-08
-7.4739e-23
8.48224e-23
-4.23415e-08
1.06669e-20
2.56686e-23
5.96787e-08
-1.09818e-22
-3.65234e-23
-3.57649e-08
8.67899e-21
5.19503e-23
4.64367e-08
2.14705e-23
5.98116e-23
-3.13934e-08
5.3759e-21
7.57786e-23
3.79615e-08
2.79208e-23
1.33973e-23
-2.84162e-08
2.03521e-21
7.01492e-23
3.24637e-08
-8.48555e-24
3.69294e-24
-2.63343e-08
-6.55804e-22
6.35253e-23
2.88396e-08
-6.57523e-24
-1.05471e-23
-2.48394e-08
-2.45564e-21
4.67779e-23
2.64072e-08
9.49432e-24
1.81645e-23
-2.374e-08
-3.17515e-21
3.16584e-23
2.47446e-08
-3.39375e-24
9.17301e-25
-2.29164e-08
-2.89861e-21
2.0943e-23
2.35898e-08
-7.07282e-25
-2.96795e-24
-2.22935e-08
-2.25921e-21
1.50486e-23
2.27799e-08
1.12888e-24
-6.24403e-25
-2.18241e-08
-1.49266e-21
9.68927e-24
2.22133e-08
8.3884e-25
-7.52158e-26
-2.14783e-08
-7.79471e-22
2.63238e-24
2.18263e-08
-2.73245e-25
3.28417e-25
-2.1237e-08
-2.46143e-22
1.21436e-24
2.15792e-08
-0
2.40011e-25
-2.10881e-08
0
0
1.0737e-08
0
0
-1.05159e-08
-5.98778e-20
-3.03405e-19
2.41212e-06
-3.21638e-21
1.44766e-22
3.10769e-06
0
0
4.11649e-07
0
0
4.27867e-07
-9.35361e-20
1.22884e-16
4.41175e-06
2.31962e-20
-2.55603e-18
9.44593e-06
-1.01687e-19
5.09021e-16
5.92694e-06
2.69048e-20
-3.43239e-17
2.14969e-05
-7.86931e-20
6.69175e-16
6.85725e-06
-7.79343e-20
-1.06991e-16
3.89217e-05
7.23529e-20
9.82807e-16
6.93959e-06
5.17627e-20
-1.67334e-16
5.8009e-05
2.93541e-19
4.04723e-16
5.80235e-06
1.45659e-19
-6.365e-17
7.30615e-05
3.83389e-19
-2.26303e-18
3.08058e-06
1.94354e-19
2.1786e-20
7.9067e-05
3.32269e-19
5.5597e-19
-1.41102e-06
-1.23561e-19
-2.69407e-20
7.40314e-05
1.18673e-19
-3.25097e-19
-7.41703e-06
-1.69044e-19
1.44636e-21
5.95008e-05
-1.47661e-19
5.6509e-19
-1.38848e-05
-4.38226e-20
-1.10647e-19
3.92966e-05
-3.58131e-19
-1.31061e-18
-1.89553e-05
8.60411e-20
6.62665e-19
1.76758e-05
-3.84595e-19
2.74115e-18
-2.08898e-05
-2.65872e-20
-2.0277e-18
-2.0123e-06
-3.32082e-19
-4.48983e-18
-1.92446e-05
1.3887e-20
6.25087e-18
-1.78124e-05
-3.43336e-20
-1.67803e-19
-1.5132e-05
3.15721e-20
-1.80014e-17
-2.89685e-05
4.22895e-19
1.10434e-16
-1.0251e-05
-1.04623e-19
3.4728e-17
-3.54035e-05
9.61513e-19
-9.03744e-17
-5.75481e-06
-6.89113e-20
-1.65239e-16
-3.72003e-05
1.24194e-18
2.78813e-15
-2.07444e-06
1.69914e-20
2.34294e-16
-3.42762e-05
6.87731e-19
-1.34037e-14
7.22316e-07
6.31978e-20
-2.59834e-16
-2.62775e-05
3.67995e-19
1.4832e-12
8.06602e-06
-2.04658e-19
-3.77121e-13
-2.83929e-05
4.68912e-19
-3.94195e-20
6.77331e-20
1.49972e-19
7.25207e-21
2.07123e-21
2.59647e-19
-1.78574e-20
1.36329e-20
-8.77615e-21
-1.20862e-21
-1.51117e-20
1.48839e-19
3.69808e-20
-1.5491e-20
-2.68104e-20
-6.62569e-21
-3.76186e-20
2.58981e-20
9.39312e-20
-3.63521e-21
7.99668e-21
1.36595e-20
7.94299e-20
-2.1445e-20
9.84288e-20
-2.81772e-20
4.82028e-20
-1.03247e-20
4.00568e-20
2.72884e-20
5.69698e-20
-9.8129e-20
-1.34819e-19
8.14624e-21
6.29547e-20
3.23404e-19
3.53376e-12
-1.17396e-05
2.85593e-20
-1.71424e-12
0.000147198
7.54906e-19
-3.9245e-14
-5.05738e-06
-3.53741e-20
1.67924e-15
3.56632e-05
8.9774e-19
9.95951e-15
-5.65854e-06
2.03572e-20
-3.65196e-16
2.63766e-05
5.17702e-19
-2.65336e-15
-6.45379e-06
-4.46531e-20
8.25087e-17
2.07448e-05
-2.70806e-19
7.3241e-16
-7.48513e-06
0
-1.93691e-17
1.74653e-05
-1.15994e-18
-2.06961e-16
-8.73734e-06
1.01483e-19
4.70515e-18
1.56203e-05
-1.8271e-18
5.93466e-17
-1.01622e-05
-8.58256e-20
-1.17772e-18
1.45884e-05
-2.22977e-18
-1.70309e-17
-1.16867e-05
2.01609e-20
3.07424e-19
1.39499e-05
-2.02853e-18
5.02558e-18
-1.32126e-05
2.53761e-20
-7.77117e-20
1.34145e-05
-1.5716e-18
-1.31932e-18
-1.46131e-05
-2.22682e-20
2.13498e-20
1.27714e-05
-6.83602e-19
5.10831e-19
-1.57273e-05
5.02162e-20
-8.61425e-22
1.18587e-05
1.94522e-19
-2.15067e-20
-1.63568e-05
-3.16854e-20
5.79973e-21
1.05445e-05
8.16414e-19
1.11234e-19
-1.62657e-05
-3.40397e-20
-9.3894e-22
8.71947e-06
1.28744e-18
5.80913e-20
-1.51887e-05
1.48613e-20
1.00268e-20
6.2974e-06
1.44385e-18
5.5262e-20
-1.28515e-05
-2.93855e-20
-4.33703e-21
3.22569e-06
1.31579e-18
5.5518e-20
-9.01308e-06
-6.85113e-21
9.46237e-21
-4.90547e-07
1.02393e-18
4.58892e-20
-3.54589e-06
3.98552e-20
8.4102e-21
-4.742e-06
5.02378e-19
5.26756e-20
3.41649e-06
-4.5908e-20
2.10941e-21
-9.23071e-06
1.96697e-19
5.11871e-20
1.12227e-05
-1.45589e-20
5.98504e-21
-1.33428e-05
-5.07332e-20
4.84891e-20
1.84359e-05
-1.2692e-20
-6.88072e-21
-1.61105e-05
4.68409e-21
4.17179e-20
2.31037e-05
1.51198e-22
1.47284e-20
-1.66132e-05
1.76629e-19
2.96637e-20
2.38861e-05
-1.62646e-20
-3.30442e-21
-1.47209e-05
3.64134e-19
1.84689e-20
2.11127e-05
1.16729e-20
2.76163e-21
-1.13619e-05
3.55079e-19
9.30782e-21
1.64944e-05
-9.06213e-21
-1.2166e-20
-7.85174e-06
2.51402e-19
3.41306e-21
1.18075e-05
-4.07766e-21
1.1136e-20
-5.03981e-06
9.88519e-20
5.60715e-22
8.00657e-06
1.52539e-21
-7.21719e-22
-3.11342e-06
-1.41398e-20
-4.88955e-23
5.25978e-06
1.64313e-21
2.08873e-21
-1.89664e-06
-8.95964e-20
-5.17835e-23
3.39043e-06
-1.29213e-21
9.96743e-22
-1.15518e-06
-1.257e-19
3.86261e-22
2.1612e-06
-0
6.18954e-22
-7.09444e-07
-1.35405e-19
3.5937e-22
1.36999e-06
-2.25083e-22
-1.43269e-21
-4.42132e-07
-1.14926e-19
2.49945e-22
8.67715e-07
9.05498e-22
-8.71905e-23
-2.81283e-07
-8.99041e-20
2.51609e-22
5.51695e-07
1.13013e-22
9.09895e-23
-1.83864e-07
-5.7943e-20
8.8087e-23
3.53956e-07
-2.80543e-22
-1.25921e-22
-1.24366e-07
-3.19575e-20
3.27435e-23
2.3058e-07
5.5477e-23
2.88997e-22
-8.76724e-08
-1.34921e-20
6.34757e-24
1.53652e-07
1.64008e-22
-4.95192e-23
-6.47857e-08
-4.64842e-23
1.77749e-23
1.05618e-07
-8.05938e-23
5.40767e-23
-5.03212e-08
6.01929e-21
2.44998e-23
7.55207e-08
-2.63439e-23
-1.19487e-22
-4.10346e-08
7.94571e-21
4.52128e-23
5.65541e-08
1.93367e-23
4.35829e-23
-3.4959e-08
6.98419e-21
3.88813e-23
4.45026e-08
-6.29594e-24
-6.3041e-24
-3.08951e-08
4.5989e-21
4.59549e-23
3.67597e-08
-6.13641e-24
-9.8942e-24
-2.81074e-08
1.95906e-21
4.70434e-23
3.17146e-08
-1.93834e-23
-1.61014e-23
-2.61427e-08
-3.00499e-22
4.44488e-23
2.83717e-08
5.7732e-24
-1.39003e-23
-2.47206e-08
-1.77992e-21
3.18399e-23
2.61149e-08
-4.85943e-24
3.77108e-24
-2.36663e-08
-2.4499e-21
2.37914e-23
2.45626e-08
2.31402e-24
-5.78505e-24
-2.28709e-08
-2.29357e-21
1.50362e-23
2.34777e-08
-1.23864e-24
3.21512e-24
-2.22659e-08
-1.83346e-21
1.00893e-23
2.27124e-08
-4.22918e-25
1.58285e-24
-2.18078e-08
-1.24047e-21
6.10059e-24
2.21745e-08
2.43802e-25
-4.10383e-25
-2.14692e-08
-6.62587e-22
4.52278e-24
2.18061e-08
4.74625e-26
7.51712e-26
-2.12326e-08
-2.16382e-22
9.82994e-25
2.15708e-08
4.21003e-26
-6.34484e-26
-2.10867e-08
0
0
1.07354e-08
0
0
-1.05159e-08
-1.13132e-20
5.41541e-20
1.70623e-06
-8.18941e-21
-4.26109e-23
5.45645e-06
0
0
2.90867e-07
0
0
8.56913e-07
2.06205e-20
-2.23165e-17
3.10029e-06
6.21065e-21
1.13621e-18
1.23626e-05
8.1998e-20
-9.3156e-17
4.08543e-06
-5.88544e-21
1.06902e-17
2.18576e-05
1.29863e-19
-1.23262e-16
4.57138e-06
1.77811e-20
2.75909e-17
3.34754e-05
2.22554e-19
-1.82639e-16
4.38787e-06
5.06391e-20
3.86107e-17
4.49456e-05
3.06157e-19
-7.61473e-17
3.32302e-06
-8.58437e-20
1.36492e-17
5.31337e-05
3.01871e-19
4.40973e-19
1.20584e-06
-8.90782e-20
1.97859e-21
5.54445e-05
2.03797e-19
-1.12037e-19
-1.96737e-06
1.24649e-19
-8.47655e-21
5.09406e-05
1.68103e-20
5.49617e-20
-5.87786e-06
9.93225e-20
-1.41161e-20
4.05915e-05
-1.69458e-19
-1.20408e-19
-9.79139e-06
-7.61896e-20
2.65567e-20
2.66605e-05
-2.72748e-19
2.53506e-19
-1.27082e-05
-2.11351e-20
-9.61491e-20
1.17319e-05
-2.68381e-19
-5.57573e-19
-1.38033e-05
3.39758e-20
2.27068e-19
-2.06624e-06
-2.04254e-19
9.0818e-19
-1.2881e-05
-1.76067e-20
-8.45698e-19
-1.33865e-05
-2.38825e-20
1.0467e-19
-1.0443e-05
3.01705e-20
2.5322e-18
-2.15857e-05
2.29806e-19
-2.42038e-17
-7.32228e-06
-1.11424e-19
-4.20957e-18
-2.64463e-05
4.26044e-19
1.58117e-17
-4.23581e-06
1.7683e-19
2.67013e-17
-2.78827e-05
3.29501e-19
-5.89267e-16
-1.58753e-06
-1.6929e-19
-3.28653e-17
-2.57475e-05
7.9704e-20
2.78632e-15
4.66356e-07
1.16824e-19
3.70152e-17
-1.9773e-05
4.90385e-20
5.01306e-13
4.25746e-06
-0
-1.33158e-13
-1.69317e-05
1.25373e-19
2.7552e-12
1.04709e-05
2.53175e-20
-1.2334e-12
1.57271e-05
8.35219e-20
-1.13732e-20
2.62673e-20
7.80666e-20
8.59623e-22
0
4.05775e-20
2.04387e-20
-1.95278e-21
2.88636e-21
-4.44453e-21
1.20959e-20
-4.94784e-21
4.97066e-20
-5.75485e-22
-3.90525e-21
6.17554e-22
-7.89329e-21
4.36043e-20
5.73524e-20
4.81205e-21
3.68147e-20
4.82092e-21
-2.73498e-20
2.18805e-19
4.66257e-12
-9.54164e-06
-6.39008e-21
-2.47882e-12
0.000189128
4.85621e-19
1.10634e-12
-6.33929e-06
2.59648e-20
-5.58936e-13
7.63915e-05
7.11336e-19
5.64671e-15
-3.83769e-06
2.61906e-20
-2.41777e-16
2.73863e-05
7.46043e-19
-1.44083e-15
-4.3197e-06
5.93601e-20
5.31617e-17
2.07488e-05
4.5938e-19
3.83201e-16
-4.9147e-06
-3.53919e-20
-1.20205e-17
1.64315e-05
-8.23605e-20
-1.05374e-16
-5.67421e-06
1.01259e-20
2.80995e-18
1.38088e-05
-7.27672e-19
2.96907e-17
-6.59626e-06
-1.03497e-20
-6.75932e-19
1.22908e-05
-1.26142e-18
-8.44793e-18
-7.64726e-06
-1.37977e-20
1.67482e-19
1.14264e-05
-1.51282e-18
2.4793e-18
-8.77165e-06
6.76387e-21
-5.15233e-20
1.08923e-05
-1.45739e-18
-6.53603e-19
-9.89377e-06
-1.95316e-20
1.32631e-20
1.04586e-05
-1.12812e-18
2.59603e-19
-1.0916e-05
0
-6.28969e-21
9.95832e-06
-5.7431e-19
7.42719e-22
-1.17159e-05
1.42756e-20
3.36539e-21
9.26426e-06
2.43551e-20
7.19859e-20
-1.21443e-05
-4.67451e-20
0
8.2763e-06
5.23269e-19
4.40442e-20
-1.20272e-05
-9.24144e-21
7.3019e-22
6.91591e-06
7.73775e-19
4.00553e-20
-1.11751e-05
-1.80294e-20
-8.15585e-21
5.12881e-06
9.78651e-19
3.37306e-20
-9.40442e-06
1.68378e-20
6.26201e-21
2.89626e-06
8.81878e-19
2.91884e-20
-6.57956e-06
1.63219e-20
-1.26354e-20
2.57252e-07
6.26992e-19
2.58814e-20
-2.68433e-06
-6.2449e-21
6.81876e-21
-2.65638e-06
3.53223e-19
3.0443e-20
2.06978e-06
1.46821e-21
-3.63763e-21
-5.57607e-06
1.15037e-19
2.51764e-20
7.12573e-06
5.37628e-21
-5.41251e-22
-8.07512e-06
2.03689e-20
2.32939e-20
1.15748e-05
1.51715e-21
-1.46582e-20
-9.64858e-06
1.25712e-20
1.97788e-20
1.44271e-05
1.28284e-21
-6.73805e-21
-9.94e-06
8.05099e-20
1.4876e-20
1.51088e-05
-0
4.20892e-21
-8.98724e-06
1.56748e-19
9.33455e-21
1.38015e-05
1.51107e-21
-5.57815e-21
-7.24102e-06
1.58354e-19
4.73165e-21
1.12938e-05
-4.96822e-21
6.44556e-22
-5.30153e-06
1.35295e-19
1.93009e-21
8.4894e-06
1.1723e-21
-1.49941e-21
-3.61269e-06
5.82901e-20
3.84297e-22
6.002e-06
-0
7.51334e-22
-2.34858e-06
-1.6195e-20
-2.0621e-23
4.07089e-06
6.95358e-22
-3.03871e-21
-1.48785e-06
-6.00927e-20
1.21126e-23
2.68736e-06
-7.24498e-22
-1.89988e-21
-9.33148e-07
-8.02144e-20
8.32697e-23
1.74411e-06
-1.11262e-21
3.57659e-22
-5.8603e-07
-8.69416e-20
1.91009e-22
1.12122e-06
3.75e-22
-6.58871e-22
-3.71878e-07
-8.08708e-20
1.54928e-22
7.18456e-07
-2.81815e-22
3.20601e-22
-2.40426e-07
-6.30582e-20
2.14347e-22
4.61633e-07
-3.73995e-22
-1.24322e-22
-1.59681e-07
-4.25911e-20
1.06902e-22
2.99328e-07
2.77782e-22
4.65746e-22
-1.09856e-07
-2.57032e-20
8.18191e-23
1.97288e-07
-4.5673e-23
-3.45172e-22
-7.88761e-08
-1.11834e-20
2.88878e-23
1.33275e-07
-4.49232e-23
-6.53821e-23
-5.94133e-08
-2.09176e-21
4.24189e-23
9.30969e-08
-8.81619e-23
-6.14566e-23
-4.70218e-08
3.3075e-21
8.12443e-24
6.77988e-08
-5.39618e-23
4.94494e-23
-3.9e-08
5.02382e-21
1.74234e-23
5.17755e-08
2.63767e-23
-2.57997e-24
-3.37004e-08
4.65425e-21
3.56121e-23
4.15359e-08
-2.57406e-23
5.23078e-24
-3.01145e-08
3.2368e-21
3.68086e-23
3.49123e-08
7.52055e-24
-5.87064e-24
-2.76223e-08
1.53584e-21
3.62616e-23
3.05613e-08
-0
1.18147e-23
-2.58408e-08
2.14611e-24
2.17654e-23
2.76504e-08
3.53287e-24
-1.05208e-24
-2.45324e-08
-1.07093e-21
1.73607e-23
2.56637e-08
-0
3.49306e-25
-2.35492e-08
-1.60003e-21
1.49439e-23
2.42811e-08
1.61586e-24
-1.38013e-24
-2.27983e-08
-1.54638e-21
9.29322e-24
2.33034e-08
1.008e-24
1.04629e-24
-2.22213e-08
-1.26888e-21
7.13662e-24
2.26066e-08
-6.87306e-25
-8.54235e-25
-2.17811e-08
-8.73585e-22
2.7215e-24
2.21128e-08
-3.45931e-25
-8.07876e-25
-2.1454e-08
-4.76594e-22
1.79704e-24
2.17733e-08
-3.83541e-26
-1.59807e-25
-2.12249e-08
-1.60535e-22
5.31514e-25
2.15568e-08
1.12798e-26
8.19532e-26
-2.10841e-08
0
0
1.07329e-08
0
0
-1.05158e-08
1.29838e-20
-9.45298e-21
1.05174e-06
-2.5688e-21
-4.23333e-23
4.73157e-06
0
0
1.78069e-07
0
0
7.5043e-07
5.03348e-20
3.70359e-18
1.90928e-06
-5.07122e-21
-2.77316e-19
1.01056e-05
9.49521e-20
1.56455e-17
2.48429e-06
-0
-2.36042e-18
1.65326e-05
1.33411e-19
2.09036e-17
2.70953e-06
-2.69632e-20
-5.64274e-18
2.36195e-05
1.70448e-19
3.1292e-17
2.48653e-06
1.06204e-20
-7.46362e-18
3.00816e-05
1.84805e-19
1.3202e-17
1.70748e-06
-2.10574e-20
-2.52841e-18
3.42838e-05
1.60318e-19
-7.40639e-20
3.06762e-07
-3.56757e-20
1.75081e-21
3.4949e-05
8.14809e-20
1.0913e-20
-1.6654e-06
-2.18187e-20
1.0944e-20
3.16844e-05
-2.66776e-20
6.31677e-21
-3.97336e-06
3.21511e-20
5.09904e-21
2.50839e-05
-1.19179e-19
-3.71927e-20
-6.18678e-06
-7.31413e-21
-2.76329e-21
1.6418e-05
-1.62734e-19
7.81254e-20
-7.78832e-06
2.41102e-20
-1.53244e-20
7.14212e-06
-1.49467e-19
-1.81066e-19
-8.3804e-06
1.70791e-20
1.06024e-19
-1.51154e-06
-1.15543e-19
2.92614e-19
-7.86823e-06
-1.59164e-20
-3.08109e-19
-8.71746e-06
-4.04201e-21
3.7709e-20
-6.48482e-06
4.80767e-20
9.8207e-19
-1.40299e-05
1.15726e-19
-1.66962e-18
-4.64519e-06
-5.05013e-20
-3.32309e-18
-1.72437e-05
1.9772e-19
4.42649e-17
-2.75104e-06
-0
5.73964e-18
-1.82418e-05
1.89143e-19
-1.6133e-16
-1.07577e-06
1.39717e-20
-1.65696e-17
-1.68935e-05
1.2638e-19
9.18288e-16
2.39426e-07
-1.18874e-20
1.49776e-17
-1.30363e-05
1.19208e-19
-9.16059e-15
1.13002e-06
4.74168e-21
2.12806e-16
-6.57195e-06
5.42569e-20
4.67506e-13
3.53496e-06
-4.80486e-20
-2.11779e-13
4.53769e-06
4.22183e-20
1.41801e-12
4.92445e-06
-4.147e-21
-7.44729e-13
3.87108e-05
6.58799e-22
2.43564e-12
4.03675e-06
-1.02197e-20
-1.37496e-12
9.23933e-05
-1.1825e-20
2.67026e-12
3.9762e-07
-2.14962e-21
-1.52477e-12
0.000123241
4.6406e-20
1.84692e-12
-2.70234e-06
6.71384e-21
-1.03064e-12
0.000102496
1.8042e-19
7.3188e-13
-3.39774e-06
-2.12873e-20
-4.08718e-13
6.26394e-05
3.60335e-19
-1.79873e-14
-2.1693e-06
1.0417e-20
8.95268e-16
2.32819e-05
4.86884e-19
2.21472e-15
-2.5487e-06
-1.23394e-20
-9.87978e-17
1.82474e-05
4.99368e-19
-5.68312e-16
-2.88723e-06
-3.21429e-20
2.20033e-17
1.41816e-05
3.34501e-19
1.50869e-16
-3.28075e-06
4.9208e-21
-4.98196e-18
1.13474e-05
3.43574e-20
-4.13022e-17
-3.77324e-06
-7.67071e-21
1.1639e-18
9.54795e-06
-3.16767e-19
1.15894e-17
-4.36948e-06
-2.59232e-20
-2.81686e-19
8.47497e-06
-6.2678e-19
-3.27934e-18
-5.04954e-06
1.02932e-20
7.03581e-20
7.85152e-06
-8.31025e-19
9.62364e-19
-5.77673e-06
2.00496e-20
-1.5398e-20
7.46423e-06
-8.28277e-19
-2.51132e-19
-6.50024e-06
7.19116e-21
3.41315e-21
7.15649e-06
-6.54181e-19
1.01101e-19
-7.15471e-06
-4.50348e-21
-1.81341e-21
6.81329e-06
-3.83058e-19
-2.51511e-22
-7.65888e-06
-1.03801e-20
9.20223e-22
6.34786e-06
-4.98731e-20
2.62112e-20
-7.91496e-06
0
-7.12249e-22
5.69333e-06
2.05808e-19
1.68404e-20
-7.81092e-06
8.28186e-21
9.94733e-22
4.7996e-06
4.06908e-19
1.55411e-20
-7.22827e-06
-5.69648e-21
-7.91252e-22
3.63588e-06
4.47162e-19
1.34919e-20
-6.05907e-06
-1.18488e-20
3.38638e-21
2.19923e-06
4.16238e-19
1.06203e-20
-4.23705e-06
0
-2.4235e-21
5.29486e-07
2.95704e-19
1.13573e-20
-1.78595e-06
-1.13577e-20
-1.61913e-21
-1.27111e-06
1.51829e-19
1.05349e-20
1.12106e-06
7.77932e-21
-3.07288e-21
-3.02279e-06
5.94885e-20
8.47248e-21
4.12282e-06
0
4.56701e-21
-4.47963e-06
3.95188e-21
9.09216e-21
6.71197e-06
7.52965e-22
2.44357e-21
-5.39205e-06
2.72778e-21
6.42716e-21
8.39411e-06
2.64542e-22
1.32851e-21
-5.61268e-06
2.41479e-20
5.1497e-21
8.90317e-06
1.59757e-21
-4.21387e-21
-5.18092e-06
4.28698e-20
3.28176e-21
8.3247e-06
1.22706e-21
-5.19057e-22
-4.31188e-06
4.6632e-20
1.65663e-21
7.02832e-06
7.78481e-22
-8.54143e-22
-3.28878e-06
4.78036e-20
6.24513e-22
5.46648e-06
-3.60164e-21
-1.34944e-21
-2.34071e-06
3.36444e-20
1.40139e-22
3.99049e-06
4.93286e-22
1.80486e-21
-1.5844e-06
-1.544e-21
-1.69922e-24
2.78043e-06
1.0442e-21
-5.7636e-22
-1.03871e-06
-2.81362e-20
1.65541e-23
1.87548e-06
5.39887e-22
4.21324e-22
-6.70147e-07
-3.69433e-20
2.65026e-23
1.2386e-06
-5.49346e-22
-1.01179e-22
-4.31235e-07
-4.27e-20
1.15727e-22
8.08205e-07
2.76311e-22
3.60315e-22
-2.79999e-07
-3.99494e-20
1.19668e-22
5.25177e-07
2.0676e-22
-1.017e-22
-1.85402e-07
-3.27541e-20
1.20752e-22
3.42427e-07
2.05052e-22
-1.42411e-22
-1.26462e-07
-2.3206e-20
6.35687e-23
2.25817e-07
-3.37421e-22
-9.9046e-23
-8.96624e-08
-1.46026e-20
4.7473e-23
1.5193e-07
3.3203e-23
-6.84846e-23
-6.65315e-08
-7.10447e-21
3.09639e-23
1.05257e-07
9.77663e-23
-3.53314e-23
-5.18319e-08
-2.22747e-21
1.31857e-23
7.57642e-08
-7.98037e-24
8.06355e-24
-4.23481e-08
7.74004e-22
1.3416e-23
5.70571e-08
2.34119e-23
5.49762e-24
-3.61095e-08
2.04713e-21
1.42105e-23
4.5105e-08
-3.81001e-24
-7.46715e-24
-3.19077e-08
2.14965e-21
1.26895e-23
3.73845e-08
7.42891e-24
2.52618e-24
-2.89999e-08
1.592e-21
1.18949e-23
3.2323e-08
3.61453e-24
-6.81206e-24
-2.69277e-08
8.25056e-22
1.59395e-23
2.89429e-08
-4.38525e-24
3.43105e-24
-2.54071e-08
1.00633e-22
1.10087e-23
2.66372e-08
-2.11979e-24
5.35279e-24
-2.42613e-08
-4.28586e-22
6.32465e-24
2.50291e-08
8.14666e-25
1.52522e-24
-2.33798e-08
-7.16939e-22
6.05472e-24
2.38844e-08
-1.54965e-24
-1.67653e-24
-2.26927e-08
-7.16369e-22
2.874e-24
2.3057e-08
-3.62308e-25
-1.52837e-24
-2.21559e-08
-5.9901e-22
1.70745e-24
2.2456e-08
-5.76065e-25
1.39074e-25
-2.17414e-08
-4.21442e-22
1.57028e-24
2.20242e-08
-1.77398e-25
-8.49659e-26
-2.14309e-08
-2.35825e-22
1.08961e-24
2.17253e-08
-2.7523e-26
2.37216e-26
-2.12128e-08
-8.18551e-23
7.95832e-26
2.15362e-08
8.0896e-27
9.25161e-26
-2.10795e-08
0
0
1.07294e-08
0
0
-1.05155e-08
1.13017e-20
9.8068e-22
4.8765e-07
2.00825e-21
-1.23697e-23
2.56628e-06
0
0
8.06267e-08
0
0
3.9456e-07
2.87578e-20
-5.06258e-19
8.91045e-07
5.64677e-21
4.52368e-20
5.43284e-06
4.45553e-20
-2.16288e-18
1.15345e-06
-3.4057e-21
3.73007e-19
8.65731e-06
5.65133e-20
-2.91588e-18
1.23871e-06
7.19668e-21
8.61471e-19
1.20095e-05
6.29273e-20
-4.40557e-18
1.10244e-06
-6.47373e-21
1.10613e-18
1.49072e-05
6.3137e-20
-1.87511e-18
7.01008e-07
1.6824e-20
3.66899e-19
1.66548e-05
4.90293e-20
1.14276e-20
1.53336e-08
2.63478e-20
8.70484e-22
1.67367e-05
1.79509e-20
-2.50734e-21
-9.17335e-07
1.59229e-20
-3.21667e-21
1.50247e-05
-2.13873e-20
-1.3559e-22
-1.97858e-06
1.11469e-20
2.47136e-21
1.18085e-05
-5.2907e-20
-1.16557e-21
-2.97384e-06
-0
-1.33167e-21
7.66235e-06
-6.82146e-20
-8.02755e-22
-3.68287e-06
1.14107e-21
-4.0273e-21
3.23929e-06
-5.60382e-20
-2.60971e-23
-3.94165e-06
5.11361e-21
-2.53525e-21
-9.01013e-07
-3.98068e-20
-5.97346e-24
-3.71029e-06
2.45617e-21
1.12328e-21
-4.37177e-06
7.1292e-21
4.21796e-23
-3.08234e-06
-4.85258e-21
-1.86817e-21
-6.95056e-06
5.37888e-20
-3.56693e-19
-2.23199e-06
-1.62188e-20
7.23503e-20
-8.52211e-06
9.19695e-20
-2.16987e-18
-1.33889e-06
1.27978e-20
2.21547e-19
-9.01428e-06
1.10874e-19
-1.87054e-18
-5.36892e-07
-3.76539e-21
1.47132e-19
-8.35629e-06
1.0331e-19
-2.7721e-19
9.57647e-08
-9.46465e-21
-3.63024e-21
-6.47699e-06
8.115e-20
6.79073e-16
5.18965e-07
7.38459e-21
-1.51867e-17
-3.36065e-06
6.12141e-20
1.63384e-15
7.10906e-07
-6.86491e-21
-6.49093e-17
8.25453e-07
3.20025e-20
-9.54879e-15
6.64972e-07
5.717e-21
4.84512e-16
5.56731e-06
4.73064e-21
-1.61721e-14
4.06306e-07
-0
8.87336e-16
9.96282e-06
-4.24117e-21
-1.76954e-14
7.29738e-09
9.8192e-22
9.84106e-16
1.29941e-05
2.01512e-20
-1.23857e-14
-4.25629e-07
-1.11267e-20
6.71688e-16
1.40446e-05
7.75743e-20
2.98178e-15
-7.98497e-07
6.56946e-21
-1.39045e-16
1.32468e-05
1.45757e-19
1.34578e-15
-1.07336e-06
0
-6.47767e-17
1.13332e-05
1.97406e-19
-7.27584e-19
-1.27287e-06
9.62759e-21
6.66284e-21
9.14949e-06
2.05633e-19
1.92573e-19
-1.44815e-06
-2.64872e-21
-2.68438e-21
7.26231e-06
1.62313e-19
-4.94469e-20
-1.64429e-06
2.80686e-21
-8.73859e-22
5.87769e-06
6.45708e-20
1.54775e-20
-1.88534e-06
-1.44497e-21
-6.06383e-22
4.96558e-06
-5.6672e-20
-1.18607e-21
-2.17574e-06
-2.90638e-21
-1.3555e-22
4.40585e-06
-1.73344e-19
3.52332e-21
-2.50651e-06
-1.43204e-21
-0
4.07196e-06
-2.51076e-19
2.33993e-21
-2.85958e-06
-1.38523e-21
2.37327e-22
3.85998e-06
-2.66125e-19
3.49686e-21
-3.20965e-06
0
2.30993e-22
3.69148e-06
-2.35682e-19
3.04233e-21
-3.52424e-06
3.68491e-21
4.59553e-22
3.50833e-06
-1.53975e-19
3.15963e-21
-3.76326e-06
-3.37422e-21
0
3.26687e-06
-6.88308e-20
2.53977e-21
-3.87894e-06
4.03489e-21
-4.80375e-22
2.9339e-06
3.15921e-20
2.52533e-21
-3.81728e-06
-5.30079e-21
5.0259e-22
2.48533e-06
8.37275e-20
1.34054e-21
-3.52236e-06
4.5134e-21
-1.06419e-21
1.90751e-06
1.23076e-19
-6.66709e-22
-2.94549e-06
-3.71004e-21
-2.83857e-22
1.20159e-06
1.16635e-19
9.13013e-22
-2.06106e-06
3.88115e-21
-1.82075e-21
3.90711e-07
8.17081e-20
8.74582e-22
-8.89619e-07
4.98383e-21
6.45202e-22
-4.72065e-07
4.6235e-20
6.99003e-22
4.77904e-07
2.80911e-21
-3.37985e-22
-1.30024e-06
2.14221e-20
9.44062e-22
1.87092e-06
-7.34329e-22
6.91323e-22
-1.98399e-06
2.07737e-21
6.32136e-22
3.06615e-06
0
-3.42021e-22
-2.41979e-06
-3.17672e-21
3.30782e-22
3.85637e-06
4.92678e-22
0
-2.55112e-06
0
4.47005e-22
4.13195e-06
2.63065e-22
5.91047e-22
-2.39631e-06
8.42579e-21
2.14946e-22
3.92406e-06
-0
5.13177e-22
-2.04164e-06
1.26297e-20
2.58436e-22
3.3796e-06
4.57632e-22
-1.27906e-21
-1.60212e-06
4.99906e-21
6.01592e-23
2.6874e-06
7.7739e-22
-8.51112e-22
-1.17649e-06
1.00839e-20
2.48168e-23
2.0056e-06
-0
-2.6287e-22
-8.22283e-07
1.76069e-21
-3.47349e-24
1.42656e-06
-5.86138e-22
9.87799e-23
-5.56619e-07
-1.40527e-21
1.59666e-23
9.80794e-07
3.00518e-22
2.18078e-22
-3.71142e-07
-3.42389e-21
4.66236e-23
6.59936e-07
-1.51856e-22
1.05269e-22
-2.47633e-07
-4.90752e-21
5.80295e-23
4.39378e-07
-1.51908e-22
-1.88152e-22
-1.67725e-07
-5.63264e-21
5.95131e-23
2.92426e-07
-1.13144e-22
5.32629e-23
-1.16796e-07
-5.67857e-21
4.40354e-23
1.96525e-07
1.86293e-23
0
-8.44911e-08
-4.23049e-21
4.80141e-23
1.34749e-07
-0
6.51191e-23
-6.39317e-08
-3.08519e-21
2.92093e-23
9.5234e-08
6.29748e-23
3.60798e-23
-5.07163e-08
-2.03741e-21
2.8249e-23
7.00056e-08
-0
-2.48534e-23
-4.20845e-08
-1.14677e-21
1.32055e-23
5.38525e-08
-4.3071e-24
-4.25946e-24
-3.63238e-08
-4.79187e-22
1.16263e-23
4.34312e-08
-0
-5.81462e-24
-3.23761e-08
-6.82771e-23
6.93386e-24
3.66231e-08
2.05074e-24
-1.97645e-24
-2.95878e-08
1.26316e-22
5.10492e-24
3.20972e-08
2.99608e-24
-0
-2.75546e-08
1.63397e-22
2.99774e-24
2.90215e-08
-9.71111e-25
-1.80637e-24
-2.6025e-08
1.17703e-22
2.17696e-24
2.68778e-08
4.71019e-25
-3.64243e-24
-2.48421e-08
4.81495e-23
2.25967e-24
2.53436e-08
4.55217e-25
-2.84381e-24
-2.39071e-08
-2.40967e-23
1.34994e-24
2.42183e-08
6.55958e-25
-5.40741e-25
-2.31576e-08
-7.10421e-23
4.83939e-25
2.33769e-08
-2.07982e-25
1.78529e-25
-2.25535e-08
-6.94875e-23
5.55215e-25
2.27412e-08
2.43242e-25
-4.65762e-25
-2.20693e-08
-5.63682e-23
1.9776e-25
2.22623e-08
8.84959e-26
1.487e-25
-2.16883e-08
-3.85145e-23
1.01195e-25
2.19091e-08
-0
4.56049e-26
-2.13996e-08
-2.1395e-23
7.79101e-26
2.16622e-08
3.72897e-26
-2.56451e-26
-2.11959e-08
-7.85195e-24
3.62202e-27
2.15088e-08
2.22823e-27
-1.12709e-26
-2.10726e-08
0
0
1.07248e-08
0
0
-1.05146e-08
0
0
7.57687e-08
0
0
4.08237e-07
0
0
1.13138e-08
0
0
5.31013e-08
0
0
1.41687e-07
0
0
8.90537e-07
0
0
1.84342e-07
0
0
1.42112e-06
0
0
1.97561e-07
0
0
1.95923e-06
0
0
1.74235e-07
0
0
2.41123e-06
0
0
1.07665e-07
0
0
2.66848e-06
0
0
-4.60587e-09
0
0
2.65297e-06
0
0
-1.55813e-07
0
0
2.34855e-06
0
0
-3.2636e-07
0
0
1.80476e-06
0
0
-4.85062e-07
0
0
1.11542e-06
0
0
-5.97278e-07
0
0
3.86214e-07
0
0
-6.37471e-07
0
0
-2.92264e-07
0
0
-5.99407e-07
0
0
-8.57037e-07
0
0
-4.97595e-07
0
0
-1.27149e-06
0
0
-3.59423e-07
0
0
-1.51639e-06
0
0
-2.13712e-07
0
0
-1.57987e-06
0
0
-8.25445e-08
0
0
-1.45086e-06
0
0
2.07076e-08
0
0
-1.1192e-06
0
0
8.899e-08
0
0
-5.85239e-07
0
0
1.18671e-07
0
0
1.19372e-07
0
0
1.09159e-07
0
0
9.07606e-07
0
0
6.51534e-08
0
0
1.63496e-06
0
0
-1.31162e-09
0
0
2.1439e-06
0
0
-7.33857e-08
0
0
2.33978e-06
0
0
-1.36346e-07
0
0
2.24005e-06
0
0
-1.84053e-07
0
0
1.95364e-06
0
0
-2.19594e-07
0
0
1.61121e-06
0
0
-2.50784e-07
0
0
1.3056e-06
0
0
-2.8487e-07
0
0
1.07499e-06
0
0
-3.25889e-07
0
0
9.18568e-07
0
0
-3.74654e-07
0
0
8.18815e-07
0
0
-4.29698e-07
0
0
7.55754e-07
0
0
-4.88017e-07
0
0
7.12528e-07
0
0
-5.45395e-07
0
0
6.76286e-07
0
0
-5.96441e-07
0
0
6.37493e-07
0
0
-6.34529e-07
0
0
5.89014e-07
0
0
-6.51809e-07
0
0
5.25488e-07
0
0
-6.39459e-07
0
0
4.43094e-07
0
0
-5.88428e-07
0
0
3.39795e-07
0
0
-4.90982e-07
0
0
2.16059e-07
0
0
-3.4335e-07
0
0
7.60148e-08
0
0
-1.49445e-07
0
0
-7.13283e-08
0
0
7.54193e-08
0
0
-2.11717e-07
0
0
3.03479e-07
0
0
-3.27516e-07
0
0
4.99182e-07
0
0
-4.02478e-07
0
0
6.29983e-07
0
0
-4.2793e-07
0
0
6.7865e-07
0
0
-4.06798e-07
0
0
6.49662e-07
0
0
-3.52466e-07
0
0
5.65514e-07
0
0
-2.82933e-07
0
0
4.55727e-07
0
0
-2.14033e-07
0
0
3.45704e-07
0
0
-1.55466e-07
0
0
2.50923e-07
0
0
-1.10602e-07
0
0
1.77068e-07
0
0
-7.85981e-08
0
0
1.23349e-07
0
0
-5.67881e-08
0
0
8.60636e-08
0
0
-4.22994e-08
0
0
6.09705e-08
0
0
-3.27649e-08
0
0
4.43982e-08
0
0
-2.64701e-08
0
0
3.35561e-08
0
0
-2.22574e-08
0
0
2.64719e-08
0
0
-1.9376e-08
0
0
2.18143e-08
0
0
-1.7349e-08
0
0
1.87101e-08
0
0
-1.58762e-08
0
0
1.65983e-08
0
0
-1.47698e-08
0
0
1.51226e-08
0
0
-1.39116e-08
0
0
1.40593e-08
0
0
-1.32269e-08
0
0
1.3268e-08
0
0
-1.26682e-08
0
0
1.26614e-08
0
0
-1.22052e-08
0
0
1.21847e-08
0
0
-1.1818e-08
0
0
1.18038e-08
0
0
-1.14935e-08
0
0
1.14972e-08
0
0
-1.12232e-08
0
0
1.12515e-08
0
0
-1.10012e-08
0
0
1.10579e-08
0
0
-1.08236e-08
0
0
1.09109e-08
0
0
-1.06875e-08
0
0
1.0807e-08
0
0
-1.05912e-08
0
0
1.07438e-08
0
0
-1.05334e-08
0
0
5.3607e-09
0
0
-5.2569e-09
