0.0333333 0.0333333 9.63394e-06
0.1 0.0333333 2.71782e-05
0.166667 0.0333333 5.0292e-05
0.233333 0.0333333 5.71449e-05
0.3 0.0333333 3.87911e-05
0.366667 0.0333333 3.31703e-07
0.433333 0.0333333 4.48535e-05
0.5 0.0333333 7.77845e-05
0.566667 0.0333333 9.03388e-05
0.633333 0.0333333 8.41804e-05
0.7 0.0333333 6.66214e-05
0.766667 0.0333333 4.50046e-05
0.833333 0.0333333 2.42276e-05
0.9 0.0333333 6.78866e-06
0.966667 0.0333333 6.45426e-06
1.03333 0.0333333 1.55677e-05
1.1 0.0333333 2.10113e-05
1.16667 0.0333333 2.33277e-05
1.23333 0.0333333 2.30365e-05
1.3 0.0333333 2.06606e-05
1.36667 0.0333333 1.6791e-05
1.43333 0.0333333 1.21096e-05
1.5 0.0333333 7.33065e-06
1.56667 0.0333333 3.08085e-06
1.63333 0.0333333 2.24391e-07
1.7 0.0333333 2.4409e-06
1.76667 0.0333333 3.66466e-06
1.83333 0.0333333 4.13313e-06
1.9 0.0333333 4.11266e-06
1.96667 0.0333333 3.81766e-06
2.03333 0.0333333 3.37836e-06
2.1 0.0333333 2.84706e-06
2.16667 0.0333333 2.22314e-06
2.23333 0.0333333 1.48067e-06
2.3 0.0333333 5.9085e-07
2.36667 0.0333333 4.61836e-07
2.43333 0.0333333 1.66827e-06
2.5 0.0333333 2.98626e-06
2.56667 0.0333333 4.33435e-06
2.63333 0.0333333 5.58877e-06
2.7 0.0333333 6.58736e-06
2.76667 0.0333333 7.14699e-06
2.83333 0.0333333 7.10264e-06
2.9 0.0333333 6.36858e-06
2.96667 0.0333333 5.00224e-06
3.03333 0.0333333 3.22966e-06
3.1 0.0333333 1.39578e-06
3.16667 0.0333333 1.53234e-07
3.23333 0.0333333 1.19438e-06
3.3 0.0333333 1.68647e-06
3.36667 0.0333333 1.73838e-06
3.43333 0.0333333 1.52385e-06
3.5 0.0333333 1.20227e-06
3.56667 0.0333333 8.79779e-07
3.63333 0.0333333 6.08198e-07
3.7 0.0333333 4.01864e-07
3.76667 0.0333333 2.55613e-07
3.83333 0.0333333 1.57113e-07
3.9 0.0333333 9.34026e-08
3.96667 0.0333333 5.35855e-08
4.03333 0.0333333 2.94721e-08
4.1 0.0333333 1.53193e-08
4.16667 0.0333333 7.29117e-09
4.23333 0.0333333 2.92053e-09
4.3 0.0333333 6.69331e-10
4.36667 0.0333333 3.94503e-10
4.43333 0.0333333 8.20533e-10
4.5 0.0333333 9.23513e-10
4.56667 0.0333333 8.77799e-10
4.63333 0.0333333 7.76107e-10
4.7 0.0333333 6.65063e-10
4.76667 0.0333333 5.66285e-10
4.83333 0.0333333 4.88677e-10
4.9 0.0333333 4.35691e-10
4.96667 0.0333333 4.09897e-10
0.0333333 0.1 2.79474e-05
0.1 0.1 1.61006e-05
0.166667 0.1 2.97969e-05
0.233333 0.1 2.89376e-05
0.3 0.1 2.15263e-05
0.366667 0.1 1.40033e-05
0.433333 0.1 1.12211e-05
0.5 0.1 1.46919e-05
0.566667 0.1 2.09233e-05
0.633333 0.1 2.55297e-05
0.7 0.1 2.59675e-05
0.766667 0.1 2.2117e-05
0.833333 0.1 1.53795e-05
0.9 0.1 7.54096e-06
0.966667 0.1 6.68747e-09
1.03333 0.1 6.41114e-06
1.1 0.1 1.13841e-05
1.16667 0.1 1.48442e-05
1.23333 0.1 1.68091e-05
1.3 0.1 1.73176e-05
1.36667 0.1 1.64578e-05
1.43333 0.1 1.44313e-05
1.5 0.1 1.15917e-05
1.56667 0.1 8.40823e-06
1.63333 0.1 5.35856e-06
1.7 0.1 2.80238e-06
1.76667 0.1 9.05835e-07
1.83333 0.1 3.50043e-07
1.9 0.1 1.09834e-06
1.96667 0.1 1.50256e-06
2.03333 0.1 1.69872e-06
2.1 0.1 1.77317e-06
2.16667 0.1 1.7656e-06
2.23333 0.1 1.68262e-06
2.3 0.1 1.51215e-06
2.36667 0.1 1.2349e-06
2.43333 0.1 8.32407e-07
2.5 0.1 2.92785e-07
2.56667 0.1 3.84716e-07
2.63333 0.1 1.18515e-06
2.7 0.1 2.07202e-06
2.76667 0.1 2.97886e-06
2.83333 0.1 3.8002e-06
2.9 0.1 4.39286e-06
2.96667 0.1 4.60632e-06
3.03333 0.1 4.34828e-06
3.1 0.1 3.65221e-06
3.16667 0.1 2.6889e-06
3.23333 0.1 1.69608e-06
3.3 0.1 8.71268e-07
3.36667 0.1 3.0412e-07
3.43333 0.1 1.81377e-08
3.5 0.1 1.61167e-07
3.56667 0.1 1.9654e-07
3.63333 0.1 1.78796e-07
3.7 0.1 1.41807e-07
3.76667 0.1 1.03339e-07
3.83333 0.1 7.08753e-08
3.9 0.1 4.63144e-08
3.96667 0.1 2.90001e-08
4.03333 0.1 1.74129e-08
4.1 0.1 9.97902e-09
4.16667 0.1 5.38568e-09
4.23333 0.1 2.65002e-09
4.3 0.1 1.08446e-09
4.36667 0.1 2.30959e-10
4.43333 0.1 2.04055e-10
4.5 0.1 4.02594e-10
4.56667 0.1 4.74092e-10
4.63333 0.1 4.82435e-10
4.7 0.1 4.63901e-10
4.76667 0.1 4.3868e-10
4.83333 0.1 4.18265e-10
4.9 0.1 4.10578e-10
4.96667 0.1 4.24359e-10
0.0333333 0.166667 5.72403e-05
0.1 0.166667 5.38091e-05
0.166667 0.166667 0.00011813
0.233333 0.166667 0.000136572
0.3 0.166667 0.000102557
0.366667 0.166667 2.80441e-05
0.433333 0.166667 3.64889e-05
0.5 0.166667 6.05428e-05
0.566667 0.166667 4.78467e-05
0.633333 0.166667 2.3006e-05
0.7 0.166667 1.29338e-06
0.766667 0.166667 1.19003e-05
0.833333 0.166667 1.67363e-05
0.9 0.166667 1.56826e-05
0.966667 0.166667 1.15009e-05
1.03333 0.166667 6.13958e-06
1.1 0.166667 5.75221e-07
1.16667 0.166667 4.80175e-06
1.23333 0.166667 9.74597e-06
1.3 0.166667 1.39093e-05
1.36667 0.166667 1.68112e-05
1.43333 0.166667 1.79934e-05
1.5 0.166667 1.72717e-05
1.56667 0.166667 1.49149e-05
1.63333 0.166667 1.15955e-05
1.7 0.166667 8.11977e-06
1.76667 0.166667 5.11494e-06
1.83333 0.166667 2.8655e-06
1.9 0.166667 1.34875e-06
1.96667 0.166667 3.7761e-07
2.03333 0.166667 2.6451e-07
2.1 0.166667 7.50109e-07
2.16667 0.166667 1.18821e-06
2.23333 0.166667 1.6318e-06
2.3 0.166667 2.09181e-06
2.36667 0.166667 2.54866e-06
2.43333 0.166667 2.95918e-06
2.5 0.166667 3.25951e-06
2.56667 0.166667 3.36595e-06
2.63333 0.166667 3.17653e-06
2.7 0.166667 2.57872e-06
2.76667 0.166667 1.47264e-06
2.83333 0.166667 1.73676e-07
2.9 0.166667 2.22674e-06
2.96667 0.166667 4.30534e-06
3.03333 0.166667 5.8427e-06
3.1 0.166667 6.36268e-06
3.16667 0.166667 5.78686e-06
3.23333 0.166667 4.4835e-06
3.3 0.166667 3.00139e-06
3.36667 0.166667 1.74932e-06
3.43333 0.166667 8.76937e-07
3.5 0.166667 3.50682e-07
3.56667 0.166667 7.20125e-08
3.63333 0.166667 5.33905e-08
3.7 0.166667 9.47168e-08
3.76667 0.166667 9.55544e-08
3.83333 0.166667 8.04138e-08
3.9 0.166667 6.16215e-08
3.96667 0.166667 4.45316e-08
4.03333 0.166667 3.08854e-08
4.1 0.166667 2.07591e-08
4.16667 0.166667 1.35944e-08
4.23333 0.166667 8.69368e-09
4.3 0.166667 5.4257e-09
4.36667 0.166667 3.28985e-09
4.43333 0.166667 1.91678e-09
4.5 0.166667 1.0463e-09
4.56667 0.166667 5.008e-10
4.63333 0.166667 1.61681e-10
4.7 0.166667 4.92554e-11
4.76667 0.166667 1.83597e-10
4.83333 0.166667 2.76382e-10
4.9 0.166667 3.5383e-10
4.96667 0.166667 4.40057e-10
0.0333333 0.233333 8.26165e-05
0.1 0.233333 8.98384e-05
0.166667 0.233333 0.000217993
0.233333 0.233333 0.000310101
0.3 0.233333 0.000213213
0.366667 0.233333 6.94178e-05
0.433333 0.233333 0.000125217
0.5 0.233333 0.000157299
0.566667 0.233333 0.00011269
0.633333 0.233333 5.83669e-05
0.7 0.233333 1.37648e-05
0.766667 0.233333 1.51237e-05
0.833333 0.233333 2.86492e-05
0.9 0.233333 3.12192e-05
0.966667 0.233333 2.79746e-05
1.03333 0.233333 2.23138e-05
1.1 0.233333 1.55306e-05
1.16667 0.233333 7.86012e-06
1.23333 0.233333 5.69259e-07
1.3 0.233333 9.26347e-06
1.36667 0.233333 1.71684e-05
1.43333 0.233333 2.28443e-05
1.5 0.233333 2.50794e-05
1.56667 0.233333 2.36177e-05
1.63333 0.233333 1.9417e-05
1.7 0.233333 1.41413e-05
1.76667 0.233333 9.29519e-06
1.83333 0.233333 5.65757e-06
1.9 0.233333 3.28507e-06
1.96667 0.233333 1.84451e-06
2.03333 0.233333 9.29574e-07
2.1 0.233333 2.17057e-07
2.16667 0.233333 5.0099e-07
2.23333 0.233333 1.33523e-06
2.3 0.233333 2.32407e-06
2.36667 0.233333 3.45186e-06
2.43333 0.233333 4.65786e-06
2.5 0.233333 5.8379e-06
2.56667 0.233333 6.84134e-06
2.63333 0.233333 7.46668e-06
2.7 0.233333 7.46075e-06
2.76667 0.233333 6.53048e-06
2.83333 0.233333 4.3893e-06
2.9 0.233333 9.05422e-07
2.96667 0.233333 3.50297e-06
3.03333 0.233333 7.62168e-06
3.1 0.233333 9.91191e-06
3.16667 0.233333 9.65575e-06
3.23333 0.233333 7.51386e-06
3.3 0.233333 4.84206e-06
3.36667 0.233333 2.6396e-06
3.43333 0.233333 1.1928e-06
3.5 0.233333 3.73066e-07
3.56667 0.233333 3.00663e-08
3.63333 0.233333 1.91043e-07
3.7 0.233333 2.26616e-07
3.76667 0.233333 2.06043e-07
3.83333 0.233333 1.66451e-07
3.9 0.233333 1.25608e-07
3.96667 0.233333 9.06411e-08
4.03333 0.233333 6.33632e-08
4.1 0.233333 4.32463e-08
4.16667 0.233333 2.89592e-08
4.23333 0.233333 1.9082e-08
4.3 0.233333 1.23891e-08
4.36667 0.233333 7.92342e-09
4.43333 0.233333 4.97961e-09
4.5 0.233333 3.05744e-09
4.56667 0.233333 1.81132e-09
4.63333 0.233333 1.00674e-09
4.7 0.233333 4.86255e-10
4.76667 0.233333 1.441e-10
4.83333 0.233333 9.22987e-11
4.9 0.233333 2.76244e-10
4.96667 0.233333 4.5315e-10
0.0333333 0.3 9.32067e-05
0.1 0.3 0.000116441
0.166667 0.3 0.000308158
0.233333 0.3 0.000558801
0.3 0.3 0.000897262
0.366667 0.3 4.87054e-05
0.433333 0.3 0.000334309
0.5 0.3 0.000256245
0.566667 0.3 0.000162473
0.633333 0.3 7.96858e-05
0.7 0.3 1.28295e-05
0.766667 0.3 3.05697e-05
0.833333 0.3 5.01843e-05
0.9 0.3 5.28915e-05
0.966667 0.3 4.83453e-05
1.03333 0.3 4.18404e-05
1.1 0.3 3.40569e-05
1.16667 0.3 2.45491e-05
1.23333 0.3 1.28744e-05
1.3 0.3 8.53487e-07
1.36667 0.3 1.53754e-05
1.43333 0.3 2.80025e-05
1.5 0.3 3.54008e-05
1.56667 0.3 3.5697e-05
1.63333 0.3 2.99573e-05
1.7 0.3 2.15086e-05
1.76667 0.3 1.36542e-05
1.83333 0.3 8.04743e-06
1.9 0.3 4.7083e-06
1.96667 0.3 2.91372e-06
2.03333 0.3 1.90667e-06
2.1 0.3 1.14628e-06
2.16667 0.3 3.05135e-07
2.23333 0.3 7.8731e-07
2.3 0.3 2.19548e-06
2.36667 0.3 3.90903e-06
2.43333 0.3 5.85728e-06
2.5 0.3 7.91213e-06
2.56667 0.3 9.88393e-06
2.63333 0.3 1.1514e-05
2.7 0.3 1.2465e-05
2.76667 0.3 1.23082e-05
2.83333 0.3 1.05043e-05
2.9 0.3 6.3805e-06
2.96667 0.3 6.64885e-07
3.03333 0.3 9.00684e-06
3.1 0.3 1.47939e-05
3.16667 0.3 1.51124e-05
3.23333 0.3 1.11491e-05
3.3 0.3 6.39144e-06
3.36667 0.3 2.95276e-06
3.43333 0.3 9.75105e-07
3.5 0.3 8.42941e-09
3.56667 0.3 4.12577e-07
3.63333 0.3 5.14273e-07
3.7 0.3 4.77675e-07
3.76667 0.3 3.91459e-07
3.83333 0.3 2.98861e-07
3.9 0.3 2.17922e-07
3.96667 0.3 1.53858e-07
4.03333 0.3 1.06061e-07
4.1 0.3 7.17744e-08
4.16667 0.3 4.78561e-08
4.23333 0.3 3.15125e-08
4.3 0.3 2.05199e-08
4.36667 0.3 1.32169e-08
4.43333 0.3 8.41208e-09
4.5 0.3 5.27484e-09
4.56667 0.3 3.23785e-09
4.63333 0.3 1.91902e-09
4.7 0.3 1.06309e-09
4.76667 0.3 4.99305e-10
4.83333 0.3 1.11235e-10
4.9 0.3 1.85243e-10
4.96667 0.3 4.59196e-10
0.0333333 0.366667 8.49033e-05
0.1 0.366667 0.000119705
0.166667 0.366667 0.000300081
0.233333 0.366667 0.000544969
0.3 0.366667 0.000873433
0.366667 0.366667 0.00196587
0.433333 0.366667 0.0005459
0.5 0.366667 0.000313157
0.566667 0.366667 0.000194269
0.633333 0.366667 0.000107633
0.7 0.366667 1.45112e-05
0.766667 0.366667 6.40306e-05
0.833333 0.366667 0.000111854
0.9 0.366667 7.551e-05
0.966667 0.366667 6.8928e-05
1.03333 0.366667 6.24302e-05
1.1 0.366667 5.80053e-05
1.16667 0.366667 4.51395e-05
1.23333 0.366667 2.86892e-05
1.3 0.366667 1.49772e-05
1.36667 0.366667 6.73357e-06
1.43333 0.366667 2.97828e-05
1.5 0.366667 4.72977e-05
1.56667 0.366667 5.23565e-05
1.63333 0.366667 4.47851e-05
1.7 0.366667 3.10554e-05
1.76667 0.366667 1.84386e-05
1.83333 0.366667 1.01494e-05
1.9 0.366667 5.76295e-06
1.96667 0.366667 3.71771e-06
2.03333 0.366667 2.74883e-06
2.1 0.366667 2.05896e-06
2.16667 0.366667 1.20435e-06
2.23333 0.366667 3.51607e-08
2.3 0.366667 1.7427e-06
2.36667 0.366667 3.91213e-06
2.43333 0.366667 6.46956e-06
2.5 0.366667 9.27975e-06
2.56667 0.366667 1.21452e-05
2.63333 0.366667 1.48031e-05
2.7 0.366667 1.69212e-05
2.76667 0.366667 1.80866e-05
2.83333 0.366667 1.776e-05
2.9 0.366667 1.51085e-05
2.96667 0.366667 8.31532e-06
3.03333 0.366667 7.12358e-06
3.1 0.366667 2.16676e-05
3.16667 0.366667 2.39857e-05
3.23333 0.366667 1.60536e-05
3.3 0.366667 7.6585e-06
3.36667 0.366667 2.90669e-06
3.43333 0.366667 5.27945e-07
3.5 0.366667 5.09587e-07
3.56667 0.366667 8.47439e-07
3.63333 0.366667 8.54285e-07
3.7 0.366667 7.28906e-07
3.76667 0.366667 5.70577e-07
3.83333 0.366667 4.23436e-07
3.9 0.366667 3.02987e-07
3.96667 0.366667 2.11127e-07
4.03333 0.366667 1.44185e-07
4.1 0.366667 9.6925e-08
4.16667 0.366667 6.43263e-08
4.23333 0.366667 4.22336e-08
4.3 0.366667 2.74648e-08
4.36667 0.366667 1.7698e-08
4.43333 0.366667 1.12941e-08
4.5 0.366667 7.12348e-09
4.56667 0.366667 4.42044e-09
4.63333 0.366667 2.67256e-09
4.7 0.366667 1.53912e-09
4.76667 0.366667 7.93181e-10
4.83333 0.366667 2.80809e-10
4.9 0.366667 1.08183e-10
4.96667 0.366667 4.62593e-10
0.0333333 0.433333 6.14323e-05
0.1 0.433333 9.72023e-05
0.166667 0.433333 0.000181802
0.233333 0.433333 0.000197375
0.3 0.433333 3.3828e-05
0.366667 0.433333 0.000505563
0.433333 0.433333 0.000466724
0.5 0.433333 0.00031721
0.566667 0.433333 0.000197819
0.633333 0.433333 0.000122368
0.7 0.433333 1.05905e-05
0.766667 0.433333 9.91033e-05
0.833333 0.433333 0.000174476
0.9 0.433333 9.33312e-05
0.966667 0.433333 8.60346e-05
1.03333 0.433333 8.3227e-05
1.1 0.433333 7.99818e-05
1.16667 0.433333 6.39552e-05
1.23333 0.433333 5.22731e-05
1.3 0.433333 3.99831e-05
1.36667 0.433333 1.65931e-05
1.43333 0.433333 1.93812e-05
1.5 0.433333 5.62975e-05
1.56667 0.433333 7.5311e-05
1.63333 0.433333 6.66187e-05
1.7 0.433333 4.37744e-05
1.76667 0.433333 2.36434e-05
1.83333 0.433333 1.20357e-05
1.9 0.433333 6.58372e-06
1.96667 0.433333 4.36053e-06
2.03333 0.433333 3.47922e-06
2.1 0.433333 2.89823e-06
2.16667 0.433333 2.08142e-06
2.23333 0.433333 7.77315e-07
2.3 0.433333 1.10557e-06
2.36667 0.433333 3.56161e-06
2.43333 0.433333 6.51592e-06
2.5 0.433333 9.83449e-06
2.56667 0.433333 1.33283e-05
2.63333 0.433333 1.67591e-05
2.7 0.433333 1.9853e-05
2.76667 0.433333 2.23237e-05
2.83333 0.433333 2.39027e-05
2.9 0.433333 2.43472e-05
2.96667 0.433333 2.335e-05
3.03333 0.433333 1.73282e-05
3.1 0.433333 3.18405e-05
3.16667 0.433333 4.62933e-05
3.23333 0.433333 2.07091e-05
3.3 0.433333 8.53544e-06
3.36667 0.433333 2.77929e-06
3.43333 0.433333 1.59845e-07
3.5 0.433333 8.80198e-07
3.56667 0.433333 1.15285e-06
3.63333 0.433333 1.08559e-06
3.7 0.433333 8.96158e-07
3.76667 0.433333 6.87994e-07
3.83333 0.433333 5.0417e-07
3.9 0.433333 3.57634e-07
3.96667 0.433333 2.47661e-07
4.03333 0.433333 1.68366e-07
4.1 0.433333 1.12797e-07
4.16667 0.433333 7.46725e-08
4.23333 0.433333 4.89397e-08
4.3 0.433333 3.1791e-08
4.36667 0.433333 2.04782e-08
4.43333 0.433333 1.30754e-08
4.5 0.433333 8.26192e-09
4.56667 0.433333 5.14628e-09
4.63333 0.433333 3.13371e-09
4.7 0.433333 1.82969e-09
4.76667 0.433333 9.72095e-10
4.83333 0.433333 3.83576e-10
4.9 0.433333 6.21922e-11
4.96667 0.433333 4.66144e-10
0.0333333 0.5 3.21884e-05
0.1 0.5 6.21249e-05
0.166667 0.5 9.44103e-05
0.233333 0.5 5.0382e-05
0.3 0.5 9.08804e-05
0.366667 0.5 0.000251445
0.433333 0.5 0.00031725
0.5 0.5 0.00025854
0.566667 0.5 0.00016808
0.633333 0.5 9.78416e-05
0.7 0.5 1.43169e-05
0.766667 0.5 0.000122624
0.833333 0.5 0.000195826
0.9 0.5 0.000103718
0.966667 0.5 9.68846e-05
1.03333 0.5 9.66284e-05
1.1 0.5 9.18129e-05
1.16667 0.5 8.15704e-05
1.23333 0.5 7.86478e-05
1.3 0.5 6.84379e-05
1.36667 0.5 7.34571e-05
1.43333 0.5 4.31073e-05
1.5 0.5 4.07932e-05
1.56667 0.5 0.000101039
1.63333 0.5 0.000101925
1.7 0.5 6.03123e-05
1.76667 0.5 2.86263e-05
1.83333 0.5 1.34716e-05
1.9 0.5 7.1297e-06
1.96667 0.5 4.79704e-06
2.03333 0.5 4.0089e-06
2.1 0.5 3.53182e-06
2.16667 0.5 2.77371e-06
2.23333 0.5 1.47194e-06
2.3 0.5 4.62562e-07
2.36667 0.5 3.01909e-06
2.43333 0.5 6.11865e-06
2.5 0.5 9.62576e-06
2.56667 0.5 1.33545e-05
2.63333 0.5 1.70785e-05
2.7 0.5 2.05535e-05
2.76667 0.5 2.35621e-05
2.83333 0.5 2.59993e-05
2.9 0.5 2.80669e-05
2.96667 0.5 3.0814e-05
3.03333 0.5 4.13614e-05
3.1 0.5 9.05909e-05
3.16667 0.5 6.16176e-05
3.23333 0.5 2.24387e-05
3.3 0.5 8.75904e-06
3.36667 0.5 2.65291e-06
3.43333 0.5 2.43011e-08
3.5 0.5 1.04448e-06
3.56667 0.5 1.28092e-06
3.63333 0.5 1.17942e-06
3.7 0.5 9.62514e-07
3.76667 0.5 7.3384e-07
3.83333 0.5 5.35315e-07
3.9 0.5 3.78518e-07
3.96667 0.5 2.61517e-07
4.03333 0.5 1.77478e-07
4.1 0.5 1.18746e-07
4.16667 0.5 7.8532e-08
4.23333 0.5 5.14305e-08
4.3 0.5 3.33916e-08
4.36667 0.5 2.15032e-08
4.43333 0.5 1.373e-08
4.5 0.5 8.67909e-09
4.56667 0.5 5.4117e-09
4.63333 0.5 3.30214e-09
4.7 0.5 1.93584e-09
4.76667 0.5 1.03758e-09
4.83333 0.5 4.21342e-10
4.9 0.5 4.51825e-11
4.96667 0.5 4.67431e-10
0.0333333 0.566667 6.95623e-06
0.1 0.566667 3.0441e-05
0.166667 0.566667 2.37796e-05
0.233333 0.566667 2.87126e-05
0.3 0.566667 0.000114078
0.366667 0.566667 0.000192153
0.433333 0.566667 0.000217792
0.5 0.566667 0.000184433
0.566667 0.566667 0.000120625
0.633333 0.566667 5.95164e-05
0.7 0.566667 4.3284e-05
0.766667 0.566667 0.000140061
0.833333 0.566667 0.000205854
0.9 0.566667 0.000104051
0.966667 0.566667 9.82781e-05
1.03333 0.566667 9.59323e-05
1.1 0.566667 9.44509e-05
1.16667 0.566667 9.23221e-05
1.23333 0.566667 8.88676e-05
1.3 0.566667 8.43374e-05
1.36667 0.566667 0.000124005
1.43333 0.566667 7.99212e-05
1.5 0.566667 8.0705e-05
1.56667 0.566667 0.000217315
1.63333 0.566667 0.000195717
1.7 0.566667 7.43053e-05
1.76667 0.566667 3.23087e-05
1.83333 0.566667 1.45764e-05
1.9 0.566667 7.56396e-06
1.96667 0.566667 5.0855e-06
2.03333 0.566667 4.28355e-06
2.1 0.566667 3.82468e-06
2.16667 0.566667 3.09674e-06
2.23333 0.566667 1.83965e-06
2.3 0.566667 2.8279e-08
2.36667 0.566667 2.48924e-06
2.43333 0.566667 5.45817e-06
2.5 0.566667 8.79339e-06
2.56667 0.566667 1.22998e-05
2.63333 0.566667 1.57339e-05
2.7 0.566667 1.8815e-05
2.76667 0.566667 2.12472e-05
2.83333 0.566667 2.27436e-05
2.9 0.566667 2.30208e-05
2.96667 0.566667 2.16624e-05
3.03333 0.566667 1.4548e-05
3.1 0.566667 3.41624e-05
3.16667 0.566667 4.68641e-05
3.23333 0.566667 2.06392e-05
3.3 0.566667 8.46978e-06
3.36667 0.566667 2.73722e-06
3.43333 0.566667 1.35579e-07
3.5 0.566667 8.93741e-07
3.56667 0.566667 1.16028e-06
3.63333 0.566667 1.08962e-06
3.7 0.566667 8.98322e-07
3.76667 0.566667 6.89143e-07
3.83333 0.566667 5.04771e-07
3.9 0.566667 3.57942e-07
3.96667 0.566667 2.47814e-07
4.03333 0.566667 1.68437e-07
4.1 0.566667 1.12827e-07
4.16667 0.566667 7.4682e-08
4.23333 0.566667 4.89394e-08
4.3 0.566667 3.17865e-08
4.36667 0.566667 2.04723e-08
4.43333 0.566667 1.30694e-08
4.5 0.566667 8.25637e-09
4.56667 0.566667 5.14138e-09
4.63333 0.566667 3.12946e-09
4.7 0.566667 1.82603e-09
4.76667 0.566667 9.68897e-10
4.83333 0.566667 3.80725e-10
4.9 0.566667 6.48166e-11
4.96667 0.566667 4.68662e-10
0.0333333 0.633333 9.27584e-06
0.1 0.633333 1.03871e-05
0.166667 0.633333 1.06485e-05
0.233333 0.633333 5.16735e-05
0.3 0.633333 0.000101252
0.366667 0.633333 0.000138751
0.433333 0.633333 0.000146162
0.5 0.633333 0.000120485
0.566667 0.633333 7.27382e-05
0.633333 0.633333 1.6279e-05
0.7 0.633333 5.76122e-05
0.766667 0.633333 0.000116698
0.833333 0.633333 0.000150798
0.9 0.633333 9.42454e-05
0.966667 0.633333 8.89922e-05
1.03333 0.633333 8.69492e-05
1.1 0.633333 8.55257e-05
1.16667 0.633333 8.34332e-05
1.23333 0.633333 7.99909e-05
1.3 0.633333 9.41271e-05
1.36667 0.633333 0.000104731
1.43333 0.633333 5.51726e-05
1.5 0.633333 2.92523e-06
1.56667 0.633333 0.000224831
1.63333 0.633333 0.000249116
1.7 0.633333 7.98253e-05
1.76667 0.633333 3.30537e-05
1.83333 0.633333 1.48698e-05
1.9 0.633333 7.69091e-06
1.96667 0.633333 5.07499e-06
2.03333 0.633333 4.1634e-06
2.1 0.633333 3.64384e-06
2.16667 0.633333 2.92314e-06
2.23333 0.633333 1.75514e-06
2.3 0.633333 6.75926e-08
2.36667 0.633333 2.1155e-06
2.43333 0.633333 4.70467e-06
2.5 0.633333 7.55305e-06
2.56667 0.633333 1.04548e-05
2.63333 0.633333 1.31409e-05
2.7 0.633333 1.52735e-05
2.76667 0.633333 1.64338e-05
2.83333 0.633333 1.60757e-05
2.9 0.633333 1.33616e-05
2.96667 0.633333 6.49084e-06
3.03333 0.633333 8.63579e-06
3.1 0.633333 2.25061e-05
3.16667 0.633333 2.42064e-05
3.23333 0.633333 1.59782e-05
3.3 0.633333 7.56203e-06
3.36667 0.633333 2.84256e-06
3.43333 0.633333 4.89801e-07
3.5 0.633333 5.3126e-07
3.56667 0.633333 8.59469e-07
3.63333 0.633333 8.60858e-07
3.7 0.633333 7.32449e-07
3.76667 0.633333 5.7246e-07
3.83333 0.633333 4.24419e-07
3.9 0.633333 3.03487e-07
3.96667 0.633333 2.11371e-07
4.03333 0.633333 1.44297e-07
4.1 0.633333 9.69688e-08
4.16667 0.633333 6.43368e-08
4.23333 0.633333 4.22288e-08
4.3 0.633333 2.74538e-08
4.36667 0.633333 1.76852e-08
4.43333 0.633333 1.12817e-08
4.5 0.633333 7.11229e-09
4.56667 0.633333 4.41068e-09
4.63333 0.633333 2.66417e-09
4.7 0.633333 1.53189e-09
4.76667 0.633333 7.86896e-10
4.83333 0.633333 2.75217e-10
4.9 0.633333 1.13324e-10
4.96667 0.633333 4.67521e-10
0.0333333 0.7 1.62678e-05
0.1 0.7 1.23928e-06
0.166667 0.7 2.05964e-05
0.233333 0.7 4.82713e-05
0.3 0.7 7.56989e-05
0.366667 0.7 9.32208e-05
0.433333 0.7 9.29262e-05
0.5 0.7 7.33276e-05
0.566667 0.7 3.91822e-05
0.633333 0.7 1.77181e-06
0.7 0.7 3.94275e-05
0.766667 0.7 6.40516e-05
0.833333 0.7 7.34125e-05
0.9 0.7 7.27139e-05
0.966667 0.7 6.95093e-05
1.03333 0.7 6.68427e-05
1.1 0.7 6.40355e-05
1.16667 0.7 5.99502e-05
1.23333 0.7 5.35829e-05
1.3 0.7 7.69336e-05
1.36667 0.7 4.44721e-05
1.43333 0.7 6.72683e-06
1.5 0.7 0.000108779
1.56667 0.7 0.000196551
1.63333 0.7 0.00014959
1.7 0.7 6.68531e-05
1.76667 0.7 2.98318e-05
1.83333 0.7 1.41001e-05
1.9 0.7 7.39264e-06
1.96667 0.7 4.69045e-06
2.03333 0.7 3.5908e-06
2.1 0.7 2.94199e-06
2.16667 0.7 2.21303e-06
2.23333 0.7 1.18203e-06
2.3 0.7 2.14814e-07
2.36667 0.7 1.95303e-06
2.43333 0.7 3.9478e-06
2.5 0.7 6.06048e-06
2.56667 0.7 8.09487e-06
2.63333 0.7 9.78909e-06
2.7 0.7 1.08059e-05
2.76667 0.7 1.07207e-05
2.83333 0.7 9.00547e-06
2.9 0.7 5.01584e-06
2.96667 0.7 1.77577e-06
3.03333 0.7 9.74132e-06
3.1 0.7 1.51294e-05
3.16667 0.7 1.51628e-05
3.23333 0.7 1.10779e-05
3.3 0.7 6.30644e-06
3.36667 0.7 2.89211e-06
3.43333 0.7 9.37588e-07
3.5 0.7 3.03026e-08
3.56667 0.7 4.24918e-07
3.63333 0.7 5.2108e-07
3.7 0.7 4.81359e-07
3.76667 0.7 3.93414e-07
3.83333 0.7 2.99873e-07
3.9 0.7 2.18427e-07
3.96667 0.7 1.54096e-07
4.03333 0.7 1.06161e-07
4.1 0.7 7.18048e-08
4.16667 0.7 4.78537e-08
4.23333 0.7 3.14961e-08
4.3 0.7 2.0499e-08
4.36667 0.7 1.31958e-08
4.43333 0.7 8.39277e-09
4.5 0.7 5.25792e-09
4.56667 0.7 3.22334e-09
4.63333 0.7 1.90668e-09
4.7 0.7 1.05254e-09
4.76667 0.7 4.90161e-10
4.83333 0.7 1.03121e-10
4.9 0.7 1.92689e-10
4.96667 0.7 4.66321e-10
0.0333333 0.766667 1.61907e-05
0.1 0.766667 1.08415e-06
0.166667 0.766667 1.74455e-05
0.233333 0.766667 3.35896e-05
0.3 0.766667 4.73318e-05
0.366667 0.766667 5.45647e-05
0.433333 0.766667 5.18663e-05
0.5 0.766667 3.86448e-05
0.566667 0.766667 1.75833e-05
0.633333 0.766667 6.25932e-06
0.7 0.766667 2.71209e-05
0.766667 0.766667 4.08244e-05
0.833333 0.766667 4.6515e-05
0.9 0.766667 4.64459e-05
0.966667 0.766667 4.36655e-05
1.03333 0.766667 3.99429e-05
1.1 0.766667 3.54005e-05
1.16667 0.766667 2.9289e-05
1.23333 0.766667 2.05793e-05
1.3 0.766667 2.3566e-05
1.36667 0.766667 1.2371e-05
1.43333 0.766667 3.65922e-05
1.5 0.766667 8.17176e-05
1.56667 0.766667 9.8002e-05
1.63333 0.766667 7.56274e-05
1.7 0.766667 4.11714e-05
1.76667 0.766667 2.25056e-05
1.83333 0.766667 1.13474e-05
1.9 0.766667 5.95712e-06
1.96667 0.766667 3.51498e-06
2.03333 0.766667 2.37568e-06
2.1 0.766667 1.68452e-06
2.16667 0.766667 1.02836e-06
2.23333 0.766667 2.31617e-07
2.3 0.766667 7.5501e-07
2.36667 0.766667 1.90956e-06
2.43333 0.766667 3.16227e-06
2.5 0.766667 4.40208e-06
2.56667 0.766667 5.4747e-06
2.63333 0.766667 6.17837e-06
2.7 0.766667 6.26298e-06
2.76667 0.766667 5.44219e-06
2.83333 0.766667 3.44042e-06
2.9 0.766667 1.39625e-07
2.96667 0.766667 4.0444e-06
3.03333 0.766667 7.92822e-06
3.1 0.766667 1.0023e-05
3.16667 0.766667 9.64574e-06
3.23333 0.766667 7.45621e-06
3.3 0.766667 4.78299e-06
3.36667 0.766667 2.5959e-06
3.43333 0.766667 1.1649e-06
3.5 0.766667 3.5646e-07
3.56667 0.766667 3.95499e-08
3.63333 0.766667 1.96297e-07
3.7 0.766667 2.29448e-07
3.76667 0.766667 2.07525e-07
3.83333 0.766667 1.67196e-07
3.9 0.766667 1.25958e-07
3.96667 0.766667 9.07866e-08
4.03333 0.766667 6.34057e-08
4.1 0.766667 4.32401e-08
4.16667 0.766667 2.89324e-08
4.23333 0.766667 1.90485e-08
4.3 0.766667 1.23558e-08
4.36667 0.766667 7.8931e-09
4.43333 0.766667 4.95323e-09
4.5 0.766667 3.035e-09
4.56667 0.766667 1.79242e-09
4.63333 0.766667 9.90829e-10
4.7 0.766667 4.72751e-10
4.76667 0.766667 1.32452e-10
4.83333 0.766667 1.02604e-10
4.9 0.766667 2.85681e-10
4.96667 0.766667 4.62166e-10
0.0333333 0.833333 1.17318e-05
0.1 0.833333 4.06573e-07
0.166667 0.833333 8.74365e-06
0.233333 0.833333 1.50513e-05
0.3 0.833333 1.92754e-05
0.366667 0.833333 2.01714e-05
0.433333 0.833333 1.67e-05
0.5 0.833333 9.00464e-06
0.566667 0.833333 1.34541e-06
0.633333 0.833333 1.18311e-05
0.7 0.833333 1.99279e-05
0.766667 0.833333 2.40893e-05
0.833333 0.833333 2.42389e-05
0.9 0.833333 2.14393e-05
0.966667 0.833333 1.70279e-05
1.03333 0.833333 1.18726e-05
1.1 0.833333 6.16301e-06
1.16667 0.833333 3.9546e-07
1.23333 0.833333 8.29382e-06
1.3 0.833333 1.79705e-05
1.36667 0.833333 1.47476e-05
1.43333 0.833333 3.36473e-05
1.5 0.833333 4.23357e-05
1.56667 0.833333 4.20401e-05
1.63333 0.833333 3.58083e-05
1.7 0.833333 2.21402e-05
1.76667 0.833333 1.18501e-05
1.83333 0.833333 5.6691e-06
1.9 0.833333 2.47427e-06
1.96667 0.833333 9.53787e-07
2.03333 0.833333 2.30851e-07
2.1 0.833333 1.89758e-07
2.16667 0.833333 5.48018e-07
2.23333 0.833333 9.3815e-07
2.3 0.833333 1.37615e-06
2.36667 0.833333 1.83619e-06
2.43333 0.833333 2.26756e-06
2.5 0.833333 2.60095e-06
2.56667 0.833333 2.74988e-06
2.63333 0.833333 2.6121e-06
2.7 0.833333 2.07674e-06
2.76667 0.833333 1.04668e-06
2.83333 0.833333 5.08167e-07
2.9 0.833333 2.45721e-06
2.96667 0.833333 4.42998e-06
3.03333 0.833333 5.87632e-06
3.1 0.833333 6.33446e-06
3.16667 0.833333 5.73021e-06
3.23333 0.833333 4.42467e-06
3.3 0.833333 2.95415e-06
3.36667 0.833333 1.71675e-06
3.43333 0.833333 8.56575e-07
3.5 0.833333 3.38725e-07
3.56667 0.833333 6.52846e-08
3.63333 0.833333 5.70421e-08
3.7 0.833333 9.66253e-08
3.76667 0.833333 9.6504e-08
3.83333 0.833333 8.08505e-08
3.9 0.833333 6.17923e-08
3.96667 0.833333 4.45705e-08
4.03333 0.833333 3.08634e-08
4.1 0.833333 2.07127e-08
4.16667 0.833333 1.35418e-08
4.23333 0.833333 8.64308e-09
4.3 0.833333 5.38055e-09
4.36667 0.833333 3.25109e-09
4.43333 0.833333 1.88418e-09
4.5 0.833333 1.01914e-09
4.56667 0.833333 4.7823e-10
4.63333 0.833333 1.42843e-10
4.7 0.833333 6.51494e-11
4.76667 0.833333 1.97255e-10
4.83333 0.833333 2.88434e-10
4.9 0.833333 3.64848e-10
4.96667 0.833333 4.50572e-10
0.0333333 0.9 5.91738e-06
0.1 0.9 2.00057e-06
0.166667 0.9 2.45624e-06
0.233333 0.9 4.92248e-06
0.3 0.9 8.47253e-06
0.366667 0.9 1.26301e-05
0.433333 0.9 1.68532e-05
0.5 0.9 2.03884e-05
0.566667 0.9 2.23803e-05
0.633333 0.9 2.21215e-05
0.7 0.9 1.93157e-05
0.766667 0.9 1.42148e-05
0.833333 0.9 7.52876e-06
0.9 0.9 1.43777e-07
0.966667 0.9 7.18503e-06
1.03333 0.9 1.39932e-05
1.1 0.9 2.00712e-05
1.16667 0.9 2.53119e-05
1.23333 0.9 2.95392e-05
1.3 0.9 3.23518e-05
1.36667 0.9 3.30301e-05
1.43333 0.9 3.07762e-05
1.5 0.9 2.52925e-05
1.56667 0.9 1.74929e-05
1.63333 0.9 9.41953e-06
1.7 0.9 3.02751e-06
1.76667 0.9 8.8313e-07
1.83333 0.9 2.68011e-06
1.9 0.9 3.20106e-06
1.96667 0.9 3.14177e-06
2.03333 0.9 2.89508e-06
2.1 0.9 2.63083e-06
2.16667 0.9 2.39228e-06
2.23333 0.9 2.16226e-06
2.3 0.9 1.90205e-06
2.36667 0.9 1.57114e-06
2.43333 0.9 1.13659e-06
2.5 0.9 5.77481e-07
2.56667 0.9 1.12159e-07
2.63333 0.9 9.20248e-07
2.7 0.9 1.81191e-06
2.76667 0.9 2.72211e-06
2.83333 0.9 3.54755e-06
2.9 0.9 4.14837e-06
2.96667 0.9 4.37771e-06
3.03333 0.9 4.14535e-06
3.1 0.9 3.48367e-06
3.16667 0.9 2.55904e-06
3.23333 0.9 1.60349e-06
3.3 0.9 8.09958e-07
3.36667 0.9 2.66105e-07
3.43333 0.9 4.04485e-08
3.5 0.9 1.7369e-07
3.56667 0.9 2.03308e-07
3.63333 0.9 1.8232e-07
3.7 0.9 1.43562e-07
3.76667 0.9 1.04156e-07
3.83333 0.9 7.12118e-08
3.9 0.9 4.64136e-08
3.96667 0.9 2.89894e-08
4.03333 0.9 1.73569e-08
4.1 0.9 9.90929e-09
4.16667 0.9 5.31687e-09
4.23333 0.9 2.5881e-09
4.3 0.9 1.03125e-09
4.36667 0.9 1.86327e-10
4.43333 0.9 2.41025e-10
4.5 0.9 4.33068e-10
4.56667 0.9 4.9924e-10
4.63333 0.9 5.03325e-10
4.7 0.9 4.81458e-10
4.76667 0.9 4.53723e-10
4.83333 0.9 4.31545e-10
4.9 0.9 4.22685e-10
4.96667 0.9 4.35881e-10
0.0333333 0.966667 2.0068e-06
0.1 0.966667 6.71273e-06
0.166667 0.966667 1.54166e-05
0.233333 0.966667 2.61332e-05
0.3 0.966667 3.72134e-05
0.366667 0.966667 4.67308e-05
0.433333 0.966667 5.27168e-05
0.5 0.966667 5.36968e-05
0.566667 0.966667 4.91448e-05
0.633333 0.966667 3.96267e-05
0.7 0.966667 2.65873e-05
0.766667 0.966667 1.18899e-05
0.833333 0.966667 2.6955e-06
0.9 0.966667 1.58581e-05
0.966667 0.966667 2.68502e-05
1.03333 0.966667 3.53422e-05
1.1 0.966667 4.11516e-05
1.16667 0.966667 4.39961e-05
1.23333 0.966667 4.33877e-05
1.3 0.966667 3.87701e-05
1.36667 0.966667 2.99907e-05
1.43333 0.966667 1.79566e-05
1.5 0.966667 4.89982e-06
1.56667 0.966667 6.31181e-06
1.63333 0.966667 1.35449e-05
1.7 0.966667 1.6363e-05
1.76667 0.966667 1.58483e-05
1.83333 0.966667 1.36346e-05
1.9 0.966667 1.10342e-05
1.96667 0.966667 8.73084e-06
2.03333 0.966667 6.90675e-06
2.1 0.966667 5.48592e-06
2.16667 0.966667 4.31101e-06
2.23333 0.966667 3.22962e-06
2.3 0.966667 2.12635e-06
2.36667 0.966667 9.31378e-07
2.43333 0.966667 3.7849e-07
2.5 0.966667 1.7799e-06
2.56667 0.966667 3.20252e-06
2.63333 0.966667 4.52971e-06
2.7 0.966667 5.60447e-06
2.76667 0.966667 6.24778e-06
2.83333 0.966667 6.29761e-06
2.9 0.966667 5.66914e-06
2.96667 0.966667 4.41757e-06
3.03333 0.966667 2.7632e-06
3.1 0.966667 1.04286e-06
3.16667 0.966667 4.05483e-07
3.23333 0.966667 1.36452e-06
3.3 0.966667 1.79499e-06
3.36667 0.966667 1.80412e-06
3.43333 0.966667 1.5619e-06
3.5 0.966667 1.22345e-06
3.56667 0.966667 8.91177e-07
3.63333 0.966667 6.14134e-07
3.7 0.966667 4.04848e-07
3.76667 0.966667 2.57044e-07
3.83333 0.966667 1.57749e-07
3.9 0.966667 9.36441e-08
3.96667 0.966667 5.36398e-08
4.03333 0.966667 2.94441e-08
4.1 0.966667 1.52603e-08
4.16667 0.966667 7.22534e-09
4.23333 0.966667 2.85835e-09
4.3 0.966667 6.14692e-10
4.36667 0.966667 4.40827e-10
4.43333 0.966667 8.59101e-10
4.5 0.966667 9.55372e-10
4.56667 0.966667 9.04115e-10
4.63333 0.966667 7.97964e-10
4.7 0.966667 6.83421e-10
4.76667 0.966667 5.82004e-10
4.83333 0.966667 5.02532e-10
4.9 0.966667 4.48275e-10
4.96667 0.966667 4.21874e-10
