0.0333333 0.0333333 1.00225e-06
0.1 0.0333333 3.85171e-06
0.166667 0.0333333 9.12628e-06
0.233333 0.0333333 1.59395e-05
0.3 0.0333333 2.30027e-05
0.366667 0.0333333 2.88636e-05
0.433333 0.0333333 3.23677e-05
0.5 0.0333333 3.30736e-05
0.566667 0.0333333 3.1299e-05
0.633333 0.0333333 2.77939e-05
0.7 0.0333333 2.3354e-05
0.766667 0.0333333 1.86291e-05
0.833333 0.0333333 1.4102e-05
0.9 0.0333333 1.01067e-05
0.966667 0.0333333 6.8293e-06
1.03333 0.0333333 4.31546e-06
1.1 0.0333333 2.50301e-06
1.16667 0.0333333 1.27015e-06
1.23333 0.0333333 4.79871e-07
1.3 0.0333333 8.02515e-09
1.36667 0.0333333 2.45455e-07
1.43333 0.0333333 3.56113e-07
1.5 0.0333333 3.78885e-07
1.56667 0.0333333 3.52537e-07
1.63333 0.0333333 3.03317e-07
1.7 0.0333333 2.47824e-07
1.76667 0.0333333 1.95431e-07
1.83333 0.0333333 1.50453e-07
1.9 0.0333333 1.14023e-07
1.96667 0.0333333 8.55654e-08
2.03333 0.0333333 6.3814e-08
2.1 0.0333333 4.741e-08
2.16667 0.0333333 3.51873e-08
2.23333 0.0333333 2.62591e-08
2.3 0.0333333 2.00011e-08
2.36667 0.0333333 1.59973e-08
2.43333 0.0333333 1.39764e-08
2.5 0.0333333 1.37552e-08
2.56667 0.0333333 1.51848e-08
2.63333 0.0333333 1.80982e-08
2.7 0.0333333 2.22507e-08
2.76667 0.0333333 2.72551e-08
2.83333 0.0333333 3.25245e-08
2.9 0.0333333 3.72674e-08
2.96667 0.0333333 4.05906e-08
3.03333 0.0333333 4.17296e-08
3.1 0.0333333 4.0325e-08
3.16667 0.0333333 3.65886e-08
3.23333 0.0333333 3.12352e-08
3.3 0.0333333 2.52115e-08
3.36667 0.0333333 1.93761e-08
3.43333 0.0333333 1.4296e-08
3.5 0.0333333 1.02104e-08
3.56667 0.0333333 7.11224e-09
3.63333 0.0333333 4.86169e-09
3.7 0.0333333 3.27699e-09
3.76667 0.0333333 2.18595e-09
3.83333 0.0333333 1.4469e-09
3.9 0.0333333 9.52158e-10
3.96667 0.0333333 6.23818e-10
4.03333 0.0333333 4.07287e-10
4.1 0.0333333 2.65151e-10
4.16667 0.0333333 1.72166e-10
4.23333 0.0333333 1.11485e-10
4.3 0.0333333 7.19541e-11
4.36667 0.0333333 4.62347e-11
4.43333 0.0333333 2.95167e-11
4.5 0.0333333 1.86587e-11
4.56667 0.0333333 1.1614e-11
4.63333 0.0333333 7.05258e-12
4.7 0.0333333 4.11241e-12
4.76667 0.0333333 2.23788e-12
4.83333 0.0333333 1.07478e-12
4.9 0.0333333 4.03387e-13
4.96667 0.0333333 9.67939e-14
0.0333333 0.1 3.78246e-06
0.1 0.1 5.69092e-06
0.166667 0.1 9.50715e-06
0.233333 0.1 1.46636e-05
0.3 0.1 2.01166e-05
0.366667 0.1 2.46091e-05
0.433333 0.1 2.71981e-05
0.5 0.1 2.76667e-05
0.566667 0.1 2.63946e-05
0.633333 0.1 2.39032e-05
0.7 0.1 2.06119e-05
0.766667 0.1 1.68604e-05
0.833333 0.1 1.30204e-05
0.9 0.1 9.4587e-06
0.966667 0.1 6.44251e-06
1.03333 0.1 4.08763e-06
1.1 0.1 2.37289e-06
1.16667 0.1 1.19654e-06
1.23333 0.1 4.3356e-07
1.3 0.1 2.95777e-08
1.36667 0.1 2.83003e-07
1.43333 0.1 3.94442e-07
1.5 0.1 4.14246e-07
1.56667 0.1 3.79992e-07
1.63333 0.1 3.19351e-07
1.7 0.1 2.51545e-07
1.76667 0.1 1.8838e-07
1.83333 0.1 1.35587e-07
1.9 0.1 9.45726e-08
1.96667 0.1 6.42498e-08
2.03333 0.1 4.25312e-08
2.1 0.1 2.72709e-08
2.16667 0.1 1.67029e-08
2.23333 0.1 9.54292e-09
2.3 0.1 4.92672e-09
2.36667 0.1 2.30143e-09
2.43333 0.1 1.32139e-09
2.5 0.1 1.76522e-09
2.56667 0.1 3.47242e-09
2.63333 0.1 6.29352e-09
2.7 0.1 1.00488e-08
2.76667 0.1 1.44926e-08
2.83333 0.1 1.92788e-08
2.9 0.1 2.39247e-08
2.96667 0.1 2.78047e-08
3.03333 0.1 3.02374e-08
3.1 0.1 3.06975e-08
3.16667 0.1 2.90595e-08
3.23333 0.1 2.5697e-08
3.3 0.1 2.134e-08
3.36667 0.1 1.67804e-08
3.43333 0.1 1.26159e-08
3.5 0.1 9.15591e-09
3.56667 0.1 6.4674e-09
3.63333 0.1 4.47552e-09
3.7 0.1 3.04933e-09
3.76667 0.1 2.05325e-09
3.83333 0.1 1.37018e-09
3.9 0.1 9.08074e-10
3.96667 0.1 5.98612e-10
4.03333 0.1 3.92947e-10
4.1 0.1 2.57049e-10
4.16667 0.1 1.67639e-10
4.23333 0.1 1.09007e-10
4.3 0.1 7.06508e-11
4.36667 0.1 4.56056e-11
4.43333 0.1 2.9275e-11
4.5 0.1 1.86399e-11
4.56667 0.1 1.17235e-11
4.63333 0.1 7.23589e-12
4.7 0.1 4.33804e-12
4.76667 0.1 2.4875e-12
4.83333 0.1 1.33772e-12
4.9 0.1 6.73463e-13
4.96667 0.1 3.70655e-13
0.0333333 0.166667 8.7863e-06
0.1 0.166667 8.73493e-06
0.166667 0.166667 9.72169e-06
0.233333 0.166667 1.17823e-05
0.3 0.166667 1.45498e-05
0.366667 0.166667 1.70309e-05
0.433333 0.166667 1.83823e-05
0.5 0.166667 1.86438e-05
0.566667 0.166667 1.82451e-05
0.633333 0.166667 1.75354e-05
0.7 0.166667 1.62205e-05
0.766667 0.166667 1.41087e-05
0.833333 0.166667 1.14055e-05
0.9 0.166667 8.53844e-06
0.966667 0.166667 5.9285e-06
1.03333 0.166667 3.81968e-06
1.1 0.166667 2.25614e-06
1.16667 0.166667 1.16163e-06
1.23333 0.166667 4.27069e-07
1.3 0.166667 4.26121e-08
1.36667 0.166667 3.18356e-07
1.43333 0.166667 4.51578e-07
1.5 0.166667 4.81955e-07
1.56667 0.166667 4.43582e-07
1.63333 0.166667 3.6709e-07
1.7 0.166667 2.78144e-07
1.76667 0.166667 1.94869e-07
1.83333 0.166667 1.26841e-07
1.9 0.166667 7.64614e-08
1.96667 0.166667 4.17505e-08
2.03333 0.166667 1.9052e-08
2.1 0.166667 4.7693e-09
2.16667 0.166667 3.91484e-09
2.23333 0.166667 8.95475e-09
2.3 0.166667 1.16149e-08
2.36667 0.166667 1.26835e-08
2.43333 0.166667 1.26484e-08
2.5 0.166667 1.1822e-08
2.56667 0.166667 1.04247e-08
2.63333 0.166667 8.63292e-09
2.7 0.166667 6.59855e-09
2.76667 0.166667 4.43404e-09
2.83333 0.166667 2.15679e-09
2.9 0.166667 3.9059e-10
2.96667 0.166667 3.43712e-09
3.03333 0.166667 6.97571e-09
3.1 0.166667 1.04829e-08
3.16667 0.166667 1.30853e-08
3.23333 0.166667 1.4106e-08
3.3 0.166667 1.34863e-08
3.36667 0.166667 1.17219e-08
3.43333 0.166667 9.47497e-09
3.5 0.166667 7.25824e-09
3.56667 0.166667 5.34453e-09
3.63333 0.166667 3.82134e-09
3.7 0.166667 2.6726e-09
3.76667 0.166667 1.83815e-09
3.83333 0.166667 1.24816e-09
3.9 0.166667 8.39202e-10
3.96667 0.166667 5.59921e-10
4.03333 0.166667 3.71329e-10
4.1 0.166667 2.45068e-10
4.16667 0.166667 1.61092e-10
4.23333 0.166667 1.05523e-10
4.3 0.166667 6.88958e-11
4.36667 0.166667 4.4827e-11
4.43333 0.166667 2.90489e-11
4.5 0.166667 1.87268e-11
4.56667 0.166667 1.19883e-11
4.63333 0.166667 7.60194e-12
4.7 0.166667 4.76184e-12
4.76667 0.166667 2.94444e-12
4.83333 0.166667 1.81399e-12
4.9 0.166667 1.16167e-12
4.96667 0.166667 8.67198e-13
0.0333333 0.233333 1.50511e-05
0.1 0.233333 1.22491e-05
0.166667 0.233333 9.03406e-06
0.233333 0.233333 6.74608e-06
0.3 0.233333 6.05858e-06
0.366667 0.233333 6.83133e-06
0.433333 0.233333 7.93296e-06
0.5 0.233333 7.13182e-06
0.566667 0.233333 7.62705e-06
0.633333 0.233333 9.29198e-06
0.7 0.233333 1.05232e-05
0.766667 0.233333 1.06094e-05
0.833333 0.233333 9.43752e-06
0.9 0.233333 7.47818e-06
0.966667 0.233333 5.3849e-06
1.03333 0.233333 3.60017e-06
1.1 0.233333 2.24561e-06
1.16667 0.233333 1.2579e-06
1.23333 0.233333 5.47175e-07
1.3 0.233333 4.58051e-08
1.36667 0.233333 2.89757e-07
1.43333 0.233333 4.84681e-07
1.5 0.233333 5.57678e-07
1.56667 0.233333 5.32862e-07
1.63333 0.233333 4.44084e-07
1.7 0.233333 3.28965e-07
1.76667 0.233333 2.18393e-07
1.83333 0.233333 1.29687e-07
1.9 0.233333 6.70864e-08
1.96667 0.233333 2.69295e-08
2.03333 0.233333 3.01116e-09
2.1 0.233333 1.03059e-08
2.16667 0.233333 1.71272e-08
2.23333 0.233333 2.01427e-08
2.3 0.233333 2.10264e-08
2.36667 0.233333 2.07994e-08
2.43333 0.233333 2.00928e-08
2.5 0.233333 1.93216e-08
2.56667 0.233333 1.87924e-08
2.63333 0.233333 1.87646e-08
2.7 0.233333 1.94723e-08
2.76667 0.233333 2.11047e-08
2.83333 0.233333 2.37177e-08
2.9 0.233333 2.69574e-08
2.96667 0.233333 2.91541e-08
3.03333 0.233333 2.79371e-08
3.1 0.233333 2.21087e-08
3.16667 0.233333 1.32484e-08
3.23333 0.233333 4.58958e-09
3.3 0.233333 1.46652e-09
3.36667 0.233333 4.46097e-09
3.43333 0.233333 5.2365e-09
3.5 0.233333 4.82769e-09
3.56667 0.233333 3.965e-09
3.63333 0.233333 3.04402e-09
3.7 0.233333 2.23707e-09
3.76667 0.233333 1.59527e-09
3.83333 0.233333 1.11326e-09
3.9 0.233333 7.64576e-10
3.96667 0.233333 5.18824e-10
4.03333 0.233333 3.48841e-10
4.1 0.233333 2.3289e-10
4.16667 0.233333 1.54622e-10
4.23333 0.233333 1.02212e-10
4.3 0.233333 6.73339e-11
4.36667 0.233333 4.42344e-11
4.43333 0.233333 2.89942e-11
4.5 0.233333 1.89713e-11
4.56667 0.233333 1.23996e-11
4.63333 0.233333 8.10663e-12
4.7 0.233333 5.31934e-12
4.76667 0.233333 3.53245e-12
4.83333 0.233333 2.42062e-12
4.9 0.233333 1.78109e-12
4.96667 0.233333 1.49724e-12
0.0333333 0.3 2.12181e-05
0.1 0.3 1.53606e-05
0.166667 0.3 7.11191e-06
0.233333 0.3 3.49122e-06
0.3 0.3 1.15442e-05
0.366667 0.3 3.75631e-06
0.433333 0.3 2.17603e-07
0.5 0.3 5.75301e-06
0.566667 0.3 3.82938e-06
0.633333 0.3 3.87483e-07
0.7 0.3 3.3905e-06
0.766667 0.3 6.1141e-06
0.833333 0.3 6.99694e-06
0.9 0.3 6.21131e-06
0.966667 0.3 4.75251e-06
1.03333 0.3 3.43968e-06
1.1 0.3 2.39537e-06
1.16667 0.3 1.5558e-06
1.23333 0.3 8.80541e-07
1.3 0.3 3.34198e-07
1.36667 0.3 9.98569e-08
1.43333 0.3 4.14183e-07
1.5 0.3 5.88737e-07
1.56667 0.3 6.19125e-07
1.63333 0.3 5.3553e-07
1.7 0.3 3.94938e-07
1.76667 0.3 2.52722e-07
1.83333 0.3 1.40963e-07
1.9 0.3 6.6534e-08
1.96667 0.3 2.23791e-08
2.03333 0.3 1.53652e-09
2.1 0.3 1.32296e-08
2.16667 0.3 1.79905e-08
2.23333 0.3 1.90737e-08
2.3 0.3 1.84168e-08
2.36667 0.3 1.71666e-08
2.43333 0.3 1.60207e-08
2.5 0.3 1.54383e-08
2.56667 0.3 1.57688e-08
2.63333 0.3 1.73301e-08
2.7 0.3 2.04614e-08
2.76667 0.3 2.5572e-08
2.83333 0.3 3.32167e-08
2.9 0.3 4.42603e-08
2.96667 0.3 5.97274e-08
3.03333 0.3 7.18717e-08
3.1 0.3 7.09318e-08
3.16667 0.3 5.50515e-08
3.23333 0.3 3.31533e-08
3.3 0.3 1.53041e-08
3.36667 0.3 4.64262e-09
3.43333 0.3 3.46744e-10
3.5 0.3 2.19348e-09
3.56667 0.3 2.54031e-09
3.63333 0.3 2.27146e-09
3.7 0.3 1.81777e-09
3.76667 0.3 1.36785e-09
3.83333 0.3 9.90148e-10
3.9 0.3 6.98157e-10
3.96667 0.3 4.83179e-10
4.03333 0.3 3.29875e-10
4.1 0.3 2.2295e-10
4.16667 0.3 1.49558e-10
4.23333 0.3 9.97793e-11
4.3 0.3 6.63184e-11
4.36667 0.3 4.39819e-11
4.43333 0.3 2.91522e-11
4.5 0.3 1.93502e-11
4.56667 0.3 1.28977e-11
4.63333 0.3 8.66938e-12
4.7 0.3 5.9177e-12
4.76667 0.3 4.15128e-12
4.83333 0.3 3.05252e-12
4.9 0.3 2.42322e-12
4.96667 0.3 2.1499e-12
0.0333333 0.366667 2.59351e-05
0.1 0.366667 1.75864e-05
0.166667 0.366667 5.03417e-06
0.233333 0.366667 1.29654e-05
0.3 0.366667 5.01896e-05
0.366667 0.366667 0.00129197
0.433333 0.366667 1.65287e-05
0.5 0.366667 1.64279e-05
0.566667 0.366667 1.50562e-05
0.633333 0.366667 1.16006e-05
0.7 0.366667 6.3596e-06
0.766667 0.366667 8.90812e-07
0.833333 0.366667 3.49616e-06
0.9 0.366667 4.32302e-06
0.966667 0.366667 3.86197e-06
1.03333 0.366667 3.33992e-06
1.1 0.366667 2.69413e-06
1.16667 0.366667 2.05435e-06
1.23333 0.366667 1.46028e-06
1.3 0.366667 9.07433e-07
1.36667 0.366667 3.77511e-07
1.43333 0.366667 1.07902e-07
1.5 0.366667 4.75745e-07
1.56667 0.366667 6.43682e-07
1.63333 0.366667 6.08089e-07
1.7 0.366667 4.50403e-07
1.76667 0.366667 2.75075e-07
1.83333 0.366667 1.42296e-07
1.9 0.366667 6.12838e-08
1.96667 0.366667 1.79652e-08
2.03333 0.366667 2.83618e-09
2.1 0.366667 1.11013e-08
2.16667 0.366667 1.28335e-08
2.23333 0.366667 1.14867e-08
2.3 0.366667 9.01191e-09
2.36667 0.366667 6.50807e-09
2.43333 0.366667 4.60719e-09
2.5 0.366667 3.6967e-09
2.56667 0.366667 4.04641e-09
2.63333 0.366667 5.8827e-09
2.7 0.366667 9.4408e-09
2.76667 0.366667 1.50332e-08
2.83333 0.366667 2.32277e-08
2.9 0.366667 3.54379e-08
2.96667 0.366667 5.68401e-08
3.03333 0.366667 1.09151e-07
3.1 0.366667 1.42391e-07
3.16667 0.366667 1.24151e-07
3.23333 0.366667 7.6991e-08
3.3 0.366667 3.54552e-08
3.36667 0.366667 1.41884e-08
3.43333 0.366667 4.35341e-09
3.5 0.366667 1.87199e-10
3.56667 0.366667 1.31056e-09
3.63333 0.366667 1.62834e-09
3.7 0.366667 1.47912e-09
3.76667 0.366667 1.18903e-09
3.83333 0.366667 8.95786e-10
3.9 0.366667 6.4854e-10
3.96667 0.366667 4.57279e-10
4.03333 0.366667 3.16528e-10
4.1 0.366667 2.16229e-10
4.16667 0.366667 1.46322e-10
4.23333 0.366667 9.8368e-11
4.3 0.366667 6.58583e-11
4.36667 0.366667 4.40148e-11
4.43333 0.366667 2.9439e-11
4.5 0.366667 1.97672e-11
4.56667 0.366667 1.33809e-11
4.63333 0.366667 9.18627e-12
4.7 0.366667 6.45201e-12
4.76667 0.366667 4.69518e-12
4.83333 0.366667 3.60276e-12
4.9 0.366667 2.97934e-12
4.96667 0.366667 2.71385e-12
0.0333333 0.433333 2.8192e-05
0.1 0.433333 1.87033e-05
0.166667 0.433333 4.44623e-06
0.233333 0.433333 1.49489e-05
0.3 0.433333 3.84127e-05
0.366667 0.433333 3.7886e-05
0.433333 0.433333 2.65482e-05
0.5 0.433333 2.30384e-05
0.566667 0.433333 2.26478e-05
0.633333 0.433333 2.20786e-05
0.7 0.433333 1.86323e-05
0.766667 0.433333 1.16196e-05
0.833333 0.433333 3.02331e-06
0.9 0.433333 1.49452e-06
0.966667 0.433333 3.0795e-06
1.03333 0.433333 3.31987e-06
1.1 0.433333 3.06089e-06
1.16667 0.433333 2.64053e-06
1.23333 0.433333 2.19179e-06
1.3 0.433333 1.74459e-06
1.36667 0.433333 1.26242e-06
1.43333 0.433333 6.35041e-07
1.5 0.433333 3.30792e-08
1.56667 0.433333 5.16624e-07
1.63333 0.433333 6.2806e-07
1.7 0.433333 4.74506e-07
1.76667 0.433333 2.63207e-07
1.83333 0.433333 1.15224e-07
1.9 0.433333 3.80027e-08
1.96667 0.433333 1.84096e-09
2.03333 0.433333 1.20838e-08
2.1 0.433333 1.47276e-08
2.16667 0.433333 1.2119e-08
2.23333 0.433333 7.50869e-09
2.3 0.433333 2.61844e-09
2.36667 0.433333 1.65599e-09
2.43333 0.433333 4.85853e-09
2.5 0.433333 6.76583e-09
2.56667 0.433333 7.28357e-09
2.63333 0.433333 6.40574e-09
2.7 0.433333 4.21955e-09
2.76667 0.433333 9.55567e-10
2.83333 0.433333 2.89292e-09
2.9 0.433333 6.36885e-09
2.96667 0.433333 7.36106e-09
3.03333 0.433333 1.48838e-08
3.1 0.433333 2.50673e-07
3.16667 0.433333 2.9041e-07
3.23333 0.433333 1.25784e-07
3.3 0.433333 5.31942e-08
3.36667 0.433333 2.16904e-08
3.43333 0.433333 7.79121e-09
3.5 0.433333 1.84689e-09
3.56667 0.433333 4.82682e-10
3.63333 0.433333 1.20693e-09
3.7 0.433333 1.2621e-09
3.76667 0.433333 1.07668e-09
3.83333 0.433333 8.37595e-10
3.9 0.433333 6.18528e-10
3.96667 0.433333 4.41945e-10
4.03333 0.433333 3.08828e-10
4.1 0.433333 2.12484e-10
4.16667 0.433333 1.44615e-10
4.23333 0.433333 9.77024e-11
4.3 0.433333 6.572e-11
4.36667 0.433333 4.41403e-11
4.43333 0.433333 2.96948e-11
4.5 0.433333 2.0086e-11
4.56667 0.433333 1.37296e-11
4.63333 0.433333 9.54881e-12
4.7 0.433333 6.82086e-12
4.76667 0.433333 5.0671e-12
4.83333 0.433333 3.97673e-12
4.9 0.433333 3.35576e-12
4.96667 0.433333 3.09468e-12
0.0333333 0.5 2.76142e-05
0.1 0.5 1.85756e-05
0.166667 0.5 5.48919e-06
0.233333 0.5 9.60414e-06
0.3 0.5 2.19297e-05
0.366667 0.5 2.68768e-05
0.433333 0.5 2.48801e-05
0.5 0.5 2.26666e-05
0.566667 0.5 2.27273e-05
0.633333 0.5 2.33279e-05
0.7 0.5 2.10933e-05
0.766667 0.5 1.42713e-05
0.833333 0.5 4.95514e-06
0.9 0.5 5.68212e-07
0.966667 0.5 2.84637e-06
1.03333 0.5 3.42469e-06
1.1 0.5 3.3702e-06
1.16667 0.5 3.11079e-06
1.23333 0.5 2.82573e-06
1.3 0.5 2.58365e-06
1.36667 0.5 2.39609e-06
1.43333 0.5 2.20645e-06
1.5 0.5 1.12353e-06
1.56667 0.5 3.44665e-08
1.63333 0.5 6.37276e-07
1.7 0.5 5.11497e-07
1.76667 0.5 2.15942e-07
1.83333 0.5 6.78578e-08
1.9 0.5 5.81438e-10
1.96667 0.5 2.52535e-08
2.03333 0.5 3.08465e-08
2.1 0.5 2.71853e-08
2.16667 0.5 1.9908e-08
2.23333 0.5 1.18618e-08
2.3 0.5 4.44263e-09
2.36667 0.5 1.70299e-09
2.43333 0.5 6.31052e-09
2.5 0.5 9.3125e-09
2.56667 0.5 1.07568e-08
2.63333 0.5 1.07925e-08
2.7 0.5 9.71666e-09
2.76667 0.5 8.11691e-09
2.83333 0.5 7.23443e-09
2.9 0.5 1.00672e-08
2.96667 0.5 2.49459e-08
3.03333 0.5 1.01349e-07
3.1 0.5 3.55071e-06
3.16667 0.5 4.18462e-07
3.23333 0.5 1.47471e-07
3.3 0.5 6.05852e-08
3.36667 0.5 2.45979e-08
3.43333 0.5 9.07479e-09
3.5 0.5 2.45047e-09
3.56667 0.5 1.87345e-10
3.63333 0.5 1.05888e-09
3.7 0.5 1.18687e-09
3.76667 0.5 1.03821e-09
3.83333 0.5 8.17921e-10
3.9 0.5 6.0852e-10
3.96667 0.5 4.36914e-10
4.03333 0.5 3.06353e-10
4.1 0.5 2.11315e-10
4.16667 0.5 1.44107e-10
4.23333 0.5 9.75258e-11
4.3 0.5 6.5707e-11
4.36667 0.5 4.42064e-11
4.43333 0.5 2.97982e-11
4.5 0.5 2.02063e-11
4.56667 0.5 1.38572e-11
4.63333 0.5 9.67932e-12
4.7 0.5 6.95238e-12
4.76667 0.5 5.19894e-12
4.83333 0.5 4.10882e-12
4.9 0.5 3.48847e-12
4.96667 0.5 3.2289e-12
0.0333333 0.566667 2.45875e-05
0.1 0.566667 1.72402e-05
0.166667 0.566667 7.05173e-06
0.233333 0.566667 3.44622e-06
0.3 0.566667 1.1698e-05
0.366667 0.566667 1.59904e-05
0.433333 0.566667 1.68773e-05
0.5 0.566667 1.63364e-05
0.566667 0.566667 1.60438e-05
0.633333 0.566667 1.58256e-05
0.7 0.566667 1.38611e-05
0.766667 0.566667 8.65316e-06
0.833333 0.566667 1.68675e-06
0.9 0.566667 1.96521e-06
0.966667 0.566667 3.33523e-06
1.03333 0.566667 3.59974e-06
1.1 0.566667 3.46676e-06
1.16667 0.566667 3.22594e-06
1.23333 0.566667 3.01798e-06
1.3 0.566667 2.91911e-06
1.36667 0.566667 3.01009e-06
1.43333 0.566667 3.45223e-06
1.5 0.566667 5.58842e-06
1.56667 0.566667 1.15335e-06
1.63333 0.566667 1.30688e-06
1.7 0.566667 5.72944e-07
1.76667 0.566667 1.78087e-07
1.83333 0.566667 2.36392e-08
1.9 0.566667 3.77519e-08
1.96667 0.566667 5.62578e-08
2.03333 0.566667 5.57042e-08
2.1 0.566667 4.73114e-08
2.16667 0.566667 3.64964e-08
2.23333 0.566667 2.58281e-08
2.3 0.566667 1.64679e-08
2.36667 0.566667 8.88774e-09
2.43333 0.566667 3.23334e-09
2.5 0.566667 4.96424e-10
2.56667 0.566667 2.36846e-09
2.63333 0.566667 2.49181e-09
2.7 0.566667 1.03426e-09
2.76667 0.566667 1.72049e-09
2.83333 0.566667 5.25221e-09
2.9 0.566667 8.6132e-09
2.96667 0.566667 9.78216e-09
3.03333 0.566667 1.83129e-08
3.1 0.566667 2.52936e-07
3.16667 0.566667 2.9064e-07
3.23333 0.566667 1.25563e-07
3.3 0.566667 5.30699e-08
3.36667 0.566667 2.16265e-08
3.43333 0.566667 7.7594e-09
3.5 0.566667 1.83117e-09
3.56667 0.566667 4.9043e-10
3.63333 0.566667 1.21074e-09
3.7 0.566667 1.26398e-09
3.76667 0.566667 1.0776e-09
3.83333 0.566667 8.38053e-10
3.9 0.566667 6.18754e-10
3.96667 0.566667 4.42057e-10
4.03333 0.566667 3.08883e-10
4.1 0.566667 2.12511e-10
4.16667 0.566667 1.44628e-10
4.23333 0.566667 9.7709e-11
4.3 0.566667 6.57233e-11
4.36667 0.566667 4.4142e-11
4.43333 0.566667 2.96956e-11
4.5 0.566667 2.00864e-11
4.56667 0.566667 1.37298e-11
4.63333 0.566667 9.54892e-12
4.7 0.566667 6.82092e-12
4.76667 0.566667 5.06713e-12
4.83333 0.566667 3.97674e-12
4.9 0.566667 3.35577e-12
4.96667 0.566667 3.09469e-12
0.0333333 0.633333 1.99418e-05
0.1 0.633333 1.48277e-05
0.166667 0.633333 7.96156e-06
0.233333 0.633333 1.29431e-06
0.3 0.633333 3.79868e-06
0.366667 0.633333 6.67971e-06
0.433333 0.633333 7.57202e-06
0.5 0.633333 7.19782e-06
0.566667 0.633333 5.98087e-06
0.633333 0.633333 3.18473e-06
0.7 0.633333 1.29133e-07
0.766667 0.633333 3.13028e-06
0.833333 0.633333 5.34014e-06
0.9 0.633333 4.92313e-06
0.966667 0.633333 4.15403e-06
1.03333 0.633333 3.71543e-06
1.1 0.633333 3.27064e-06
1.16667 0.633333 2.88753e-06
1.23333 0.633333 2.60247e-06
1.3 0.633333 2.43656e-06
1.36667 0.633333 2.41254e-06
1.43333 0.633333 2.63948e-06
1.5 0.633333 2.66217e-06
1.56667 0.633333 3.17811e-05
1.63333 0.633333 3.01937e-06
1.7 0.633333 6.78991e-07
1.76667 0.633333 2.08266e-07
1.83333 0.633333 1.75024e-08
1.9 0.633333 5.18304e-08
1.96667 0.633333 7.22849e-08
2.03333 0.633333 7.17541e-08
2.1 0.633333 6.29306e-08
2.16667 0.633333 5.16562e-08
2.23333 0.633333 4.06044e-08
2.3 0.633333 3.09378e-08
2.36667 0.633333 2.31094e-08
2.43333 0.633333 1.72595e-08
2.5 0.633333 1.34123e-08
2.56667 0.633333 1.1573e-08
2.63333 0.633333 1.17762e-08
2.7 0.633333 1.41187e-08
2.76667 0.633333 1.88124e-08
2.83333 0.633333 2.63506e-08
2.9 0.633333 3.80835e-08
2.96667 0.633333 5.90973e-08
3.03333 0.633333 1.10552e-07
3.1 0.633333 1.42793e-07
3.16667 0.633333 1.23958e-07
3.23333 0.633333 7.6681e-08
3.3 0.633333 3.5259e-08
3.36667 0.633333 1.40845e-08
3.43333 0.633333 4.30058e-09
3.5 0.633333 1.60749e-10
3.56667 0.633333 1.32372e-09
3.63333 0.633333 1.63487e-09
3.7 0.633333 1.48235e-09
3.76667 0.633333 1.19063e-09
3.83333 0.633333 8.96575e-10
3.9 0.633333 6.4893e-10
3.96667 0.633333 4.57471e-10
4.03333 0.633333 3.16623e-10
4.1 0.633333 2.16276e-10
4.16667 0.633333 1.46345e-10
4.23333 0.633333 9.83795e-11
4.3 0.633333 6.58641e-11
4.36667 0.633333 4.40176e-11
4.43333 0.633333 2.94405e-11
4.5 0.633333 1.97679e-11
4.56667 0.633333 1.33813e-11
4.63333 0.633333 9.18646e-12
4.7 0.633333 6.45211e-12
4.76667 0.633333 4.69524e-12
4.83333 0.633333 3.60279e-12
4.9 0.633333 2.97936e-12
4.96667 0.633333 2.71386e-12
0.0333333 0.7 1.46459e-05
0.1 0.7 1.17169e-05
0.166667 0.7 7.91629e-06
0.233333 0.7 4.4499e-06
0.3 0.7 1.99041e-06
0.366667 0.7 7.62887e-07
0.433333 0.7 6.52608e-07
0.5 0.7 1.42431e-06
0.566667 0.7 2.95717e-06
0.633333 0.7 5.02528e-06
0.7 0.7 6.95292e-06
0.766667 0.7 7.95146e-06
0.833333 0.7 7.65133e-06
0.9 0.7 6.3356e-06
0.966667 0.7 4.81952e-06
1.03333 0.7 3.65649e-06
1.1 0.7 2.81995e-06
1.16667 0.7 2.19471e-06
1.23333 0.7 1.72086e-06
1.3 0.7 1.33722e-06
1.36667 0.7 9.57228e-07
1.43333 0.7 3.09918e-07
1.5 0.7 1.18522e-06
1.56667 0.7 2.70133e-06
1.63333 0.7 2.16587e-06
1.7 0.7 9.00949e-07
1.76667 0.7 2.84952e-07
1.83333 0.7 6.25065e-08
1.9 0.7 2.77681e-08
1.96667 0.7 5.98671e-08
2.03333 0.7 6.67672e-08
2.1 0.7 6.30335e-08
2.16667 0.7 5.5426e-08
2.23333 0.7 4.70632e-08
2.3 0.7 3.93415e-08
2.36667 0.7 3.285e-08
2.43333 0.7 2.78207e-08
2.5 0.7 2.43538e-08
2.56667 0.7 2.2531e-08
2.63333 0.7 2.24729e-08
2.7 0.7 2.43729e-08
2.76667 0.7 2.85297e-08
2.83333 0.7 3.54074e-08
2.9 0.7 4.57835e-08
2.96667 0.7 6.05721e-08
3.03333 0.7 7.20871e-08
3.1 0.7 7.07173e-08
3.16667 0.7 5.46865e-08
3.23333 0.7 3.28393e-08
3.3 0.7 1.51012e-08
3.36667 0.7 4.53051e-09
3.43333 0.7 4.05302e-10
3.5 0.7 2.22333e-09
3.56667 0.7 2.55535e-09
3.63333 0.7 2.27899e-09
3.7 0.7 1.82152e-09
3.76667 0.7 1.36971e-09
3.83333 0.7 9.91074e-10
3.9 0.7 6.98616e-10
3.96667 0.7 4.83407e-10
4.03333 0.7 3.29988e-10
4.1 0.7 2.23006e-10
4.16667 0.7 1.49586e-10
4.23333 0.7 9.97931e-11
4.3 0.7 6.63253e-11
4.36667 0.7 4.39853e-11
4.43333 0.7 2.91539e-11
4.5 0.7 1.93511e-11
4.56667 0.7 1.28982e-11
4.63333 0.7 8.6696e-12
4.7 0.7 5.91782e-12
4.76667 0.7 4.15135e-12
4.83333 0.7 3.05256e-12
4.9 0.7 2.42324e-12
4.96667 0.7 2.14992e-12
0.0333333 0.766667 9.52981e-06
0.1 0.766667 8.41979e-06
0.166667 0.766667 7.18085e-06
0.233333 0.766667 6.35405e-06
0.3 0.766667 6.13703e-06
0.366667 0.766667 6.50133e-06
0.433333 0.766667 7.30635e-06
0.5 0.766667 8.39153e-06
0.566667 0.766667 9.57003e-06
0.633333 0.766667 1.05437e-05
0.7 0.766667 1.09142e-05
0.766667 0.766667 1.03641e-05
0.833333 0.766667 8.91613e-06
0.9 0.766667 6.97555e-06
0.966667 0.766667 5.05255e-06
1.03333 0.766667 3.47e-06
1.1 0.766667 2.28774e-06
1.16667 0.766667 1.41953e-06
1.23333 0.766667 7.5865e-07
1.3 0.766667 2.0317e-07
1.36667 0.766667 3.65734e-07
1.43333 0.766667 1.05164e-06
1.5 0.766667 1.69444e-06
1.56667 0.766667 1.86819e-06
1.63333 0.766667 1.47991e-06
1.7 0.766667 8.60782e-07
1.76667 0.766667 3.92202e-07
1.83333 0.766667 1.5144e-07
1.9 0.766667 4.06197e-08
1.96667 0.766667 9.44235e-09
2.03333 0.766667 3.02247e-08
2.1 0.766667 3.71365e-08
2.16667 0.766667 3.76693e-08
2.23333 0.766667 3.54822e-08
2.3 0.766667 3.23456e-08
2.36667 0.766667 2.91057e-08
2.43333 0.766667 2.61693e-08
2.5 0.766667 2.37509e-08
2.56667 0.766667 2.19978e-08
2.63333 0.766667 2.10486e-08
2.7 0.766667 2.10477e-08
2.76667 0.766667 2.21179e-08
2.83333 0.766667 2.42658e-08
2.9 0.766667 2.71069e-08
2.96667 0.766667 2.89823e-08
3.03333 0.766667 2.756e-08
3.1 0.766667 2.16681e-08
3.16667 0.766667 1.28605e-08
3.23333 0.766667 4.30879e-09
3.3 0.766667 1.64227e-09
3.36667 0.766667 4.56061e-09
3.43333 0.766667 5.28974e-09
3.5 0.766667 4.8553e-09
3.56667 0.766667 3.97908e-09
3.63333 0.766667 3.05114e-09
3.7 0.766667 2.24064e-09
3.76667 0.766667 1.59706e-09
3.83333 0.766667 1.11415e-09
3.9 0.766667 7.65021e-10
3.96667 0.766667 5.19046e-10
4.03333 0.766667 3.48952e-10
4.1 0.766667 2.32945e-10
4.16667 0.766667 1.54649e-10
4.23333 0.766667 1.02226e-10
4.3 0.766667 6.73408e-11
4.36667 0.766667 4.42379e-11
4.43333 0.766667 2.89959e-11
4.5 0.766667 1.89722e-11
4.56667 0.766667 1.24e-11
4.63333 0.766667 8.10685e-12
4.7 0.766667 5.31946e-12
4.76667 0.766667 3.53251e-12
4.83333 0.766667 2.42065e-12
4.9 0.766667 1.78112e-12
4.96667 0.766667 1.49726e-12
0.0333333 0.833333 5.21984e-06
0.1 0.833333 5.45785e-06
0.166667 0.833333 6.19683e-06
0.233333 0.833333 7.4598e-06
0.3 0.833333 9.08579e-06
0.366667 0.833333 1.08289e-05
0.433333 0.833333 1.24407e-05
0.5 0.833333 1.37082e-05
0.566667 0.833333 1.44438e-05
0.633333 0.833333 1.447e-05
0.7 0.833333 1.36586e-05
0.766667 0.833333 1.20292e-05
0.833333 0.833333 9.81384e-06
0.9 0.833333 7.39481e-06
0.966667 0.833333 5.14327e-06
1.03333 0.833333 3.28154e-06
1.1 0.833333 1.85813e-06
1.16667 0.833333 8.10063e-07
1.23333 0.833333 3.61369e-08
1.3 0.833333 5.61396e-07
1.36667 0.833333 1.05091e-06
1.43333 0.833333 1.42785e-06
1.5 0.833333 1.60753e-06
1.56667 0.833333 1.51787e-06
1.63333 0.833333 1.20155e-06
1.7 0.833333 8.09444e-07
1.76667 0.833333 4.80597e-07
1.83333 0.833333 2.64853e-07
1.9 0.833333 1.41175e-07
1.96667 0.833333 7.28154e-08
2.03333 0.833333 3.4923e-08
2.1 0.833333 1.37369e-08
2.16667 0.833333 1.79966e-09
2.23333 0.833333 4.89016e-09
2.3 0.833333 8.48566e-09
2.36667 0.833333 1.01558e-08
2.43333 0.833333 1.05504e-08
2.5 0.833333 1.00513e-08
2.56667 0.833333 8.90935e-09
2.63333 0.833333 7.3165e-09
2.7 0.833333 5.43416e-09
2.76667 0.833333 3.38378e-09
2.83333 0.833333 1.19457e-09
2.9 0.833333 1.27253e-09
2.96667 0.833333 4.22523e-09
3.03333 0.833333 7.64268e-09
3.1 0.833333 1.10055e-08
3.16667 0.833333 1.34598e-08
3.23333 0.833333 1.43512e-08
3.3 0.833333 1.36344e-08
3.36667 0.833333 1.18057e-08
3.43333 0.833333 9.52021e-09
3.5 0.833333 7.28195e-09
3.56667 0.833333 5.35674e-09
3.63333 0.833333 3.82756e-09
3.7 0.833333 2.67575e-09
3.76667 0.833333 1.83974e-09
3.83333 0.833333 1.24895e-09
3.9 0.833333 8.39601e-10
3.96667 0.833333 5.60121e-10
4.03333 0.833333 3.71429e-10
4.1 0.833333 2.45118e-10
4.16667 0.833333 1.61117e-10
4.23333 0.833333 1.05536e-10
4.3 0.833333 6.89022e-11
4.36667 0.833333 4.48302e-11
4.43333 0.833333 2.90505e-11
4.5 0.833333 1.87277e-11
4.56667 0.833333 1.19888e-11
4.63333 0.833333 7.60215e-12
4.7 0.833333 4.76195e-12
4.76667 0.833333 2.94449e-12
4.83333 0.833333 1.81402e-12
4.9 0.833333 1.16168e-12
4.96667 0.833333 8.67208e-13
0.0333333 0.9 2.14312e-06
0.1 0.9 3.24943e-06
0.166667 0.9 5.32589e-06
0.233333 0.9 8.05148e-06
0.3 0.9 1.1007e-05
0.366667 0.9 1.3769e-05
0.433333 0.9 1.5977e-05
0.5 0.9 1.73666e-05
0.566667 0.9 1.77766e-05
0.633333 0.9 1.7154e-05
0.7 0.9 1.5573e-05
0.766667 0.9 1.32507e-05
0.833333 0.9 1.05217e-05
0.9 0.9 7.75681e-06
0.966667 0.9 5.25991e-06
1.03333 0.9 3.20215e-06
1.1 0.9 1.62026e-06
1.16667 0.9 4.61665e-07
1.23333 0.9 3.61233e-07
1.3 0.9 9.30788e-07
1.36667 0.9 1.3001e-06
1.43333 0.9 1.48765e-06
1.5 0.9 1.49586e-06
1.56667 0.9 1.34433e-06
1.63333 0.9 1.08884e-06
1.7 0.9 8.05547e-07
1.76667 0.9 5.56913e-07
1.83333 0.9 3.70471e-07
1.9 0.9 2.4364e-07
1.96667 0.9 1.60994e-07
2.03333 0.9 1.07367e-07
2.1 0.9 7.21264e-08
2.16667 0.9 4.86003e-08
2.23333 0.9 3.27313e-08
2.3 0.9 2.20743e-08
2.36667 0.9 1.5149e-08
2.43333 0.9 1.10447e-08
2.5 0.9 9.18161e-09
2.56667 0.9 9.16335e-09
2.63333 0.9 1.06796e-08
2.7 0.9 1.34378e-08
2.76667 0.9 1.71104e-08
2.83333 0.9 2.12908e-08
2.9 0.9 2.54521e-08
2.96667 0.9 2.8938e-08
3.03333 0.9 3.10498e-08
3.1 0.9 3.12542e-08
3.16667 0.9 2.94216e-08
3.23333 0.9 2.59199e-08
3.3 0.9 2.14704e-08
3.36667 0.9 1.68533e-08
3.43333 0.9 1.26553e-08
3.5 0.9 9.17662e-09
3.56667 0.9 6.47812e-09
3.63333 0.9 4.481e-09
3.7 0.9 3.05211e-09
3.76667 0.9 2.05466e-09
3.83333 0.9 1.37089e-09
3.9 0.9 9.08432e-10
3.96667 0.9 5.98792e-10
4.03333 0.9 3.93038e-10
4.1 0.9 2.57094e-10
4.16667 0.9 1.67662e-10
4.23333 0.9 1.09018e-10
4.3 0.9 7.06567e-11
4.36667 0.9 4.56086e-11
4.43333 0.9 2.92765e-11
4.5 0.9 1.86406e-11
4.56667 0.9 1.17239e-11
4.63333 0.9 7.23608e-12
4.7 0.9 4.33813e-12
4.76667 0.9 2.48755e-12
4.83333 0.9 1.33774e-12
4.9 0.9 6.73473e-13
4.96667 0.9 3.7066e-13
0.0333333 0.966667 5.47931e-07
0.1 0.966667 2.07712e-06
0.166667 0.966667 4.84309e-06
0.233333 0.966667 8.35342e-06
0.3 0.966667 1.20431e-05
0.366667 0.966667 1.53785e-05
0.433333 0.966667 1.79261e-05
0.5 0.966667 1.93904e-05
0.566667 0.966667 1.96319e-05
0.633333 0.966667 1.86734e-05
0.7 0.966667 1.66962e-05
0.766667 0.966667 1.40124e-05
0.833333 0.966667 1.10044e-05
0.9 0.966667 8.04073e-06
0.966667 0.966667 5.39954e-06
1.03333 0.966667 3.23037e-06
1.1 0.966667 1.56335e-06
1.16667 0.966667 3.49662e-07
1.23333 0.966667 4.9171e-07
1.3 0.966667 1.03899e-06
1.36667 0.966667 1.35131e-06
1.43333 0.966667 1.47015e-06
1.5 0.966667 1.43149e-06
1.56667 0.966667 1.2777e-06
1.63333 0.966667 1.05919e-06
1.7 0.966667 8.25599e-07
1.76667 0.966667 6.13989e-07
1.83333 0.966667 4.43e-07
1.9 0.966667 3.15155e-07
1.96667 0.966667 2.23824e-07
2.03333 0.966667 1.59809e-07
2.1 0.966667 1.15018e-07
2.16667 0.966667 8.3514e-08
2.23333 0.966667 6.12769e-08
2.3 0.966667 4.56762e-08
2.36667 0.966667 3.50082e-08
2.43333 0.966667 2.81648e-08
2.5 0.966667 2.44078e-08
2.56667 0.966667 2.32135e-08
2.63333 0.966667 2.41568e-08
2.7 0.966667 2.68132e-08
2.76667 0.966667 3.06684e-08
2.83333 0.966667 3.50469e-08
2.9 0.966667 3.90959e-08
2.96667 0.966667 4.1881e-08
3.03333 0.966667 4.26099e-08
3.1 0.966667 4.09021e-08
3.16667 0.966667 3.69509e-08
3.23333 0.966667 3.14529e-08
3.3 0.966667 2.5337e-08
3.36667 0.966667 1.94458e-08
3.43333 0.966667 1.43336e-08
3.5 0.966667 1.02303e-08
3.56667 0.966667 7.12252e-09
3.63333 0.966667 4.86696e-09
3.7 0.966667 3.27968e-09
3.76667 0.966667 2.18731e-09
3.83333 0.966667 1.44758e-09
3.9 0.966667 9.52504e-10
3.96667 0.966667 6.23993e-10
4.03333 0.966667 4.07375e-10
4.1 0.966667 2.65196e-10
4.16667 0.966667 1.72188e-10
4.23333 0.966667 1.11496e-10
4.3 0.966667 7.19598e-11
4.36667 0.966667 4.62376e-11
4.43333 0.966667 2.95182e-11
4.5 0.966667 1.86594e-11
4.56667 0.966667 1.16144e-11
4.63333 0.966667 7.05276e-12
4.7 0.966667 4.1125e-12
4.76667 0.966667 2.23792e-12
4.83333 0.966667 1.0748e-12
4.9 0.966667 4.03393e-13
4.96667 0.966667 9.67952e-14
