1 1 1.9199e-11
1 3 1.9199e-11
1 5 1.9199e-11
1 7 1.9199e-11
1 9 1.9199e-11
1 11 1.9199e-11
1 13 1.9199e-11
1 15 1.9199e-11
1 17 1.9199e-11
1 19 1.9199e-11
1 21 1.9199e-11
1 23 1.9199e-11
1 25 1.9199e-11
1 27 1.9198e-11
1 29 1.9198e-11
1 31 1.919e-11
1 33 1.9259e-11
1 35 1.9243e-11
1 37 1.9649e-11
1 39 1.9247e-11
1 41 2.0845e-11
1 43 1.5224e-11
1 45 5.6293e-11
1 47 9.1312e-12
1 49 2.9885e-11
1 51 2.869e-11
1 53 2.1585e-11
1 55 1.0434e-11
1 57 2.3915e-11
1 59 1.6931e-11
1 61 1.8278e-11
1 63 1.972e-11
1 65 1.8812e-11
1 67 1.9323e-11
1 69 1.9225e-11
1 71 1.9187e-11
1 73 1.9199e-11
1 75 1.9199e-11
1 77 1.9199e-11
1 79 1.9199e-11
1 81 1.9199e-11
1 83 1.9199e-11
1 85 1.9199e-11
1 87 1.9199e-11
1 89 1.9199e-11
1 91 1.9199e-11
1 93 1.9199e-11
1 95 1.9199e-11
1 97 1.9199e-11
1 99 1.9199e-11
3 1 1.9199e-11
3 3 1.9199e-11
3 5 1.9199e-11
3 7 1.9199e-11
3 9 1.9199e-11
3 11 1.9199e-11
3 13 1.9199e-11
3 15 1.9199e-11
3 17 1.9199e-11
3 19 1.9199e-11
3 21 1.9199e-11
3 23 1.9199e-11
3 25 1.9199e-11
3 27 1.9198e-11
3 29 1.9199e-11
3 31 1.9189e-11
3 33 1.928e-11
3 35 1.9216e-11
3 37 1.9729e-11
3 39 1.9356e-11
3 41 2.1746e-11
3 43 1.7823e-11
3 45 4.2807e-11
3 47 1.0656e-11
3 49 2.9232e-11
3 51 1.5648e-11
3 53 2.103e-11
3 55 1.0868e-11
3 57 2.364e-11
3 59 1.6036e-11
3 61 1.7873e-11
3 63 1.9614e-11
3 65 1.8759e-11
3 67 1.9303e-11
3 69 1.9223e-11
3 71 1.9187e-11
3 73 1.9199e-11
3 75 1.9199e-11
3 77 1.9199e-11
3 79 1.9199e-11
3 81 1.9199e-11
3 83 1.9199e-11
3 85 1.9199e-11
3 87 1.9199e-11
3 89 1.9199e-11
3 91 1.9199e-11
3 93 1.9199e-11
3 95 1.9199e-11
3 97 1.9199e-11
3 99 1.9199e-11
5 1 1.9199e-11
5 3 1.9199e-11
5 5 1.9199e-11
5 7 1.9199e-11
5 9 1.9199e-11
5 11 1.9199e-11
5 13 1.9199e-11
5 15 1.9199e-11
5 17 1.9199e-11
5 19 1.9199e-11
5 21 1.9199e-11
5 23 1.9199e-11
5 25 1.9199e-11
5 27 1.9198e-11
5 29 1.92e-11
5 31 1.9187e-11
5 33 1.9292e-11
5 35 1.9154e-11
5 37 1.9704e-11
5 39 1.9755e-11
5 41 2.1976e-11
5 43 2.1577e-11
5 45 2.9355e-11
5 47 1.0202e-11
5 49 2.3103e-11
5 51 8.8921e-12
5 53 1.9906e-11
5 55 1.1001e-11
5 57 2.2365e-11
5 59 1.5805e-11
5 61 1.781e-11
5 63 1.9467e-11
5 65 1.8744e-11
5 67 1.9268e-11
5 69 1.9218e-11
5 71 1.9188e-11
5 73 1.9199e-11
5 75 1.9199e-11
5 77 1.9199e-11
5 79 1.9199e-11
5 81 1.9199e-11
5 83 1.9199e-11
5 85 1.9199e-11
5 87 1.9199e-11
5 89 1.9199e-11
5 91 1.9199e-11
5 93 1.9199e-11
5 95 1.9199e-11
5 97 1.9199e-11
5 99 1.9199e-11
7 1 1.9199e-11
7 3 1.9199e-11
7 5 1.9199e-11
7 7 1.9199e-11
7 9 1.9199e-11
7 11 1.9199e-11
7 13 1.9199e-11
7 15 1.9199e-11
7 17 1.9199e-11
7 19 1.9199e-11
7 21 1.9199e-11
7 23 1.9199e-11
7 25 1.9199e-11
7 27 1.9198e-11
7 29 1.9202e-11
7 31 1.9185e-11
7 33 1.9293e-11
7 35 1.9084e-11
7 37 1.9608e-11
7 39 2.0242e-11
7 41 2.1636e-11
7 43 2.5296e-11
7 45 2.0683e-11
7 47 7.9e-12
7 49 1.5794e-11
7 51 5.8383e-12
7 53 1.8012e-11
7 55 1.0802e-11
7 57 2.0379e-11
7 59 1.6123e-11
7 61 1.8051e-11
7 63 1.9317e-11
7 65 1.877e-11
7 67 1.9223e-11
7 69 1.9213e-11
7 71 1.9189e-11
7 73 1.9199e-11
7 75 1.9199e-11
7 77 1.9199e-11
7 79 1.9199e-11
7 81 1.9199e-11
7 83 1.9199e-11
7 85 1.9199e-11
7 87 1.9199e-11
7 89 1.9199e-11
7 91 1.9199e-11
7 93 1.9199e-11
7 95 1.9199e-11
7 97 1.9199e-11
7 99 1.9199e-11
9 1 1.9199e-11
9 3 1.9199e-11
9 5 1.9199e-11
9 7 1.9199e-11
9 9 1.9199e-11
9 11 1.9199e-11
9 13 1.9199e-11
9 15 1.9199e-11
9 17 1.9199e-11
9 19 1.9199e-11
9 21 1.9199e-11
9 23 1.9199e-11
9 25 1.9199e-11
9 27 1.9198e-11
9 29 1.9203e-11
9 31 1.9185e-11
9 33 1.9282e-11
9 35 1.9045e-11
9 37 1.9476e-11
9 39 2.0534e-11
9 41 2.1169e-11
9 43 2.7449e-11
9 45 1.6983e-11
9 47 5.4617e-12
9 49 1.0463e-11
9 51 4.7502e-12
9 53 1.6504e-11
9 55 1.0517e-11
9 57 1.8229e-11
9 59 1.672e-11
9 61 1.8464e-11
9 63 1.9188e-11
9 65 1.8824e-11
9 67 1.9177e-11
9 69 1.9208e-11
9 71 1.919e-11
9 73 1.9199e-11
9 75 1.9199e-11
9 77 1.9199e-11
9 79 1.9199e-11
9 81 1.9199e-11
9 83 1.9199e-11
9 85 1.9199e-11
9 87 1.9199e-11
9 89 1.9199e-11
9 91 1.9199e-11
9 93 1.9199e-11
9 95 1.9199e-11
9 97 1.9199e-11
9 99 1.9199e-11
11 1 1.9199e-11
11 3 1.9199e-11
11 5 1.9199e-11
11 7 1.9199e-11
11 9 1.9199e-11
11 11 1.9199e-11
11 13 1.9199e-11
11 15 1.9199e-11
11 17 1.9199e-11
11 19 1.9199e-11
11 21 1.9199e-11
11 23 1.9199e-11
11 25 1.9199e-11
11 27 1.9198e-11
11 29 1.9204e-11
11 31 1.9186e-11
11 33 1.9262e-11
11 35 1.9069e-11
11 37 1.9319e-11
11 39 2.0433e-11
11 41 2.1013e-11
11 43 2.7517e-11
11 45 1.7009e-11
11 47 3.9012e-12
11 49 7.6193e-12
11 51 4.9577e-12
11 53 1.6481e-11
11 55 1.041e-11
11 57 1.6356e-11
11 59 1.7383e-11
11 61 1.8879e-11
11 63 1.909e-11
11 65 1.8876e-11
11 67 1.9137e-11
11 69 1.9204e-11
11 71 1.9191e-11
11 73 1.9199e-11
11 75 1.9199e-11
11 77 1.9199e-11
11 79 1.9199e-11
11 81 1.9199e-11
11 83 1.9199e-11
11 85 1.9199e-11
11 87 1.9199e-11
11 89 1.9199e-11
11 91 1.9199e-11
11 93 1.9199e-11
11 95 1.9199e-11
11 97 1.9199e-11
11 99 1.9199e-11
13 1 1.9199e-11
13 3 1.9199e-11
13 5 1.9199e-11
13 7 1.9199e-11
13 9 1.9199e-11
13 11 1.9199e-11
13 13 1.9199e-11
13 15 1.9199e-11
13 17 1.9199e-11
13 19 1.9199e-11
13 21 1.9199e-11
13 23 1.9199e-11
13 25 1.9199e-11
13 27 1.9198e-11
13 29 1.9205e-11
13 31 1.919e-11
13 33 1.9238e-11
13 35 1.9164e-11
13 37 1.9129e-11
13 39 1.9976e-11
13 41 2.1321e-11
13 43 2.6177e-11
13 45 1.9865e-11
13 47 3.2734e-12
13 49 6.6534e-12
13 51 6.5918e-12
13 53 1.8499e-11
13 55 1.056e-11
13 57 1.4944e-11
13 59 1.8041e-11
13 61 1.9157e-11
13 63 1.9021e-11
13 65 1.8903e-11
13 67 1.9107e-11
13 69 1.9202e-11
13 71 1.9191e-11
13 73 1.9199e-11
13 75 1.9199e-11
13 77 1.9199e-11
13 79 1.9199e-11
13 81 1.9199e-11
13 83 1.9199e-11
13 85 1.9199e-11
13 87 1.9199e-11
13 89 1.9199e-11
13 91 1.9199e-11
13 93 1.9199e-11
13 95 1.9199e-11
13 97 1.9199e-11
13 99 1.9199e-11
15 1 1.9199e-11
15 3 1.9199e-11
15 5 1.9199e-11
15 7 1.9199e-11
15 9 1.9199e-11
15 11 1.9199e-11
15 13 1.9199e-11
15 15 1.9199e-11
15 17 1.9199e-11
15 19 1.9199e-11
15 21 1.9199e-11
15 23 1.9199e-11
15 25 1.9199e-11
15 27 1.9199e-11
15 29 1.9205e-11
15 31 1.9194e-11
15 33 1.9213e-11
15 35 1.931e-11
15 37 1.8903e-11
15 39 1.9403e-11
15 41 2.1919e-11
15 43 2.4176e-11
15 45 2.4956e-11
15 47 3.4905e-12
15 49 7.1268e-12
15 51 1.0435e-11
15 53 2.2565e-11
15 55 1.0801e-11
15 57 1.3949e-11
15 59 1.8672e-11
15 61 1.9236e-11
15 63 1.8968e-11
15 65 1.8903e-11
15 67 1.9092e-11
15 69 1.9202e-11
15 71 1.9191e-11
15 73 1.9199e-11
15 75 1.9199e-11
15 77 1.9199e-11
15 79 1.9199e-11
15 81 1.9199e-11
15 83 1.9199e-11
15 85 1.9199e-11
15 87 1.9199e-11
15 89 1.9199e-11
15 91 1.9199e-11
15 93 1.9199e-11
15 95 1.9199e-11
15 97 1.9199e-11
15 99 1.9199e-11
17 1 1.9199e-11
17 3 1.9199e-11
17 5 1.9199e-11
17 7 1.9199e-11
17 9 1.9199e-11
17 11 1.9199e-11
17 13 1.9199e-11
17 15 1.9199e-11
17 17 1.9199e-11
17 19 1.9199e-11
17 21 1.9199e-11
17 23 1.9199e-11
17 25 1.9199e-11
17 27 1.9199e-11
17 29 1.9205e-11
17 31 1.9198e-11
17 33 1.9192e-11
17 35 1.9467e-11
17 37 1.8657e-11
17 39 1.8986e-11
17 41 2.2417e-11
17 43 2.174e-11
17 45 3.1873e-11
17 47 4.8137e-12
17 49 9.1231e-12
17 51 1.7195e-11
17 53 2.7701e-11
17 55 1.0779e-11
17 57 1.318e-11
17 59 1.9179e-11
17 61 1.9133e-11
17 63 1.8921e-11
17 65 1.8893e-11
17 67 1.9099e-11
17 69 1.9205e-11
17 71 1.9192e-11
17 73 1.9199e-11
17 75 1.9199e-11
17 77 1.9199e-11
17 79 1.9199e-11
17 81 1.9199e-11
17 83 1.9199e-11
17 85 1.9199e-11
17 87 1.9199e-11
17 89 1.9199e-11
17 91 1.9199e-11
17 93 1.9199e-11
17 95 1.9199e-11
17 97 1.9199e-11
17 99 1.9199e-11
19 1 1.9199e-11
19 3 1.9199e-11
19 5 1.9199e-11
19 7 1.9199e-11
19 9 1.9199e-11
19 11 1.9199e-11
19 13 1.9199e-11
19 15 1.9199e-11
19 17 1.9199e-11
19 19 1.9199e-11
19 21 1.9199e-11
19 23 1.9199e-11
19 25 1.9199e-11
19 27 1.9199e-11
19 29 1.9205e-11
19 31 1.9201e-11
19 33 1.9175e-11
19 35 1.9587e-11
19 37 1.8416e-11
19 39 1.8865e-11
19 41 2.2388e-11
19 43 1.9003e-11
19 45 4.0477e-11
19 47 8.1823e-12
19 49 1.3371e-11
19 51 2.5164e-11
19 53 3.1806e-11
19 55 1.0226e-11
19 57 1.2384e-11
19 59 1.9436e-11
19 61 1.891e-11
19 63 1.8882e-11
19 65 1.89e-11
19 67 1.9129e-11
19 69 1.9209e-11
19 71 1.9193e-11
19 73 1.9199e-11
19 75 1.9199e-11
19 77 1.9199e-11
19 79 1.9199e-11
19 81 1.9199e-11
19 83 1.9199e-11
19 85 1.9199e-11
19 87 1.9199e-11
19 89 1.9199e-11
19 91 1.9199e-11
19 93 1.9199e-11
19 95 1.9199e-11
19 97 1.9199e-11
19 99 1.9199e-11
21 1 1.9199e-11
21 3 1.9199e-11
21 5 1.9199e-11
21 7 1.9199e-11
21 9 1.9199e-11
21 11 1.9199e-11
21 13 1.9199e-11
21 15 1.9199e-11
21 17 1.9199e-11
21 19 1.9199e-11
21 21 1.9199e-11
21 23 1.9199e-11
21 25 1.9199e-11
21 27 1.9199e-11
21 29 1.9204e-11
21 31 1.9204e-11
21 33 1.916e-11
21 35 1.9633e-11
21 37 1.8221e-11
21 39 1.9016e-11
21 41 2.156e-11
21 43 1.6433e-11
21 45 5.001e-11
21 47 1.5398e-11
21 49 2.1552e-11
21 51 2.9406e-11
21 53 3.3255e-11
21 55 9.2448e-12
21 57 1.1349e-11
21 59 1.9459e-11
21 61 1.8638e-11
21 63 1.8873e-11
21 65 1.8937e-11
21 67 1.9178e-11
21 69 1.9215e-11
21 71 1.9194e-11
21 73 1.9199e-11
21 75 1.9199e-11
21 77 1.9199e-11
21 79 1.9199e-11
21 81 1.9199e-11
21 83 1.9199e-11
21 85 1.9199e-11
21 87 1.9199e-11
21 89 1.9199e-11
21 91 1.9199e-11
21 93 1.9199e-11
21 95 1.9199e-11
21 97 1.9199e-11
21 99 1.9199e-11
23 1 1.9199e-11
23 3 1.9199e-11
23 5 1.9199e-11
23 7 1.9199e-11
23 9 1.9199e-11
23 11 1.9199e-11
23 13 1.9199e-11
23 15 1.9199e-11
23 17 1.9199e-11
23 19 1.9199e-11
23 21 1.9199e-11
23 23 1.9199e-11
23 25 1.9199e-11
23 27 1.9199e-11
23 29 1.9204e-11
23 31 1.9205e-11
23 33 1.9145e-11
23 35 1.9588e-11
23 37 1.8119e-11
23 39 1.9318e-11
23 41 1.9943e-11
23 43 1.4586e-11
23 45 5.7156e-11
23 47 2.7888e-11
23 49 3.6837e-11
23 51 2.739e-11
23 53 3.2779e-11
23 55 8.2382e-12
23 57 1.0021e-11
23 59 1.9469e-11
23 61 1.8384e-11
23 63 1.8918e-11
23 65 1.8999e-11
23 67 1.9235e-11
23 69 1.9221e-11
23 71 1.9196e-11
23 73 1.9199e-11
23 75 1.9199e-11
23 77 1.9199e-11
23 79 1.9199e-11
23 81 1.9199e-11
23 83 1.9199e-11
23 85 1.9199e-11
23 87 1.9199e-11
23 89 1.9199e-11
23 91 1.9199e-11
23 93 1.9199e-11
23 95 1.9199e-11
23 97 1.9199e-11
23 99 1.9199e-11
25 1 1.9199e-11
25 3 1.9199e-11
25 5 1.9199e-11
25 7 1.9199e-11
25 9 1.9199e-11
25 11 1.9199e-11
25 13 1.9199e-11
25 15 1.9199e-11
25 17 1.9199e-11
25 19 1.9199e-11
25 21 1.9199e-11
25 23 1.9199e-11
25 25 1.9199e-11
25 27 1.9199e-11
25 29 1.9203e-11
25 31 1.9205e-11
25 33 1.9129e-11
25 35 1.9471e-11
25 37 1.8166e-11
25 39 1.9642e-11
25 41 1.7881e-11
25 43 1.3683e-11
25 45 5.666e-11
25 47 4.2786e-11
25 49 6.4112e-11
25 51 2.2081e-11
25 53 3.2687e-11
25 55 7.5839e-12
25 57 8.5783e-12
25 59 1.9753e-11
25 61 1.8205e-11
25 63 1.9022e-11
25 65 1.907e-11
25 67 1.9282e-11
25 69 1.9224e-11
25 71 1.9197e-11
25 73 1.9199e-11
25 75 1.9199e-11
25 77 1.9199e-11
25 79 1.9199e-11
25 81 1.9199e-11
25 83 1.9199e-11
25 85 1.9199e-11
25 87 1.9199e-11
25 89 1.9199e-11
25 91 1.9199e-11
25 93 1.9199e-11
25 95 1.9199e-11
25 97 1.9199e-11
25 99 1.9199e-11
27 1 1.9199e-11
27 3 1.9199e-11
27 5 1.9199e-11
27 7 1.9199e-11
27 9 1.9199e-11
27 11 1.9199e-11
27 13 1.9199e-11
27 15 1.9199e-11
27 17 1.9199e-11
27 19 1.9199e-11
27 21 1.9199e-11
27 23 1.9199e-11
27 25 1.9199e-11
27 27 1.9199e-11
27 29 1.9202e-11
27 31 1.9203e-11
27 33 1.9113e-11
27 35 1.9321e-11
27 37 1.8407e-11
27 39 1.9904e-11
27 41 1.5929e-11
27 43 1.3527e-11
27 45 4.7176e-11
27 47 5.2114e-11
27 49 1.0743e-10
27 51 1.6867e-11
27 53 3.4543e-11
27 55 7.4727e-12
27 57 7.3673e-12
27 59 2.0431e-11
27 61 1.8139e-11
27 63 1.9162e-11
27 65 1.9137e-11
27 67 1.9308e-11
27 69 1.9225e-11
27 71 1.9198e-11
27 73 1.9199e-11
27 75 1.9199e-11
27 77 1.9199e-11
27 79 1.9199e-11
27 81 1.9199e-11
27 83 1.9199e-11
27 85 1.9199e-11
27 87 1.9199e-11
27 89 1.9199e-11
27 91 1.9199e-11
27 93 1.9199e-11
27 95 1.9199e-11
27 97 1.9199e-11
27 99 1.9199e-11
29 1 1.9199e-11
29 3 1.9199e-11
29 5 1.9199e-11
29 7 1.9199e-11
29 9 1.9199e-11
29 11 1.9199e-11
29 13 1.9199e-11
29 15 1.9199e-11
29 17 1.9199e-11
29 19 1.9199e-11
29 21 1.9199e-11
29 23 1.9199e-11
29 25 1.9199e-11
29 27 1.9199e-11
29 29 1.9201e-11
29 31 1.9201e-11
29 33 1.91e-11
29 35 1.9182e-11
29 37 1.8842e-11
29 39 2.0054e-11
29 41 1.4598e-11
29 43 1.3684e-11
29 45 3.4059e-11
29 47 5.1739e-11
29 49 1.6055e-10
29 51 1.2639e-11
29 53 3.7293e-11
29 55 7.9572e-12
29 57 6.7169e-12
29 59 2.1299e-11
29 61 1.8169e-11
29 63 1.9295e-11
29 65 1.9195e-11
29 67 1.931e-11
29 69 1.9223e-11
29 71 1.9199e-11
29 73 1.9199e-11
29 75 1.9199e-11
29 77 1.9199e-11
29 79 1.9199e-11
29 81 1.9199e-11
29 83 1.9199e-11
29 85 1.9199e-11
29 87 1.9199e-11
29 89 1.9199e-11
29 91 1.9199e-11
29 93 1.9199e-11
29 95 1.9199e-11
29 97 1.9199e-11
29 99 1.9199e-11
31 1 1.9199e-11
31 3 1.9199e-11
31 5 1.9199e-11
31 7 1.9199e-11
31 9 1.9199e-11
31 11 1.9199e-11
31 13 1.9199e-11
31 15 1.9199e-11
31 17 1.9199e-11
31 19 1.9199e-11
31 21 1.9199e-11
31 23 1.9199e-11
31 25 1.9199e-11
31 27 1.9199e-11
31 29 1.9201e-11
31 31 1.9198e-11
31 33 1.909e-11
31 35 1.9076e-11
31 37 1.9409e-11
31 39 2.0056e-11
31 41 1.4173e-11
31 43 1.3826e-11
31 45 2.3178e-11
31 47 4.6146e-11
31 49 1.968e-10
31 51 9.0997e-12
31 53 3.6423e-11
31 55 8.9759e-12
31 57 6.8384e-12
31 59 2.1863e-11
31 61 1.8215e-11
31 63 1.9382e-11
31 65 1.9253e-11
31 67 1.9293e-11
31 69 1.9221e-11
31 71 1.9199e-11
31 73 1.9199e-11
31 75 1.9199e-11
31 77 1.9199e-11
31 79 1.9199e-11
31 81 1.9199e-11
31 83 1.9199e-11
31 85 1.9199e-11
31 87 1.9199e-11
31 89 1.9199e-11
31 91 1.9199e-11
31 93 1.9199e-11
31 95 1.9199e-11
31 97 1.9199e-11
31 99 1.9199e-11
33 1 1.9199e-11
33 3 1.9199e-11
33 5 1.9199e-11
33 7 1.9199e-11
33 9 1.9199e-11
33 11 1.9199e-11
33 13 1.9199e-11
33 15 1.9199e-11
33 17 1.9199e-11
33 19 1.9199e-11
33 21 1.9199e-11
33 23 1.9199e-11
33 25 1.9199e-11
33 27 1.9198e-11
33 29 1.9201e-11
33 31 1.9196e-11
33 33 1.9084e-11
33 35 1.9008e-11
33 37 1.9986e-11
33 39 1.9901e-11
33 41 1.4686e-11
33 43 1.402e-11
33 45 1.6291e-11
33 47 4.1031e-11
33 49 1.8666e-10
33 51 6.1962e-12
33 53 2.8425e-11
33 55 1.0224e-11
33 57 7.8631e-12
33 59 2.1595e-11
33 61 1.8188e-11
33 63 1.9406e-11
33 65 1.9317e-11
33 67 1.9268e-11
33 69 1.9219e-11
33 71 1.9199e-11
33 73 1.9199e-11
33 75 1.9199e-11
33 77 1.9199e-11
33 79 1.9199e-11
33 81 1.9199e-11
33 83 1.9199e-11
33 85 1.9199e-11
33 87 1.9199e-11
33 89 1.9199e-11
33 91 1.9199e-11
33 93 1.9199e-11
33 95 1.9199e-11
33 97 1.9199e-11
33 99 1.9199e-11
35 1 1.9199e-11
35 3 1.9199e-11
35 5 1.9199e-11
35 7 1.9199e-11
35 9 1.9199e-11
35 11 1.9199e-11
35 13 1.9199e-11
35 15 1.9199e-11
35 17 1.9199e-11
35 19 1.9199e-11
35 21 1.9199e-11
35 23 1.9199e-11
35 25 1.9199e-11
35 27 1.9198e-11
35 29 1.9201e-11
35 31 1.9195e-11
35 33 1.9081e-11
35 35 1.8967e-11
35 37 2.0437e-11
35 39 1.9634e-11
35 41 1.5943e-11
35 43 1.4653e-11
35 45 1.2569e-11
35 47 3.8298e-11
35 49 1.3641e-10
35 51 4.1967e-12
35 53 1.7514e-11
35 55 1.1025e-11
35 57 9.8475e-12
35 59 2.0291e-11
35 61 1.8071e-11
35 63 1.9371e-11
35 65 1.9385e-11
35 67 1.9245e-11
35 69 1.9219e-11
35 71 1.92e-11
35 73 1.9199e-11
35 75 1.9199e-11
35 77 1.9199e-11
35 79 1.9199e-11
35 81 1.9199e-11
35 83 1.9199e-11
35 85 1.9199e-11
35 87 1.9199e-11
35 89 1.9199e-11
35 91 1.9199e-11
35 93 1.9199e-11
35 95 1.9199e-11
35 97 1.9199e-11
35 99 1.9199e-11
37 1 1.9199e-11
37 3 1.9199e-11
37 5 1.9199e-11
37 7 1.9199e-11
37 9 1.9199e-11
37 11 1.9199e-11
37 13 1.9199e-11
37 15 1.9199e-11
37 17 1.9199e-11
37 19 1.9199e-11
37 21 1.9199e-11
37 23 1.9199e-11
37 25 1.9199e-11
37 27 1.9198e-11
37 29 1.9202e-11
37 31 1.9197e-11
37 33 1.9083e-11
37 35 1.8952e-11
37 37 2.0669e-11
37 39 1.9349e-11
37 41 1.7529e-11
37 43 1.6104e-11
37 45 1.084e-11
37 47 3.7194e-11
37 49 8.065e-11
37 51 3.186e-12
37 53 9.8554e-12
37 55 1.0679e-11
37 57 1.2675e-11
37 59 1.8186e-11
37 61 1.7936e-11
37 63 1.9301e-11
37 65 1.945e-11
37 67 1.9229e-11
37 69 1.9221e-11
37 71 1.92e-11
37 73 1.92e-11
37 75 1.9199e-11
37 77 1.9199e-11
37 79 1.9199e-11
37 81 1.9199e-11
37 83 1.9199e-11
37 85 1.9199e-11
37 87 1.9199e-11
37 89 1.9199e-11
37 91 1.9199e-11
37 93 1.9199e-11
37 95 1.9199e-11
37 97 1.9199e-11
37 99 1.9199e-11
39 1 1.9199e-11
39 3 1.9199e-11
39 5 1.9199e-11
39 7 1.9199e-11
39 9 1.9199e-11
39 11 1.9199e-11
39 13 1.9199e-11
39 15 1.9199e-11
39 17 1.9199e-11
39 19 1.9199e-11
39 21 1.9199e-11
39 23 1.9199e-11
39 25 1.9199e-11
39 27 1.9199e-11
39 29 1.9203e-11
39 31 1.9201e-11
39 33 1.9094e-11
39 35 1.8966e-11
39 37 2.0663e-11
39 39 1.9126e-11
39 41 1.8875e-11
39 43 1.8453e-11
39 45 1.0296e-11
39 47 3.6293e-11
39 49 4.1476e-11
39 51 3.0582e-12
39 53 6.3544e-12
39 55 9.2422e-12
39 57 1.6052e-11
39 59 1.5755e-11
39 61 1.7877e-11
39 63 1.9242e-11
39 65 1.9493e-11
39 67 1.9222e-11
39 69 1.9222e-11
39 71 1.92e-11
39 73 1.92e-11
39 75 1.9199e-11
39 77 1.9199e-11
39 79 1.9199e-11
39 81 1.9199e-11
39 83 1.9199e-11
39 85 1.9199e-11
39 87 1.9199e-11
39 89 1.9199e-11
39 91 1.9199e-11
39 93 1.9199e-11
39 95 1.9199e-11
39 97 1.9199e-11
39 99 1.9199e-11
41 1 1.9199e-11
41 3 1.9199e-11
41 5 1.9199e-11
41 7 1.9199e-11
41 9 1.9199e-11
41 11 1.9199e-11
41 13 1.9199e-11
41 15 1.9199e-11
41 17 1.9199e-11
41 19 1.9199e-11
41 21 1.9199e-11
41 23 1.9199e-11
41 25 1.9199e-11
41 27 1.9199e-11
41 29 1.9203e-11
41 31 1.9207e-11
41 33 1.9117e-11
41 35 1.9016e-11
41 37 2.0471e-11
41 39 1.8962e-11
41 41 1.9469e-11
41 43 2.1287e-11
41 45 1.0435e-11
41 47 3.4516e-11
41 49 1.9864e-11
41 51 3.8334e-12
41 53 5.5437e-12
41 55 7.5546e-12
41 57 1.976e-11
41 59 1.3489e-11
41 61 1.7928e-11
41 63 1.9252e-11
41 65 1.9501e-11
41 67 1.9223e-11
41 69 1.922e-11
41 71 1.92e-11
41 73 1.92e-11
41 75 1.9199e-11
41 77 1.9199e-11
41 79 1.9199e-11
41 81 1.9199e-11
41 83 1.9199e-11
41 85 1.9199e-11
41 87 1.9199e-11
41 89 1.9199e-11
41 91 1.9199e-11
41 93 1.9199e-11
41 95 1.9199e-11
41 97 1.9199e-11
41 99 1.9199e-11
43 1 1.9199e-11
43 3 1.9199e-11
43 5 1.9199e-11
43 7 1.9199e-11
43 9 1.9199e-11
43 11 1.9199e-11
43 13 1.9199e-11
43 15 1.9199e-11
43 17 1.9199e-11
43 19 1.9199e-11
43 21 1.9199e-11
43 23 1.9199e-11
43 25 1.9199e-11
43 27 1.9199e-11
43 29 1.9203e-11
43 31 1.9213e-11
43 33 1.9147e-11
43 35 1.9098e-11
43 37 2.0169e-11
43 39 1.8775e-11
43 41 1.908e-11
43 43 2.3723e-11
43 45 1.0948e-11
43 47 3.1325e-11
43 49 9.4055e-12
43 51 5.7069e-12
43 53 6.6489e-12
43 55 6.4037e-12
43 57 2.3848e-11
43 59 1.1768e-11
43 61 1.8057e-11
43 63 1.9368e-11
43 65 1.9464e-11
43 67 1.9231e-11
43 69 1.9214e-11
43 71 1.92e-11
43 73 1.92e-11
43 75 1.9199e-11
43 77 1.9199e-11
43 79 1.9199e-11
43 81 1.9199e-11
43 83 1.9199e-11
43 85 1.9199e-11
43 87 1.9199e-11
43 89 1.9199e-11
43 91 1.9199e-11
43 93 1.9199e-11
43 95 1.9199e-11
43 97 1.9199e-11
43 99 1.9199e-11
45 1 1.9199e-11
45 3 1.9199e-11
45 5 1.9199e-11
45 7 1.9199e-11
45 9 1.9199e-11
45 11 1.9199e-11
45 13 1.9199e-11
45 15 1.9199e-11
45 17 1.9199e-11
45 19 1.9199e-11
45 21 1.9199e-11
45 23 1.9199e-11
45 25 1.9199e-11
45 27 1.9199e-11
45 29 1.9204e-11
45 31 1.9218e-11
45 33 1.9175e-11
45 35 1.92e-11
45 37 1.9827e-11
45 39 1.8477e-11
45 41 1.786e-11
45 43 2.4853e-11
45 45 1.1705e-11
45 47 2.6804e-11
45 49 4.7097e-12
45 51 8.4665e-12
45 53 9.8197e-12
45 55 6.1393e-12
45 57 2.8414e-11
45 59 1.0833e-11
45 61 1.8221e-11
45 63 1.9582e-11
45 65 1.9388e-11
45 67 1.9245e-11
45 69 1.9204e-11
45 71 1.9199e-11
45 73 1.9199e-11
45 75 1.9199e-11
45 77 1.9199e-11
45 79 1.9199e-11
45 81 1.9199e-11
45 83 1.9199e-11
45 85 1.9199e-11
45 87 1.9199e-11
45 89 1.9199e-11
45 91 1.9199e-11
45 93 1.9199e-11
45 95 1.9199e-11
45 97 1.9199e-11
45 99 1.9199e-11
47 1 1.9199e-11
47 3 1.9199e-11
47 5 1.9199e-11
47 7 1.9199e-11
47 9 1.9199e-11
47 11 1.9199e-11
47 13 1.9199e-11
47 15 1.9199e-11
47 17 1.9199e-11
47 19 1.9199e-11
47 21 1.9199e-11
47 23 1.9199e-11
47 25 1.9199e-11
47 27 1.92e-11
47 29 1.9204e-11
47 31 1.9217e-11
47 33 1.9192e-11
47 35 1.9307e-11
47 37 1.9484e-11
47 39 1.8053e-11
47 41 1.6219e-11
47 43 2.4371e-11
47 45 1.2762e-11
47 47 2.1826e-11
47 49 2.7219e-12
47 51 1.0712e-11
47 53 1.5512e-11
47 55 6.9655e-12
47 57 3.3159e-11
47 59 1.0794e-11
47 61 1.8397e-11
47 63 1.9843e-11
47 65 1.9296e-11
47 67 1.926e-11
47 69 1.9193e-11
47 71 1.9198e-11
47 73 1.9199e-11
47 75 1.9199e-11
47 77 1.9199e-11
47 79 1.9199e-11
47 81 1.9199e-11
47 83 1.9199e-11
47 85 1.9199e-11
47 87 1.9199e-11
47 89 1.9199e-11
47 91 1.9199e-11
47 93 1.9199e-11
47 95 1.9199e-11
47 97 1.9199e-11
47 99 1.9199e-11
49 1 1.9199e-11
49 3 1.9199e-11
49 5 1.9199e-11
49 7 1.9199e-11
49 9 1.9199e-11
49 11 1.9199e-11
49 13 1.9199e-11
49 15 1.9199e-11
49 17 1.9199e-11
49 19 1.9199e-11
49 21 1.9199e-11
49 23 1.9199e-11
49 25 1.9199e-11
49 27 1.92e-11
49 29 1.9203e-11
49 31 1.9213e-11
49 33 1.9195e-11
49 35 1.9409e-11
49 37 1.9152e-11
49 39 1.7567e-11
49 41 1.4603e-11
49 43 2.2722e-11
49 45 1.4236e-11
49 47 1.7599e-11
49 49 2.0013e-12
49 51 1.0993e-11
49 53 2.3814e-11
49 55 9.3107e-12
49 57 3.7176e-11
49 59 1.1658e-11
49 61 1.8563e-11
49 63 2.009e-11
49 65 1.9221e-11
49 67 1.927e-11
49 69 1.9183e-11
49 71 1.9198e-11
49 73 1.9199e-11
49 75 1.9199e-11
49 77 1.9199e-11
49 79 1.9199e-11
49 81 1.9199e-11
49 83 1.9199e-11
49 85 1.9199e-11
49 87 1.9199e-11
49 89 1.9199e-11
49 91 1.9199e-11
49 93 1.9199e-11
49 95 1.9199e-11
49 97 1.9199e-11
49 99 1.9199e-11
51 1 1.9199e-11
51 3 1.9199e-11
51 5 1.9199e-11
51 7 1.9199e-11
51 9 1.9199e-11
51 11 1.9199e-11
51 13 1.9199e-11
51 15 1.9199e-11
51 17 1.9199e-11
51 19 1.9199e-11
51 21 1.9199e-11
51 23 1.9199e-11
51 25 1.9199e-11
51 27 1.92e-11
51 29 1.9203e-11
51 31 1.9206e-11
51 33 1.9188e-11
51 35 1.9498e-11
51 37 1.8833e-11
51 39 1.7117e-11
51 41 1.3326e-11
51 43 2.0668e-11
51 45 1.6041e-11
51 47 1.4855e-11
51 49 2.0152e-12
51 51 9.8366e-12
51 53 3.4158e-11
51 55 1.4001e-11
51 57 3.9423e-11
51 59 1.3272e-11
51 61 1.8697e-11
51 63 2.0278e-11
51 65 1.9186e-11
51 67 1.927e-11
51 69 1.9175e-11
51 71 1.9198e-11
51 73 1.9199e-11
51 75 1.9199e-11
51 77 1.9199e-11
51 79 1.9199e-11
51 81 1.9199e-11
51 83 1.9199e-11
51 85 1.9199e-11
51 87 1.9199e-11
51 89 1.9199e-11
51 91 1.9199e-11
51 93 1.9199e-11
51 95 1.9199e-11
51 97 1.9199e-11
51 99 1.9199e-11
53 1 1.9199e-11
53 3 1.9199e-11
53 5 1.9199e-11
53 7 1.9199e-11
53 9 1.9199e-11
53 11 1.9199e-11
53 13 1.9199e-11
53 15 1.9199e-11
53 17 1.9199e-11
53 19 1.9199e-11
53 21 1.9199e-11
53 23 1.9199e-11
53 25 1.9199e-11
53 27 1.92e-11
53 29 1.9202e-11
53 31 1.9199e-11
53 33 1.9183e-11
53 35 1.9559e-11
53 37 1.8543e-11
53 39 1.6786e-11
53 41 1.2565e-11
53 43 1.8785e-11
53 45 1.7638e-11
53 47 1.3736e-11
53 49 2.8112e-12
53 51 8.799e-12
53 53 4.5086e-11
53 55 2.1946e-11
53 57 3.9559e-11
53 59 1.5213e-11
53 61 1.8819e-11
53 63 2.0387e-11
53 65 1.9189e-11
53 67 1.9259e-11
53 69 1.9172e-11
53 71 1.9199e-11
53 73 1.9198e-11
53 75 1.9199e-11
53 77 1.9199e-11
53 79 1.9199e-11
53 81 1.9199e-11
53 83 1.9199e-11
53 85 1.9199e-11
53 87 1.9199e-11
53 89 1.9199e-11
53 91 1.9199e-11
53 93 1.9199e-11
53 95 1.9199e-11
53 97 1.9199e-11
53 99 1.9199e-11
55 1 1.9199e-11
55 3 1.9199e-11
55 5 1.9199e-11
55 7 1.9199e-11
55 9 1.9199e-11
55 11 1.9199e-11
55 13 1.9199e-11
55 15 1.9199e-11
55 17 1.9199e-11
55 19 1.9199e-11
55 21 1.9199e-11
55 23 1.9199e-11
55 25 1.9199e-11
55 27 1.9199e-11
55 29 1.9201e-11
55 31 1.9196e-11
55 33 1.9187e-11
55 35 1.9576e-11
55 37 1.8317e-11
55 39 1.6652e-11
55 41 1.2428e-11
55 43 1.7269e-11
55 45 1.8197e-11
55 47 1.4241e-11
55 49 5.087e-12
55 51 8.77e-12
55 53 5.3398e-11
55 55 3.2902e-11
55 57 3.8182e-11
55 59 1.6819e-11
55 61 1.9025e-11
55 63 2.0395e-11
55 65 1.9202e-11
55 67 1.9239e-11
55 69 1.9171e-11
55 71 1.9199e-11
55 73 1.9198e-11
55 75 1.9199e-11
55 77 1.9199e-11
55 79 1.9199e-11
55 81 1.9199e-11
55 83 1.9199e-11
55 85 1.9199e-11
55 87 1.9199e-11
55 89 1.9199e-11
55 91 1.9199e-11
55 93 1.9199e-11
55 95 1.9199e-11
55 97 1.9199e-11
55 99 1.9199e-11
57 1 1.9199e-11
57 3 1.9199e-11
57 5 1.9199e-11
57 7 1.9199e-11
57 9 1.9199e-11
57 11 1.9199e-11
57 13 1.9199e-11
57 15 1.9199e-11
57 17 1.9199e-11
57 19 1.9199e-11
57 21 1.9199e-11
57 23 1.9199e-11
57 25 1.9199e-11
57 27 1.9199e-11
57 29 1.92e-11
57 31 1.9198e-11
57 33 1.9204e-11
57 35 1.9536e-11
57 37 1.8199e-11
57 39 1.6786e-11
57 41 1.3008e-11
57 43 1.6024e-11
57 45 1.7368e-11
57 47 1.667e-11
57 49 1.0596e-11
57 51 9.9203e-12
57 53 5.419e-11
57 55 4.4337e-11
57 57 3.6246e-11
57 59 1.7539e-11
57 61 1.9419e-11
57 63 2.0288e-11
57 65 1.9195e-11
57 67 1.9217e-11
57 69 1.9173e-11
57 71 1.92e-11
57 73 1.9198e-11
57 75 1.9199e-11
57 77 1.9199e-11
57 79 1.9199e-11
57 81 1.9199e-11
57 83 1.9199e-11
57 85 1.9199e-11
57 87 1.9199e-11
57 89 1.9199e-11
57 91 1.9199e-11
57 93 1.9199e-11
57 95 1.9199e-11
57 97 1.9199e-11
57 99 1.9199e-11
59 1 1.9199e-11
59 3 1.9199e-11
59 5 1.9199e-11
59 7 1.9199e-11
59 9 1.9199e-11
59 11 1.9199e-11
59 13 1.9199e-11
59 15 1.9199e-11
59 17 1.9199e-11
59 19 1.9199e-11
59 21 1.9199e-11
59 23 1.9199e-11
59 25 1.9199e-11
59 27 1.9199e-11
59 29 1.9201e-11
59 31 1.9204e-11
59 33 1.9227e-11
59 35 1.9446e-11
59 37 1.8215e-11
59 39 1.7232e-11
59 41 1.4387e-11
59 43 1.4904e-11
59 45 1.5779e-11
59 47 2.1905e-11
59 49 2.2492e-11
59 51 1.2005e-11
59 53 4.4894e-11
59 55 5.3104e-11
59 57 3.4442e-11
59 59 1.7352e-11
59 61 2.0007e-11
59 63 2.0072e-11
59 65 1.9159e-11
59 67 1.92e-11
59 69 1.9176e-11
59 71 1.92e-11
59 73 1.9198e-11
59 75 1.9199e-11
59 77 1.9199e-11
59 79 1.9199e-11
59 81 1.9199e-11
59 83 1.9199e-11
59 85 1.9199e-11
59 87 1.9199e-11
59 89 1.9199e-11
59 91 1.9199e-11
59 93 1.9199e-11
59 95 1.9199e-11
59 97 1.9199e-11
59 99 1.9199e-11
61 1 1.9199e-11
61 3 1.9199e-11
61 5 1.9199e-11
61 7 1.9199e-11
61 9 1.9199e-11
61 11 1.9199e-11
61 13 1.9199e-11
61 15 1.9199e-11
61 17 1.9199e-11
61 19 1.9199e-11
61 21 1.9199e-11
61 23 1.9199e-11
61 25 1.9199e-11
61 27 1.9199e-11
61 29 1.9201e-11
61 31 1.9213e-11
61 33 1.9244e-11
61 35 1.9324e-11
61 37 1.8361e-11
61 39 1.7967e-11
61 41 1.6557e-11
61 43 1.3951e-11
61 45 1.4464e-11
61 47 3.1425e-11
61 49 4.4876e-11
61 51 1.4558e-11
61 53 2.9961e-11
61 55 5.8079e-11
61 57 3.3062e-11
61 59 1.6761e-11
61 61 2.0636e-11
61 63 1.9795e-11
61 65 1.9113e-11
61 67 1.9191e-11
61 69 1.9178e-11
61 71 1.9201e-11
61 73 1.9198e-11
61 75 1.9199e-11
61 77 1.9199e-11
61 79 1.9199e-11
61 81 1.9199e-11
61 83 1.9199e-11
61 85 1.9199e-11
61 87 1.9199e-11
61 89 1.9199e-11
61 91 1.9199e-11
61 93 1.9199e-11
61 95 1.9199e-11
61 97 1.9199e-11
61 99 1.9199e-11
63 1 1.9199e-11
63 3 1.9199e-11
63 5 1.9199e-11
63 7 1.9199e-11
63 9 1.9199e-11
63 11 1.9199e-11
63 13 1.9199e-11
63 15 1.9199e-11
63 17 1.9199e-11
63 19 1.9199e-11
63 21 1.9199e-11
63 23 1.9199e-11
63 25 1.9199e-11
63 27 1.9199e-11
63 29 1.9203e-11
63 31 1.922e-11
63 33 1.9246e-11
63 35 1.9201e-11
63 37 1.8607e-11
63 39 1.8882e-11
63 41 1.9285e-11
63 43 1.3422e-11
63 45 1.4092e-11
63 47 4.642e-11
63 49 8.1187e-11
63 51 1.7464e-11
63 53 1.6933e-11
63 55 5.9154e-11
63 57 3.2167e-11
63 59 1.6421e-11
63 61 2.1074e-11
63 63 1.9536e-11
63 65 1.9086e-11
63 67 1.9191e-11
63 69 1.9178e-11
63 71 1.9202e-11
63 73 1.9198e-11
63 75 1.9199e-11
63 77 1.9199e-11
63 79 1.9199e-11
63 81 1.9199e-11
63 83 1.9199e-11
63 85 1.9199e-11
63 87 1.9199e-11
63 89 1.9199e-11
63 91 1.9199e-11
63 93 1.9199e-11
63 95 1.9199e-11
63 97 1.9199e-11
63 99 1.9199e-11
65 1 1.9199e-11
65 3 1.9199e-11
65 5 1.9199e-11
65 7 1.9199e-11
65 9 1.9199e-11
65 11 1.9199e-11
65 13 1.9199e-11
65 15 1.9199e-11
65 17 1.9199e-11
65 19 1.9199e-11
65 21 1.9199e-11
65 23 1.9199e-11
65 25 1.9199e-11
65 27 1.9199e-11
65 29 1.9203e-11
65 31 1.9225e-11
65 33 1.9235e-11
65 35 1.9101e-11
65 37 1.8917e-11
65 39 1.9824e-11
65 41 2.2055e-11
65 43 1.3603e-11
65 45 1.4847e-11
65 47 6.5152e-11
65 49 1.3002e-10
65 51 2.1401e-11
65 53 9.0295e-12
65 55 5.5249e-11
65 57 3.1781e-11
65 59 1.6795e-11
65 61 2.1169e-11
65 63 1.9358e-11
65 65 1.9098e-11
65 67 1.9199e-11
65 69 1.9175e-11
65 71 1.9202e-11
65 73 1.9198e-11
65 75 1.9199e-11
65 77 1.9199e-11
65 79 1.9199e-11
65 81 1.9199e-11
65 83 1.9199e-11
65 85 1.9199e-11
65 87 1.9199e-11
65 89 1.9199e-11
65 91 1.9199e-11
65 93 1.9199e-11
65 95 1.9199e-11
65 97 1.9199e-11
65 99 1.9199e-11
67 1 1.9199e-11
67 3 1.9199e-11
67 5 1.9199e-11
67 7 1.9199e-11
67 9 1.9199e-11
67 11 1.9199e-11
67 13 1.9199e-11
67 15 1.9199e-11
67 17 1.9199e-11
67 19 1.9199e-11
67 21 1.9199e-11
67 23 1.9199e-11
67 25 1.9199e-11
67 27 1.9199e-11
67 29 1.9204e-11
67 31 1.9226e-11
67 33 1.9221e-11
67 35 1.9035e-11
67 37 1.9262e-11
67 39 2.068e-11
67 41 2.4278e-11
67 43 1.4614e-11
67 45 1.6669e-11
67 47 8.0408e-11
67 49 1.7709e-10
67 51 2.7288e-11
67 53 5.1854e-12
67 55 4.6203e-11
67 57 3.201e-11
67 59 1.8016e-11
67 61 2.0935e-11
67 63 1.9279e-11
67 65 1.9142e-11
67 67 1.9215e-11
67 69 1.9172e-11
67 71 1.9201e-11
67 73 1.9198e-11
67 75 1.9199e-11
67 77 1.9199e-11
67 79 1.9199e-11
67 81 1.9199e-11
67 83 1.9199e-11
67 85 1.9199e-11
67 87 1.9199e-11
67 89 1.9199e-11
67 91 1.9199e-11
67 93 1.9199e-11
67 95 1.9199e-11
67 97 1.9199e-11
67 99 1.9199e-11
69 1 1.9199e-11
69 3 1.9199e-11
69 5 1.9199e-11
69 7 1.9199e-11
69 9 1.9199e-11
69 11 1.9199e-11
69 13 1.9199e-11
69 15 1.9199e-11
69 17 1.9199e-11
69 19 1.9199e-11
69 21 1.9199e-11
69 23 1.9199e-11
69 25 1.9199e-11
69 27 1.9199e-11
69 29 1.9204e-11
69 31 1.9224e-11
69 33 1.9215e-11
69 35 1.8999e-11
69 37 1.9619e-11
69 39 2.1422e-11
69 41 2.5696e-11
69 43 1.6303e-11
69 45 1.9537e-11
69 47 8.3183e-11
69 49 1.9618e-10
69 51 3.4867e-11
69 53 3.616e-12
69 55 3.5373e-11
69 57 3.3081e-11
69 59 1.9823e-11
69 61 2.049e-11
69 63 1.9264e-11
69 65 1.9198e-11
69 67 1.9238e-11
69 69 1.9169e-11
69 71 1.92e-11
69 73 1.9199e-11
69 75 1.9199e-11
69 77 1.9199e-11
69 79 1.9199e-11
69 81 1.9199e-11
69 83 1.9199e-11
69 85 1.9199e-11
69 87 1.9199e-11
69 89 1.9199e-11
69 91 1.9199e-11
69 93 1.9199e-11
69 95 1.9199e-11
69 97 1.9199e-11
69 99 1.9199e-11
71 1 1.9199e-11
71 3 1.9199e-11
71 5 1.9199e-11
71 7 1.9199e-11
71 9 1.9199e-11
71 11 1.9199e-11
71 13 1.9199e-11
71 15 1.9199e-11
71 17 1.9199e-11
71 19 1.9199e-11
71 21 1.9199e-11
71 23 1.9199e-11
71 25 1.9199e-11
71 27 1.9199e-11
71 29 1.9204e-11
71 31 1.922e-11
71 33 1.9222e-11
71 35 1.8986e-11
71 37 1.9964e-11
71 39 2.2083e-11
71 41 2.6499e-11
71 43 1.8287e-11
71 45 2.3691e-11
71 47 7.2092e-11
71 49 1.7472e-10
71 51 4.1264e-11
71 53 3.3225e-12
71 55 2.7058e-11
71 57 3.5211e-11
71 59 2.1584e-11
71 61 1.9924e-11
71 63 1.9245e-11
71 65 1.9247e-11
71 67 1.9266e-11
71 69 1.9167e-11
71 71 1.9199e-11
71 73 1.9199e-11
71 75 1.9199e-11
71 77 1.9199e-11
71 79 1.9199e-11
71 81 1.9199e-11
71 83 1.9199e-11
71 85 1.9199e-11
71 87 1.9199e-11
71 89 1.9199e-11
71 91 1.9199e-11
71 93 1.9199e-11
71 95 1.9199e-11
71 97 1.9199e-11
71 99 1.9199e-11
73 1 1.9199e-11
73 3 1.9199e-11
73 5 1.9199e-11
73 7 1.9199e-11
73 9 1.9199e-11
73 11 1.9199e-11
73 13 1.9199e-11
73 15 1.9199e-11
73 17 1.9199e-11
73 19 1.9199e-11
73 21 1.9199e-11
73 23 1.9199e-11
73 25 1.9199e-11
73 27 1.9199e-11
73 29 1.9204e-11
73 31 1.9215e-11
73 33 1.9238e-11
73 35 1.8991e-11
73 37 2.0272e-11
73 39 2.2673e-11
73 41 2.699e-11
73 43 2.0164e-11
73 45 2.957e-11
73 47 5.4965e-11
73 49 1.3085e-10
73 51 4.2169e-11
73 53 4.1019e-12
73 55 2.3079e-11
73 57 3.8239e-11
73 59 2.258e-11
73 61 1.925e-11
73 63 1.9174e-11
73 65 1.9279e-11
73 67 1.9296e-11
73 69 1.9167e-11
73 71 1.9198e-11
73 73 1.9199e-11
73 75 1.9199e-11
73 77 1.9199e-11
73 79 1.9199e-11
73 81 1.9199e-11
73 83 1.9199e-11
73 85 1.9199e-11
73 87 1.9199e-11
73 89 1.9199e-11
73 91 1.9199e-11
73 93 1.9199e-11
73 95 1.9199e-11
73 97 1.9199e-11
73 99 1.9199e-11
75 1 1.9199e-11
75 3 1.9199e-11
75 5 1.9199e-11
75 7 1.9199e-11
75 9 1.9199e-11
75 11 1.9199e-11
75 13 1.9199e-11
75 15 1.9199e-11
75 17 1.9199e-11
75 19 1.9199e-11
75 21 1.9199e-11
75 23 1.9199e-11
75 25 1.9199e-11
75 27 1.9199e-11
75 29 1.9205e-11
75 31 1.921e-11
75 33 1.9254e-11
75 35 1.9018e-11
75 37 2.0528e-11
75 39 2.3111e-11
75 41 2.7207e-11
75 43 2.1739e-11
75 45 3.7208e-11
75 47 3.9955e-11
75 49 9.0082e-11
75 51 3.6232e-11
75 53 6.3987e-12
75 55 2.3402e-11
75 57 4.1136e-11
75 59 2.2505e-11
75 61 1.8478e-11
75 63 1.9049e-11
75 65 1.9295e-11
75 67 1.9322e-11
75 69 1.917e-11
75 71 1.9198e-11
75 73 1.9199e-11
75 75 1.9199e-11
75 77 1.9199e-11
75 79 1.9199e-11
75 81 1.9199e-11
75 83 1.9199e-11
75 85 1.9199e-11
75 87 1.9199e-11
75 89 1.9199e-11
75 91 1.9199e-11
75 93 1.9199e-11
75 95 1.9199e-11
75 97 1.9199e-11
75 99 1.9199e-11
77 1 1.9199e-11
77 3 1.9199e-11
77 5 1.9199e-11
77 7 1.9199e-11
77 9 1.9199e-11
77 11 1.9199e-11
77 13 1.9199e-11
77 15 1.9199e-11
77 17 1.9199e-11
77 19 1.9199e-11
77 21 1.9199e-11
77 23 1.9199e-11
77 25 1.9199e-11
77 27 1.9199e-11
77 29 1.9205e-11
77 31 1.9205e-11
77 33 1.9263e-11
77 35 1.9071e-11
77 37 2.072e-11
77 39 2.3233e-11
77 41 2.6868e-11
77 43 2.2929e-11
77 45 4.5397e-11
77 47 3.0015e-11
77 49 6.2669e-11
77 51 2.6747e-11
77 53 1.111e-11
77 55 2.7698e-11
77 57 4.2032e-11
77 59 2.1641e-11
77 61 1.7707e-11
77 63 1.8919e-11
77 65 1.93e-11
77 67 1.9336e-11
77 69 1.9174e-11
77 71 1.9198e-11
77 73 1.9199e-11
77 75 1.9199e-11
77 77 1.9199e-11
77 79 1.9199e-11
77 81 1.9199e-11
77 83 1.9199e-11
77 85 1.9199e-11
77 87 1.9199e-11
77 89 1.9199e-11
77 91 1.9199e-11
77 93 1.9199e-11
77 95 1.9199e-11
77 97 1.9199e-11
77 99 1.9199e-11
79 1 1.9199e-11
79 3 1.9199e-11
79 5 1.9199e-11
79 7 1.9199e-11
79 9 1.9199e-11
79 11 1.9199e-11
79 13 1.9199e-11
79 15 1.9199e-11
79 17 1.9199e-11
79 19 1.9199e-11
79 21 1.9199e-11
79 23 1.9199e-11
79 25 1.9199e-11
79 27 1.9199e-11
79 29 1.9206e-11
79 31 1.9201e-11
79 33 1.926e-11
79 35 1.9138e-11
79 37 2.0818e-11
79 39 2.2919e-11
79 41 2.565e-11
79 43 2.3504e-11
79 45 5.1821e-11
79 47 2.4595e-11
79 49 4.6622e-11
79 51 1.8147e-11
79 53 1.8948e-11
79 55 3.5164e-11
79 57 3.9536e-11
79 59 2.0536e-11
79 61 1.7116e-11
79 63 1.8845e-11
79 65 1.9307e-11
79 67 1.933e-11
79 69 1.9178e-11
79 71 1.9199e-11
79 73 1.9199e-11
79 75 1.9199e-11
79 77 1.9199e-11
79 79 1.9199e-11
79 81 1.9199e-11
79 83 1.9199e-11
79 85 1.9199e-11
79 87 1.9199e-11
79 89 1.9199e-11
79 91 1.9199e-11
79 93 1.9199e-11
79 95 1.9199e-11
79 97 1.9199e-11
79 99 1.9199e-11
81 1 1.9199e-11
81 3 1.9199e-11
81 5 1.9199e-11
81 7 1.9199e-11
81 9 1.9199e-11
81 11 1.9199e-11
81 13 1.9199e-11
81 15 1.9199e-11
81 17 1.9199e-11
81 19 1.9199e-11
81 21 1.9199e-11
81 23 1.9199e-11
81 25 1.9199e-11
81 27 1.9199e-11
81 29 1.9206e-11
81 31 1.9199e-11
81 33 1.9249e-11
81 35 1.9196e-11
81 37 2.0773e-11
81 39 2.2226e-11
81 41 2.3564e-11
81 43 2.3091e-11
81 45 5.4838e-11
81 47 2.2354e-11
81 49 3.6675e-11
81 51 1.2659e-11
81 53 3.0165e-11
81 55 4.32e-11
81 57 3.4314e-11
81 59 1.9623e-11
81 61 1.6878e-11
81 63 1.8865e-11
81 65 1.9334e-11
81 67 1.9306e-11
81 69 1.9184e-11
81 71 1.9199e-11
81 73 1.9199e-11
81 75 1.9199e-11
81 77 1.9199e-11
81 79 1.9199e-11
81 81 1.9199e-11
81 83 1.9199e-11
81 85 1.9199e-11
81 87 1.9199e-11
81 89 1.9199e-11
81 91 1.9199e-11
81 93 1.9199e-11
81 95 1.9199e-11
81 97 1.9199e-11
81 99 1.9199e-11
83 1 1.9199e-11
83 3 1.9199e-11
83 5 1.9199e-11
83 7 1.9199e-11
83 9 1.9199e-11
83 11 1.9199e-11
83 13 1.9199e-11
83 15 1.9199e-11
83 17 1.9199e-11
83 19 1.9199e-11
83 21 1.9199e-11
83 23 1.9199e-11
83 25 1.9199e-11
83 27 1.9199e-11
83 29 1.9206e-11
83 31 1.9199e-11
83 33 1.9237e-11
83 35 1.9222e-11
83 37 2.0546e-11
83 39 2.1396e-11
83 41 2.1066e-11
83 43 2.1579e-11
83 45 5.4828e-11
83 47 2.2022e-11
83 49 2.8372e-11
83 51 1.0391e-11
83 53 4.6052e-11
83 55 4.7622e-11
83 57 2.8632e-11
83 59 1.909e-11
83 61 1.7079e-11
83 63 1.8973e-11
83 65 1.9387e-11
83 67 1.9268e-11
83 69 1.9188e-11
83 71 1.9199e-11
83 73 1.92e-11
83 75 1.9199e-11
83 77 1.9199e-11
83 79 1.9199e-11
83 81 1.9199e-11
83 83 1.9199e-11
83 85 1.9199e-11
83 87 1.9199e-11
83 89 1.9199e-11
83 91 1.9199e-11
83 93 1.9199e-11
83 95 1.9199e-11
83 97 1.9199e-11
83 99 1.9199e-11
85 1 1.9199e-11
85 3 1.9199e-11
85 5 1.9199e-11
85 7 1.9199e-11
85 9 1.9199e-11
85 11 1.9199e-11
85 13 1.9199e-11
85 15 1.9199e-11
85 17 1.9199e-11
85 19 1.9199e-11
85 21 1.9199e-11
85 23 1.9199e-11
85 25 1.9199e-11
85 27 1.9199e-11
85 29 1.9205e-11
85 31 1.9201e-11
85 33 1.9229e-11
85 35 1.9207e-11
85 37 2.0161e-11
85 39 2.0708e-11
85 41 1.8787e-11
85 43 1.9432e-11
85 45 5.3302e-11
85 47 2.213e-11
85 49 1.9959e-11
85 51 1.1092e-11
85 53 6.9469e-11
85 55 4.5801e-11
85 57 2.4382e-11
85 59 1.8943e-11
85 61 1.7682e-11
85 63 1.9125e-11
85 65 1.9451e-11
85 67 1.9229e-11
85 69 1.9192e-11
85 71 1.9198e-11
85 73 1.92e-11
85 75 1.9199e-11
85 77 1.9199e-11
85 79 1.9199e-11
85 81 1.9199e-11
85 83 1.9199e-11
85 85 1.9199e-11
85 87 1.9199e-11
85 89 1.9199e-11
85 91 1.9199e-11
85 93 1.9199e-11
85 95 1.9199e-11
85 97 1.9199e-11
85 99 1.9199e-11
87 1 1.9199e-11
87 3 1.9199e-11
87 5 1.9199e-11
87 7 1.9199e-11
87 9 1.9199e-11
87 11 1.9199e-11
87 13 1.9199e-11
87 15 1.9199e-11
87 17 1.9199e-11
87 19 1.9199e-11
87 21 1.9199e-11
87 23 1.9199e-11
87 25 1.9199e-11
87 27 1.9199e-11
87 29 1.9203e-11
87 31 1.9202e-11
87 33 1.9225e-11
87 35 1.9163e-11
87 37 1.9705e-11
87 39 2.0328e-11
87 41 1.7173e-11
87 43 1.7406e-11
87 45 5.1542e-11
87 47 2.0923e-11
87 49 1.2738e-11
87 51 1.5507e-11
87 53 9.9038e-11
87 55 3.8844e-11
87 57 2.2135e-11
87 59 1.9101e-11
87 61 1.854e-11
87 63 1.9266e-11
87 65 1.949e-11
87 67 1.9201e-11
87 69 1.9196e-11
87 71 1.9197e-11
87 73 1.92e-11
87 75 1.9199e-11
87 77 1.9199e-11
87 79 1.9199e-11
87 81 1.9199e-11
87 83 1.9199e-11
87 85 1.9199e-11
87 87 1.9199e-11
87 89 1.9199e-11
87 91 1.9199e-11
87 93 1.9199e-11
87 95 1.9199e-11
87 97 1.9199e-11
87 99 1.9199e-11
89 1 1.9199e-11
89 3 1.9199e-11
89 5 1.9199e-11
89 7 1.9199e-11
89 9 1.9199e-11
89 11 1.9199e-11
89 13 1.9199e-11
89 15 1.9199e-11
89 17 1.9199e-11
89 19 1.9199e-11
89 21 1.9199e-11
89 23 1.9199e-11
89 25 1.9199e-11
89 27 1.9199e-11
89 29 1.9202e-11
89 31 1.9202e-11
89 33 1.9223e-11
89 35 1.9119e-11
89 37 1.9292e-11
89 39 2.0249e-11
89 41 1.6347e-11
89 43 1.6006e-11
89 45 5.0379e-11
89 47 1.7509e-11
89 49 8.2785e-12
89 51 2.5772e-11
89 53 1.1886e-10
89 55 2.992e-11
89 57 2.1496e-11
89 59 1.9469e-11
89 61 1.9424e-11
89 63 1.9363e-11
89 65 1.9473e-11
89 67 1.9196e-11
89 69 1.92e-11
89 71 1.9196e-11
89 73 1.92e-11
89 75 1.9199e-11
89 77 1.9199e-11
89 79 1.9199e-11
89 81 1.9199e-11
89 83 1.9199e-11
89 85 1.9199e-11
89 87 1.9199e-11
89 89 1.9199e-11
89 91 1.9199e-11
89 93 1.9199e-11
89 95 1.9199e-11
89 97 1.9199e-11
89 99 1.9199e-11
91 1 1.9199e-11
91 3 1.9199e-11
91 5 1.9199e-11
91 7 1.9199e-11
91 9 1.9199e-11
91 11 1.9199e-11
91 13 1.9199e-11
91 15 1.9199e-11
91 17 1.9199e-11
91 19 1.9199e-11
91 21 1.9199e-11
91 23 1.9199e-11
91 25 1.9199e-11
91 27 1.9199e-11
91 29 1.92e-11
91 31 1.92e-11
91 33 1.9218e-11
91 35 1.9096e-11
91 37 1.9015e-11
91 39 2.0325e-11
91 41 1.6202e-11
91 43 1.5247e-11
91 45 5.0527e-11
91 47 1.2979e-11
91 49 6.553e-12
91 51 4.3582e-11
91 53 1.0859e-10
91 55 2.177e-11
91 57 2.1678e-11
91 59 1.9942e-11
91 61 2.0094e-11
91 63 1.9428e-11
91 65 1.9392e-11
91 67 1.9212e-11
91 69 1.9205e-11
91 71 1.9194e-11
91 73 1.92e-11
91 75 1.9199e-11
91 77 1.9199e-11
91 79 1.9199e-11
91 81 1.9199e-11
91 83 1.9199e-11
91 85 1.9199e-11
91 87 1.9199e-11
91 89 1.9199e-11
91 91 1.9199e-11
91 93 1.9199e-11
91 95 1.9199e-11
91 97 1.9199e-11
91 99 1.9199e-11
93 1 1.9199e-11
93 3 1.9199e-11
93 5 1.9199e-11
93 7 1.9199e-11
93 9 1.9199e-11
93 11 1.9199e-11
93 13 1.9199e-11
93 15 1.9199e-11
93 17 1.9199e-11
93 19 1.9199e-11
93 21 1.9199e-11
93 23 1.9199e-11
93 25 1.9199e-11
93 27 1.9199e-11
93 29 1.9199e-11
93 31 1.9197e-11
93 33 1.9213e-11
93 35 1.9106e-11
93 37 1.8921e-11
93 39 2.0354e-11
93 41 1.6553e-11
93 43 1.48e-11
93 45 5.2636e-11
93 47 9.1989e-12
93 49 7.1011e-12
93 51 6.4631e-11
93 53 7.6135e-11
93 55 1.5786e-11
93 57 2.2009e-11
93 59 2.0324e-11
93 61 2.0373e-11
93 63 1.9498e-11
93 65 1.9266e-11
93 67 1.9244e-11
93 69 1.9211e-11
93 71 1.9193e-11
93 73 1.92e-11
93 75 1.9199e-11
93 77 1.9199e-11
93 79 1.9199e-11
93 81 1.9199e-11
93 83 1.9199e-11
93 85 1.9199e-11
93 87 1.9199e-11
93 89 1.9199e-11
93 91 1.9199e-11
93 93 1.9199e-11
93 95 1.9199e-11
93 97 1.9199e-11
93 99 1.9199e-11
95 1 1.9199e-11
95 3 1.9199e-11
95 5 1.9199e-11
95 7 1.9199e-11
95 9 1.9199e-11
95 11 1.9199e-11
95 13 1.9199e-11
95 15 1.9199e-11
95 17 1.9199e-11
95 19 1.9199e-11
95 21 1.9199e-11
95 23 1.9199e-11
95 25 1.9199e-11
95 27 1.9198e-11
95 29 1.9198e-11
95 31 1.9194e-11
95 33 1.9212e-11
95 35 1.9142e-11
95 37 1.9007e-11
95 39 2.0193e-11
95 41 1.7266e-11
95 43 1.4346e-11
95 45 5.6833e-11
95 47 7.0495e-12
95 49 1.0157e-11
95 51 7.6212e-11
95 53 4.689e-11
95 55 1.2171e-11
95 57 2.2312e-11
95 59 2.0289e-11
95 61 2.0202e-11
95 63 1.9596e-11
95 65 1.9127e-11
95 67 1.928e-11
95 69 1.9217e-11
95 71 1.9191e-11
95 73 1.9199e-11
95 75 1.9199e-11
95 77 1.9199e-11
95 79 1.9199e-11
95 81 1.9199e-11
95 83 1.9199e-11
95 85 1.9199e-11
95 87 1.9199e-11
95 89 1.9199e-11
95 91 1.9199e-11
95 93 1.9199e-11
95 95 1.9199e-11
95 97 1.9199e-11
95 99 1.9199e-11
97 1 1.9199e-11
97 3 1.9199e-11
97 5 1.9199e-11
97 7 1.9199e-11
97 9 1.9199e-11
97 11 1.9199e-11
97 13 1.9199e-11
97 15 1.9199e-11
97 17 1.9199e-11
97 19 1.9199e-11
97 21 1.9199e-11
97 23 1.9199e-11
97 25 1.9199e-11
97 27 1.9198e-11
97 29 1.9197e-11
97 31 1.9192e-11
97 33 1.9219e-11
97 35 1.9189e-11
97 37 1.9217e-11
97 39 1.9842e-11
97 41 1.8293e-11
97 43 1.3939e-11
97 45 6.164e-11
97 47 6.4939e-12
97 49 1.6267e-11
97 51 6.8914e-11
97 53 3.0518e-11
97 55 1.0479e-11
97 57 2.2775e-11
97 59 1.9569e-11
97 61 1.966e-11
97 63 1.9697e-11
97 65 1.8999e-11
97 67 1.9309e-11
97 69 1.9222e-11
97 71 1.919e-11
97 73 1.9199e-11
97 75 1.9199e-11
97 77 1.9199e-11
97 79 1.9199e-11
97 81 1.9199e-11
97 83 1.9199e-11
97 85 1.9199e-11
97 87 1.9199e-11
97 89 1.9199e-11
97 91 1.9199e-11
97 93 1.9199e-11
97 95 1.9199e-11
97 97 1.9199e-11
97 99 1.9199e-11
99 1 1.9199e-11
99 3 1.9199e-11
99 5 1.9199e-11
99 7 1.9199e-11
99 9 1.9199e-11
99 11 1.9199e-11
99 13 1.9199e-11
99 15 1.9199e-11
99 17 1.9199e-11
99 19 1.9199e-11
99 21 1.9199e-11
99 23 1.9199e-11
99 25 1.9199e-11
99 27 1.9198e-11
99 29 1.9197e-11
99 31 1.9191e-11
99 33 1.9237e-11
99 35 1.9229e-11
99 37 1.9461e-11
99 39 1.9455e-11
99 41 1.9564e-11
99 43 1.4043e-11
99 45 6.296e-11
99 47 7.3192e-12
99 49 2.4253e-11
99 51 4.8678e-11
99 53 2.3637e-11
99 55 1.0104e-11
99 57 2.3437e-11
99 59 1.8281e-11
99 61 1.8939e-11
99 63 1.975e-11
99 65 1.8894e-11
99 67 1.9325e-11
99 69 1.9225e-11
99 71 1.9188e-11
99 73 1.9199e-11
99 75 1.9199e-11
99 77 1.9199e-11
99 79 1.9199e-11
99 81 1.9199e-11
99 83 1.9199e-11
99 85 1.9199e-11
99 87 1.9199e-11
99 89 1.9199e-11
99 91 1.9199e-11
99 93 1.9199e-11
99 95 1.9199e-11
99 97 1.9199e-11
99 99 1.9199e-11
