0.0333333 0.0333333 9.52438e-06
0.1 0.0333333 2.40677e-05
0.166667 0.0333333 3.99588e-05
0.233333 0.0333333 5.48904e-05
0.3 0.0333333 7.88734e-05
0.366667 0.0333333 0.00011926
0.433333 0.0333333 0.000170274
0.5 0.0333333 0.000216205
0.566667 0.0333333 0.000243578
0.633333 0.0333333 0.0002489
0.7 0.0333333 0.000236877
0.766667 0.0333333 0.000214573
0.833333 0.0333333 0.000187676
0.9 0.0333333 0.000159753
0.966667 0.0333333 0.000132835
1.03333 0.0333333 0.000108072
1.1 0.0333333 8.61222e-05
1.16667 0.0333333 6.72902e-05
1.23333 0.0333333 5.15447e-05
1.3 0.0333333 3.85289e-05
1.36667 0.0333333 2.76547e-05
1.43333 0.0333333 1.82726e-05
1.5 0.0333333 9.88494e-06
1.56667 0.0333333 2.3594e-06
1.63333 0.0333333 3.97482e-06
1.7 0.0333333 8.48998e-06
1.76667 0.0333333 1.05721e-05
1.83333 0.0333333 9.89227e-06
1.9 0.0333333 6.53349e-06
1.96667 0.0333333 9.53512e-07
2.03333 0.0333333 6.15319e-06
2.1 0.0333333 1.40112e-05
2.16667 0.0333333 2.18826e-05
2.23333 0.0333333 2.91286e-05
2.3 0.0333333 3.52262e-05
2.36667 0.0333333 3.97595e-05
2.43333 0.0333333 4.23986e-05
2.5 0.0333333 4.2878e-05
2.56667 0.0333333 4.10057e-05
2.63333 0.0333333 3.67485e-05
2.7 0.0333333 3.04153e-05
2.76667 0.0333333 2.2806e-05
2.83333 0.0333333 1.52911e-05
2.9 0.0333333 9.80477e-06
2.96667 0.0333333 8.3673e-06
3.03333 0.0333333 1.22534e-05
3.1 0.0333333 2.13072e-05
3.16667 0.0333333 3.38236e-05
3.23333 0.0333333 4.71949e-05
3.3 0.0333333 5.88464e-05
3.36667 0.0333333 6.70731e-05
3.43333 0.0333333 7.13709e-05
3.5 0.0333333 7.21455e-05
3.56667 0.0333333 7.02172e-05
3.63333 0.0333333 6.64695e-05
3.7 0.0333333 6.16784e-05
3.76667 0.0333333 5.64287e-05
3.83333 0.0333333 5.11038e-05
3.9 0.0333333 4.59261e-05
3.96667 0.0333333 4.10147e-05
4.03333 0.0333333 3.64284e-05
4.1 0.0333333 3.21887e-05
4.16667 0.0333333 2.82907e-05
4.23333 0.0333333 2.47153e-05
4.3 0.0333333 2.14387e-05
4.36667 0.0333333 1.84374e-05
4.43333 0.0333333 1.56856e-05
4.5 0.0333333 1.31538e-05
4.56667 0.0333333 1.08111e-05
4.63333 0.0333333 8.62797e-06
4.7 0.0333333 6.58004e-06
4.76667 0.0333333 4.66015e-06
4.83333 0.0333333 2.89539e-06
4.9 0.0333333 1.38816e-06
4.96667 0.0333333 4.29339e-07
0.0333333 0.1 2.25167e-05
0.1 0.1 1.67983e-06
0.166667 0.1 1.90974e-05
0.233333 0.1 2.77677e-05
0.3 0.1 2.2697e-05
0.366667 0.1 2.72462e-07
0.433333 0.1 3.66629e-05
0.5 0.1 7.7525e-05
0.566667 0.1 0.000109649
0.633333 0.1 0.000126683
0.7 0.1 0.000129673
0.766667 0.1 0.000123078
0.833333 0.1 0.000111009
0.9 0.1 9.62665e-05
0.966667 0.1 8.06334e-05
1.03333 0.1 6.53734e-05
1.1 0.1 5.13827e-05
1.16667 0.1 3.91722e-05
1.23333 0.1 2.89846e-05
1.3 0.1 2.07249e-05
1.36667 0.1 1.40544e-05
1.43333 0.1 8.65024e-06
1.5 0.1 4.12112e-06
1.56667 0.1 1.34226e-07
1.63333 0.1 3.3064e-06
1.7 0.1 5.87596e-06
1.76667 0.1 7.11652e-06
1.83333 0.1 6.67568e-06
1.9 0.1 4.46537e-06
1.96667 0.1 6.94595e-07
2.03333 0.1 4.19787e-06
2.1 0.1 9.65878e-06
2.16667 0.1 1.51118e-05
2.23333 0.1 2.00294e-05
2.3 0.1 2.39797e-05
2.36667 0.1 2.6609e-05
2.43333 0.1 2.76409e-05
2.5 0.1 2.69015e-05
2.56667 0.1 2.42405e-05
2.63333 0.1 1.95558e-05
2.7 0.1 1.30332e-05
2.76667 0.1 5.33751e-06
2.83333 0.1 2.33919e-06
2.9 0.1 8.3971e-06
2.96667 0.1 1.10395e-05
3.03333 0.1 8.86766e-06
3.1 0.1 1.66352e-06
3.16667 0.1 9.35509e-06
3.23333 0.1 2.20148e-05
3.3 0.1 3.37262e-05
3.36667 0.1 4.26279e-05
3.43333 0.1 4.82257e-05
3.5 0.1 5.07512e-05
3.56667 0.1 5.07236e-05
3.63333 0.1 4.88662e-05
3.7 0.1 4.59008e-05
3.76667 0.1 4.23933e-05
3.83333 0.1 3.86949e-05
3.9 0.1 3.49917e-05
3.96667 0.1 3.13925e-05
4.03333 0.1 2.79755e-05
4.1 0.1 2.47831e-05
4.16667 0.1 2.18201e-05
4.23333 0.1 1.90719e-05
4.3 0.1 1.6525e-05
4.36667 0.1 1.41722e-05
4.43333 0.1 1.2008e-05
4.5 0.1 1.00136e-05
4.56667 0.1 8.16372e-06
4.63333 0.1 6.44836e-06
4.7 0.1 4.86997e-06
4.76667 0.1 3.44788e-06
4.83333 0.1 2.24548e-06
4.9 0.1 1.42022e-06
4.96667 0.1 1.32754e-06
0.0333333 0.166667 2.9635e-05
0.1 0.166667 2.27672e-05
0.166667 0.166667 6.49406e-05
0.233333 0.166667 8.09946e-05
0.3 0.166667 8.4355e-05
0.366667 0.166667 8.56259e-05
0.433333 0.166667 7.79836e-05
0.5 0.166667 5.11169e-05
0.566667 0.166667 1.47924e-05
0.633333 0.166667 1.37937e-05
0.7 0.166667 3.1125e-05
0.766667 0.166667 3.95868e-05
0.833333 0.166667 4.19255e-05
0.9 0.166667 3.99385e-05
0.966667 0.166667 3.48627e-05
1.03333 0.166667 2.80762e-05
1.1 0.166667 2.1136e-05
1.16667 0.166667 1.4601e-05
1.23333 0.166667 8.53938e-06
1.3 0.166667 3.45385e-06
1.36667 0.166667 1.37711e-07
1.43333 0.166667 2.0111e-06
1.5 0.166667 2.48722e-06
1.56667 0.166667 2.19616e-06
1.63333 0.166667 1.77301e-06
1.7 0.166667 1.5571e-06
1.76667 0.166667 1.53947e-06
1.83333 0.166667 1.44305e-06
1.9 0.166667 9.33224e-07
1.96667 0.166667 1.87506e-07
2.03333 0.166667 1.89812e-06
2.1 0.166667 3.99702e-06
2.16667 0.166667 6.1754e-06
2.23333 0.166667 8.10649e-06
2.3 0.166667 9.45122e-06
2.36667 0.166667 9.92788e-06
2.43333 0.166667 9.38283e-06
2.5 0.166667 7.68071e-06
2.56667 0.166667 4.71376e-06
2.63333 0.166667 4.84015e-07
2.7 0.166667 4.89585e-06
2.76667 0.166667 1.11702e-05
2.83333 0.166667 1.77591e-05
2.9 0.166667 2.3764e-05
2.96667 0.166667 2.79532e-05
3.03333 0.166667 2.88941e-05
3.1 0.166667 2.56026e-05
3.16667 0.166667 1.81177e-05
3.23333 0.166667 7.72754e-06
3.3 0.166667 3.17033e-06
3.36667 0.166667 1.26332e-05
3.43333 0.166667 1.98829e-05
3.5 0.166667 2.45751e-05
3.56667 0.166667 2.681e-05
3.63333 0.166667 2.71245e-05
3.7 0.166667 2.62908e-05
3.76667 0.166667 2.49563e-05
3.83333 0.166667 2.33339e-05
3.9 0.166667 2.14861e-05
3.96667 0.166667 1.95282e-05
4.03333 0.166667 1.75781e-05
4.1 0.166667 1.57345e-05
4.16667 0.166667 1.39973e-05
4.23333 0.166667 1.23152e-05
4.3 0.166667 1.07034e-05
4.36667 0.166667 9.1866e-06
4.43333 0.166667 7.76835e-06
4.5 0.166667 6.44483e-06
4.56667 0.166667 5.21461e-06
4.63333 0.166667 4.08908e-06
4.7 0.166667 3.094e-06
4.76667 0.166667 2.2815e-06
4.83333 0.166667 1.7637e-06
4.9 0.166667 1.76454e-06
4.96667 0.166667 2.62662e-06
0.0333333 0.233333 2.33836e-05
0.1 0.233333 4.41284e-05
0.166667 0.233333 8.68406e-05
0.233333 0.233333 9.15802e-05
0.3 0.233333 3.01539e-05
0.366667 0.233333 5.93406e-05
0.433333 0.233333 0.000135681
0.5 0.233333 0.000139196
0.566667 0.233333 0.000101904
0.633333 0.233333 6.47878e-05
0.7 0.233333 3.62362e-05
0.766667 0.233333 1.63711e-05
0.833333 0.233333 2.29521e-06
0.9 0.233333 6.08325e-06
0.966667 0.233333 8.16781e-06
1.03333 0.233333 6.8099e-06
1.1 0.233333 4.41342e-06
1.16667 0.233333 1.20765e-06
1.23333 0.233333 2.65942e-06
1.3 0.233333 6.46907e-06
1.36667 0.233333 9.28463e-06
1.43333 0.233333 9.94634e-06
1.5 0.233333 7.97689e-06
1.56667 0.233333 4.03992e-06
1.63333 0.233333 4.28771e-07
1.7 0.233333 3.95292e-06
1.76667 0.233333 5.56129e-06
1.83333 0.233333 5.2626e-06
1.9 0.233333 3.72914e-06
1.96667 0.233333 1.72457e-06
2.03333 0.233333 2.27516e-07
2.1 0.233333 1.91186e-06
2.16667 0.233333 3.3213e-06
2.23333 0.233333 4.5545e-06
2.3 0.233333 5.81252e-06
2.36667 0.233333 7.24712e-06
2.43333 0.233333 8.97747e-06
2.5 0.233333 1.1134e-05
2.56667 0.233333 1.36971e-05
2.63333 0.233333 1.65083e-05
2.7 0.233333 1.94446e-05
2.76667 0.233333 2.26235e-05
2.83333 0.233333 2.6276e-05
2.9 0.233333 3.04462e-05
2.96667 0.233333 3.51762e-05
3.03333 0.233333 3.99401e-05
3.1 0.233333 4.30772e-05
3.16667 0.233333 4.22067e-05
3.23333 0.233333 3.63209e-05
3.3 0.233333 2.71251e-05
3.36667 0.233333 1.73237e-05
3.43333 0.233333 8.76683e-06
3.5 0.233333 2.43129e-06
3.56667 0.233333 1.80041e-06
3.63333 0.233333 4.44761e-06
3.7 0.233333 6.06024e-06
3.76667 0.233333 7.12458e-06
3.83333 0.233333 7.63383e-06
3.9 0.233333 7.59315e-06
3.96667 0.233333 7.24024e-06
4.03333 0.233333 6.76486e-06
4.1 0.233333 6.26547e-06
4.16667 0.233333 5.73663e-06
4.23333 0.233333 5.16877e-06
4.3 0.233333 4.59184e-06
4.36667 0.233333 4.00454e-06
4.43333 0.233333 3.41501e-06
4.5 0.233333 2.83565e-06
4.56667 0.233333 2.29208e-06
4.63333 0.233333 1.81162e-06
4.7 0.233333 1.43525e-06
4.76667 0.233333 1.24697e-06
4.83333 0.233333 1.40344e-06
4.9 0.233333 2.17558e-06
4.96667 0.233333 3.96816e-06
0.0333333 0.3 1.82618e-05
0.1 0.3 5.88218e-05
0.166667 0.3 9.34399e-05
0.233333 0.3 2.25911e-05
0.3 0.3 0.000147862
0.366667 0.3 0.000334486
0.433333 0.3 6.37526e-05
0.5 0.3 0.000170635
0.566667 0.3 0.000150537
0.633333 0.3 0.00010875
0.7 0.3 7.29549e-05
0.766667 0.3 4.55439e-05
0.833333 0.3 2.29922e-05
0.9 0.3 8.93194e-06
0.966667 0.3 3.42105e-06
1.03333 0.3 3.38276e-07
1.1 0.3 2.79341e-06
1.16667 0.3 3.40934e-06
1.23333 0.3 1.94648e-06
1.3 0.3 1.69305e-06
1.36667 0.3 6.64998e-06
1.43333 0.3 1.04085e-05
1.5 0.3 9.9231e-06
1.56667 0.3 4.56419e-06
1.63333 0.3 3.32877e-06
1.7 0.3 1.03557e-05
1.76667 0.3 1.37972e-05
1.83333 0.3 1.30677e-05
1.9 0.3 9.31396e-06
1.96667 0.3 4.03862e-06
2.03333 0.3 1.61648e-06
2.1 0.3 7.00029e-06
2.16667 0.3 1.17945e-05
2.23333 0.3 1.59404e-05
2.3 0.3 1.95182e-05
2.36667 0.3 2.25748e-05
2.43333 0.3 2.51973e-05
2.5 0.3 2.73933e-05
2.56667 0.3 2.90098e-05
2.63333 0.3 2.98229e-05
2.7 0.3 2.96136e-05
2.76667 0.3 2.83743e-05
2.83333 0.3 2.6748e-05
2.9 0.3 2.56854e-05
2.96667 0.3 2.59102e-05
3.03333 0.3 3.20135e-05
3.1 0.3 4.45088e-05
3.16667 0.3 5.60986e-05
3.23333 0.3 5.88706e-05
3.3 0.3 5.28037e-05
3.36667 0.3 4.31706e-05
3.43333 0.3 3.39799e-05
3.5 0.3 2.63151e-05
3.56667 0.3 2.03247e-05
3.63333 0.3 1.56643e-05
3.7 0.3 1.20252e-05
3.76667 0.3 9.1412e-06
3.83333 0.3 7.09403e-06
3.9 0.3 5.69475e-06
3.96667 0.3 4.58013e-06
4.03333 0.3 3.67097e-06
4.1 0.3 2.90572e-06
4.16667 0.3 2.23273e-06
4.23333 0.3 1.66687e-06
4.3 0.3 1.23477e-06
4.36667 0.3 9.07279e-07
4.43333 0.3 6.6741e-07
4.5 0.3 4.98774e-07
4.56667 0.3 3.68213e-07
4.63333 0.3 2.34001e-07
4.7 0.3 3.4659e-08
4.76667 0.3 3.35767e-07
4.83333 0.3 1.06684e-06
4.9 0.3 2.48584e-06
4.96667 0.3 5.12198e-06
0.0333333 0.366667 3.46189e-05
0.1 0.366667 5.61738e-05
0.166667 0.366667 0.000104579
0.233333 0.366667 3.54631e-05
0.3 0.366667 0.000216684
0.366667 0.366667 0.00327083
0.433333 0.366667 1.38217e-05
0.5 0.366667 0.000184364
0.566667 0.366667 0.000168946
0.633333 0.366667 0.000125114
0.7 0.366667 8.58786e-05
0.766667 0.366667 5.43583e-05
0.833333 0.366667 2.65225e-05
0.9 0.366667 9.72762e-06
0.966667 0.366667 8.24702e-07
1.03333 0.366667 9.01847e-06
1.1 0.366667 1.6927e-05
1.16667 0.366667 2.24298e-05
1.23333 0.366667 2.45615e-05
1.3 0.366667 2.20256e-05
1.36667 0.366667 1.38623e-05
1.43333 0.366667 2.70089e-06
1.5 0.366667 4.76308e-06
1.56667 0.366667 2.73823e-06
1.63333 0.366667 7.00812e-06
1.7 0.366667 1.78112e-05
1.76667 0.366667 2.34054e-05
1.83333 0.366667 2.21651e-05
1.9 0.366667 1.60087e-05
1.96667 0.366667 7.42202e-06
2.03333 0.366667 1.76303e-06
2.1 0.366667 1.04901e-05
2.16667 0.366667 1.82086e-05
2.23333 0.366667 2.47842e-05
2.3 0.366667 3.02443e-05
2.36667 0.366667 3.46287e-05
2.43333 0.366667 3.79362e-05
2.5 0.366667 4.00682e-05
2.56667 0.366667 4.07827e-05
2.63333 0.366667 3.96728e-05
2.7 0.366667 3.61872e-05
2.76667 0.366667 2.96773e-05
2.83333 0.366667 2.02285e-05
2.9 0.366667 7.00603e-06
2.96667 0.366667 5.93406e-06
3.03333 0.366667 1.12048e-05
3.1 0.366667 1.16268e-05
3.16667 0.366667 4.92972e-05
3.23333 0.366667 7.0839e-05
3.3 0.366667 6.97431e-05
3.36667 0.366667 6.25831e-05
3.43333 0.366667 5.31366e-05
3.5 0.366667 4.42045e-05
3.56667 0.366667 3.669e-05
3.63333 0.366667 3.06309e-05
3.7 0.366667 2.5755e-05
3.76667 0.366667 2.1776e-05
3.83333 0.366667 1.86065e-05
3.9 0.366667 1.60379e-05
3.96667 0.366667 1.37971e-05
4.03333 0.366667 1.1829e-05
4.1 0.366667 1.00682e-05
4.16667 0.366667 8.43571e-06
4.23333 0.366667 7.02576e-06
4.3 0.366667 5.80881e-06
4.36667 0.366667 4.72994e-06
4.43333 0.366667 3.83874e-06
4.5 0.366667 3.07888e-06
4.56667 0.366667 2.40815e-06
4.63333 0.366667 1.77921e-06
4.7 0.366667 1.12524e-06
4.76667 0.366667 3.29404e-07
4.83333 0.366667 8.21178e-07
4.9 0.366667 2.70782e-06
4.96667 0.366667 5.99459e-06
0.0333333 0.433333 7.78987e-05
0.1 0.433333 3.05615e-05
0.166667 0.433333 0.000116747
0.233333 0.433333 0.000146634
0.3 0.433333 0.000113868
0.366667 0.433333 4.44417e-05
0.433333 0.433333 0.000164853
0.5 0.433333 0.000196848
0.566667 0.433333 0.000165507
0.633333 0.433333 0.000121739
0.7 0.433333 8.2752e-05
0.766667 0.433333 5.03981e-05
0.833333 0.433333 2.14813e-05
0.9 0.433333 2.41667e-06
0.966667 0.433333 1.10622e-05
1.03333 0.433333 2.56526e-05
1.1 0.433333 3.87682e-05
1.16667 0.433333 4.99601e-05
1.23333 0.433333 5.7825e-05
1.3 0.433333 6.01276e-05
1.36667 0.433333 5.39324e-05
1.43333 0.433333 3.33642e-05
1.5 0.433333 8.95819e-06
1.56667 0.433333 2.31038e-06
1.63333 0.433333 7.15859e-06
1.7 0.433333 2.36922e-05
1.76667 0.433333 3.30643e-05
1.83333 0.433333 3.1883e-05
1.9 0.433333 2.34259e-05
1.96667 0.433333 1.17879e-05
2.03333 0.433333 4.39606e-07
2.1 0.433333 1.18787e-05
2.16667 0.433333 2.18615e-05
2.23333 0.433333 3.02493e-05
2.3 0.433333 3.70581e-05
2.36667 0.433333 4.23409e-05
2.43333 0.433333 4.60882e-05
2.5 0.433333 4.81626e-05
2.56667 0.433333 4.82388e-05
2.63333 0.433333 4.57404e-05
2.7 0.433333 3.978e-05
2.76667 0.433333 2.91341e-05
2.83333 0.433333 1.07274e-05
2.9 0.433333 1.87497e-05
2.96667 0.433333 6.06321e-05
3.03333 0.433333 9.62157e-05
3.1 0.433333 0.000103818
3.16667 0.433333 2.467e-06
3.23333 0.433333 6.03818e-05
3.3 0.433333 7.76853e-05
3.36667 0.433333 7.42707e-05
3.43333 0.433333 6.50412e-05
3.5 0.433333 5.53807e-05
3.56667 0.433333 4.69348e-05
3.63333 0.433333 3.99548e-05
3.7 0.433333 3.42341e-05
3.76667 0.433333 2.94947e-05
3.83333 0.433333 2.55167e-05
3.9 0.433333 2.21418e-05
3.96667 0.433333 1.92254e-05
4.03333 0.433333 1.6639e-05
4.1 0.433333 1.43006e-05
4.16667 0.433333 1.21539e-05
4.23333 0.433333 1.02402e-05
4.3 0.433333 8.51024e-06
4.36667 0.433333 6.98732e-06
4.43333 0.433333 5.72637e-06
4.5 0.433333 4.62491e-06
4.56667 0.433333 3.62323e-06
4.63333 0.433333 2.68491e-06
4.7 0.433333 1.749e-06
4.76667 0.433333 6.96237e-07
4.83333 0.433333 6.99724e-07
4.9 0.433333 2.8579e-06
4.96667 0.433333 6.54161e-06
0.0333333 0.5 0.000131654
0.1 0.5 1.1968e-05
0.166667 0.5 0.000102536
0.233333 0.5 0.000171114
0.3 0.5 0.000181503
0.366667 0.5 0.000196647
0.433333 0.5 0.000205635
0.5 0.5 0.000184109
0.566667 0.5 0.000145186
0.633333 0.5 0.000105614
0.7 0.5 7.05592e-05
0.766667 0.5 4.05553e-05
0.833333 0.5 1.4438e-05
0.9 0.5 5.92986e-06
0.966667 0.5 2.32077e-05
1.03333 0.5 4.08618e-05
1.1 0.5 5.83961e-05
1.16667 0.5 7.50434e-05
1.23333 0.5 8.92906e-05
1.3 0.5 9.89333e-05
1.36667 0.5 0.000101536
1.43333 0.5 9.67349e-05
1.5 0.5 3.3924e-05
1.56667 0.5 1.32079e-05
1.63333 0.5 1.14017e-05
1.7 0.5 1.92243e-05
1.76667 0.5 3.93652e-05
1.83333 0.5 3.98611e-05
1.9 0.5 2.99713e-05
1.96667 0.5 1.62364e-05
2.03333 0.5 2.03915e-06
2.1 0.5 1.10316e-05
2.16667 0.5 2.22866e-05
2.23333 0.5 3.16233e-05
2.3 0.5 3.91083e-05
2.36667 0.5 4.4836e-05
2.43333 0.5 4.88222e-05
2.5 0.5 5.09346e-05
2.56667 0.5 5.08274e-05
2.63333 0.5 4.7862e-05
2.7 0.5 4.1014e-05
2.76667 0.5 2.89683e-05
2.83333 0.5 6.05914e-06
2.9 0.5 3.15169e-05
2.96667 0.5 8.9806e-05
3.03333 0.5 0.000193033
3.1 0.5 6.09766e-05
3.16667 0.5 7.74501e-05
3.23333 0.5 5.18583e-05
3.3 0.5 7.94696e-05
3.36667 0.5 7.8108e-05
3.43333 0.5 6.90888e-05
3.5 0.5 5.92136e-05
3.56667 0.5 5.04651e-05
3.63333 0.5 4.31769e-05
3.7 0.5 3.71677e-05
3.76667 0.5 3.21599e-05
3.83333 0.5 2.79247e-05
3.9 0.5 2.42952e-05
3.96667 0.5 2.1137e-05
4.03333 0.5 1.83334e-05
4.1 0.5 1.57921e-05
4.16667 0.5 1.34712e-05
4.23333 0.5 1.1357e-05
4.3 0.5 9.42246e-06
4.36667 0.5 7.73931e-06
4.43333 0.5 6.3658e-06
4.5 0.5 5.16855e-06
4.56667 0.5 4.05394e-06
4.63333 0.5 3.00795e-06
4.7 0.5 1.97417e-06
4.76667 0.5 8.3331e-07
4.83333 0.5 6.45794e-07
4.9 0.5 2.89679e-06
4.96667 0.5 6.72129e-06
0.0333333 0.566667 0.000171604
0.1 0.566667 5.49261e-05
0.166667 0.566667 6.10336e-05
0.233333 0.566667 0.000132668
0.3 0.566667 0.000165501
0.366667 0.566667 0.000174811
0.433333 0.566667 0.000167844
0.5 0.566667 0.000145044
0.566667 0.566667 0.000113906
0.633333 0.566667 8.25607e-05
0.7 0.566667 5.39705e-05
0.766667 0.566667 2.82437e-05
0.833333 0.566667 7.32036e-06
0.9 0.566667 1.11642e-05
0.966667 0.566667 2.98208e-05
1.03333 0.566667 4.8557e-05
1.1 0.566667 6.77477e-05
1.16667 0.566667 8.65755e-05
1.23333 0.566667 0.000103325
1.3 0.566667 0.000115677
1.36667 0.566667 0.000122265
1.43333 0.566667 0.000125779
1.5 0.566667 0.000205014
1.56667 0.566667 7.18535e-05
1.63333 0.566667 0.000102491
1.7 0.566667 2.45254e-06
1.76667 0.566667 4.06826e-05
1.83333 0.566667 4.39695e-05
1.9 0.566667 3.39585e-05
1.96667 0.566667 1.95897e-05
2.03333 0.566667 4.92361e-06
2.1 0.566667 8.37279e-06
2.16667 0.566667 1.96666e-05
2.23333 0.566667 2.89123e-05
2.3 0.566667 3.62742e-05
2.36667 0.566667 4.19042e-05
2.43333 0.566667 4.58635e-05
2.5 0.566667 4.8063e-05
2.56667 0.566667 4.82099e-05
2.63333 0.566667 4.57497e-05
2.7 0.566667 3.98091e-05
2.76667 0.566667 2.91728e-05
2.83333 0.566667 1.07724e-05
2.9 0.566667 1.86978e-05
2.96667 0.566667 6.0568e-05
3.03333 0.566667 9.6113e-05
3.1 0.566667 0.000103711
3.16667 0.566667 2.51697e-06
3.23333 0.566667 6.03915e-05
3.3 0.566667 7.7687e-05
3.36667 0.566667 7.42703e-05
3.43333 0.566667 6.50402e-05
3.5 0.566667 5.53798e-05
3.56667 0.566667 4.69339e-05
3.63333 0.566667 3.99541e-05
3.7 0.566667 3.42336e-05
3.76667 0.566667 2.94943e-05
3.83333 0.566667 2.55164e-05
3.9 0.566667 2.21416e-05
3.96667 0.566667 1.92253e-05
4.03333 0.566667 1.66389e-05
4.1 0.566667 1.43005e-05
4.16667 0.566667 1.21538e-05
4.23333 0.566667 1.02402e-05
4.3 0.566667 8.51021e-06
4.36667 0.566667 6.9873e-06
4.43333 0.566667 5.72636e-06
4.5 0.566667 4.62491e-06
4.56667 0.566667 3.62322e-06
4.63333 0.566667 2.6849e-06
4.7 0.566667 1.749e-06
4.76667 0.566667 6.96236e-07
4.83333 0.566667 6.99724e-07
4.9 0.566667 2.8579e-06
4.96667 0.566667 6.54161e-06
0.0333333 0.633333 0.000183294
0.1 0.633333 8.26473e-05
0.166667 0.633333 1.93707e-05
0.233333 0.633333 8.47425e-05
0.3 0.633333 0.00011461
0.366667 0.633333 0.000121438
0.433333 0.633333 0.000114246
0.5 0.633333 9.82554e-05
0.566667 0.633333 7.75281e-05
0.633333 0.633333 5.52488e-05
0.7 0.633333 3.47192e-05
0.766667 0.633333 1.57803e-05
0.833333 0.633333 3.29083e-07
0.9 0.633333 1.4009e-05
0.966667 0.633333 2.99807e-05
1.03333 0.633333 4.64299e-05
1.1 0.633333 6.3278e-05
1.16667 0.633333 7.93448e-05
1.23333 0.633333 9.22766e-05
1.3 0.633333 9.85831e-05
1.36667 0.633333 9.40154e-05
1.43333 0.633333 7.75528e-05
1.5 0.633333 2.65434e-05
1.56667 0.633333 2.95606e-05
1.63333 0.633333 0.000199391
1.7 0.633333 6.84113e-06
1.76667 0.633333 3.66873e-05
1.83333 0.633333 4.22986e-05
1.9 0.633333 3.34861e-05
1.96667 0.633333 2.03787e-05
2.03333 0.633333 7.14567e-06
2.1 0.633333 4.66193e-06
2.16667 0.633333 1.45604e-05
2.23333 0.633333 2.25627e-05
2.3 0.633333 2.8945e-05
2.36667 0.633333 3.39079e-05
2.43333 0.633333 3.75659e-05
2.5 0.633333 3.98999e-05
2.56667 0.633333 4.07262e-05
2.63333 0.633333 3.96777e-05
2.7 0.633333 3.62237e-05
2.76667 0.633333 2.97292e-05
2.83333 0.633333 2.02863e-05
2.9 0.633333 7.0689e-06
2.96667 0.633333 5.86382e-06
3.03333 0.633333 1.11379e-05
3.1 0.633333 1.1675e-05
3.16667 0.633333 4.93233e-05
3.23333 0.633333 7.08485e-05
3.3 0.633333 6.97445e-05
3.36667 0.633333 6.2582e-05
3.43333 0.633333 5.31349e-05
3.5 0.633333 4.42029e-05
3.56667 0.633333 3.66887e-05
3.63333 0.633333 3.06298e-05
3.7 0.633333 2.57542e-05
3.76667 0.633333 2.17753e-05
3.83333 0.633333 1.8606e-05
3.9 0.633333 1.60376e-05
3.96667 0.633333 1.37968e-05
4.03333 0.633333 1.18288e-05
4.1 0.633333 1.0068e-05
4.16667 0.633333 8.43562e-06
4.23333 0.633333 7.0257e-06
4.3 0.633333 5.80876e-06
4.36667 0.633333 4.72991e-06
4.43333 0.633333 3.83872e-06
4.5 0.633333 3.07887e-06
4.56667 0.633333 2.40814e-06
4.63333 0.633333 1.77921e-06
4.7 0.633333 1.12523e-06
4.76667 0.633333 3.29403e-07
4.83333 0.633333 8.21178e-07
4.9 0.633333 2.70782e-06
4.96667 0.633333 5.99459e-06
0.0333333 0.7 0.000166461
0.1 0.7 8.90014e-05
0.166667 0.7 1.03578e-05
0.233333 0.7 4.10353e-05
0.3 0.7 6.38516e-05
0.366667 0.7 6.75952e-05
0.433333 0.7 6.22135e-05
0.5 0.7 5.19396e-05
0.566667 0.7 3.90818e-05
0.633333 0.7 2.37137e-05
0.7 0.7 9.86086e-06
0.766667 0.7 7.03125e-08
0.833333 0.7 8.56668e-06
0.9 0.7 1.70733e-05
0.966667 0.7 2.6789e-05
1.03333 0.7 3.74763e-05
1.1 0.7 4.81895e-05
1.16667 0.7 5.73753e-05
1.23333 0.7 6.22159e-05
1.3 0.7 5.83665e-05
1.36667 0.7 3.99146e-05
1.43333 0.7 4.37216e-06
1.5 0.7 9.67675e-05
1.56667 0.7 0.000166546
1.63333 0.7 9.69459e-05
1.7 0.7 6.41571e-06
1.76667 0.7 2.98665e-05
1.83333 0.7 3.47325e-05
1.9 0.7 2.79528e-05
1.96667 0.7 1.77824e-05
2.03333 0.7 7.76434e-06
2.1 0.7 9.02877e-07
2.16667 0.7 7.99542e-06
2.23333 0.7 1.36489e-05
2.3 0.7 1.82012e-05
2.36667 0.7 2.18914e-05
2.43333 0.7 2.48617e-05
2.5 0.7 2.7227e-05
2.56667 0.7 2.89494e-05
2.63333 0.7 2.98205e-05
2.7 0.7 2.96404e-05
2.76667 0.7 2.84137e-05
2.83333 0.7 2.67904e-05
2.9 0.7 2.57274e-05
2.96667 0.7 2.59489e-05
3.03333 0.7 3.20435e-05
3.1 0.7 4.4528e-05
3.16667 0.7 5.61084e-05
3.23333 0.7 5.8874e-05
3.3 0.7 5.28035e-05
3.36667 0.7 4.31691e-05
3.43333 0.7 3.39781e-05
3.5 0.7 2.63135e-05
3.56667 0.7 2.03234e-05
3.63333 0.7 1.56632e-05
3.7 0.7 1.20243e-05
3.76667 0.7 9.14057e-06
3.83333 0.7 7.09356e-06
3.9 0.7 5.69441e-06
3.96667 0.7 4.57989e-06
4.03333 0.7 3.67079e-06
4.1 0.7 2.90559e-06
4.16667 0.7 2.23264e-06
4.23333 0.7 1.66681e-06
4.3 0.7 1.23473e-06
4.36667 0.7 9.0725e-07
4.43333 0.7 6.67391e-07
4.5 0.7 4.98762e-07
4.56667 0.7 3.68205e-07
4.63333 0.7 2.33997e-07
4.7 0.7 3.46569e-08
4.76667 0.7 3.35768e-07
4.83333 0.7 1.06684e-06
4.9 0.7 2.48584e-06
4.96667 0.7 5.12198e-06
0.0333333 0.766667 0.000129534
0.1 0.766667 7.78906e-05
0.166667 0.766667 2.83475e-05
0.233333 0.766667 3.13659e-06
0.3 0.766667 1.5901e-05
0.366667 0.766667 1.5635e-05
0.433333 0.766667 1.04837e-05
0.5 0.766667 3.53204e-06
0.566667 0.766667 3.95417e-06
0.633333 0.766667 1.25265e-05
0.7 0.766667 1.98629e-05
0.766667 0.766667 2.2263e-05
0.833333 0.766667 2.24689e-05
0.9 0.766667 2.35802e-05
0.966667 0.766667 2.56176e-05
1.03333 0.766667 2.81961e-05
1.1 0.766667 3.06951e-05
1.16667 0.766667 3.17845e-05
1.23333 0.766667 2.92332e-05
1.3 0.766667 1.97519e-05
1.36667 0.766667 6.09349e-07
1.43333 0.766667 3.37424e-05
1.5 0.766667 6.53868e-05
1.56667 0.766667 6.52983e-05
1.63333 0.766667 3.33917e-05
1.7 0.766667 1.63803e-06
1.76667 0.766667 1.94006e-05
1.83333 0.766667 2.19187e-05
1.9 0.766667 1.75983e-05
1.96667 0.766667 1.16521e-05
2.03333 0.766667 6.30129e-06
2.1 0.766667 2.14986e-06
2.16667 0.766667 9.04874e-07
2.23333 0.766667 3.17364e-06
2.3 0.766667 5.04487e-06
2.36667 0.766667 6.8671e-06
2.43333 0.766667 8.82516e-06
2.5 0.766667 1.10776e-05
2.56667 0.766667 1.36904e-05
2.63333 0.766667 1.65259e-05
2.7 0.766667 1.94721e-05
2.76667 0.766667 2.26522e-05
2.83333 0.766667 2.63015e-05
2.9 0.766667 3.04668e-05
2.96667 0.766667 3.51914e-05
3.03333 0.766667 3.99501e-05
3.1 0.766667 4.30829e-05
3.16667 0.766667 4.22093e-05
3.23333 0.766667 3.63214e-05
3.3 0.766667 2.71246e-05
3.36667 0.766667 1.73228e-05
3.43333 0.766667 8.76581e-06
3.5 0.766667 2.43038e-06
3.56667 0.766667 1.80117e-06
3.63333 0.766667 4.44821e-06
3.7 0.766667 6.06071e-06
3.76667 0.766667 7.12493e-06
3.83333 0.766667 7.63408e-06
3.9 0.766667 7.59333e-06
3.96667 0.766667 7.24037e-06
4.03333 0.766667 6.76496e-06
4.1 0.766667 6.26553e-06
4.16667 0.766667 5.73667e-06
4.23333 0.766667 5.1688e-06
4.3 0.766667 4.59186e-06
4.36667 0.766667 4.00455e-06
4.43333 0.766667 3.41502e-06
4.5 0.766667 2.83565e-06
4.56667 0.766667 2.29208e-06
4.63333 0.766667 1.81162e-06
4.7 0.766667 1.43525e-06
4.76667 0.766667 1.24697e-06
4.83333 0.766667 1.40344e-06
4.9 0.766667 2.17558e-06
4.96667 0.766667 3.96816e-06
0.0333333 0.833333 8.36028e-05
0.1 0.833333 5.86464e-05
0.166667 0.833333 4.03652e-05
0.233333 0.833333 3.36408e-05
0.3 0.833333 3.52181e-05
0.366667 0.833333 4.14083e-05
0.433333 0.833333 4.83992e-05
0.5 0.833333 5.39899e-05
0.566667 0.833333 5.75689e-05
0.633333 0.833333 5.89173e-05
0.7 0.833333 5.7559e-05
0.766667 0.833333 5.33014e-05
0.833333 0.833333 4.68836e-05
0.9 0.833333 3.96457e-05
0.966667 0.833333 3.25434e-05
1.03333 0.833333 2.59134e-05
1.1 0.833333 1.97537e-05
1.16667 0.833333 1.37262e-05
1.23333 0.833333 7.03355e-06
1.3 0.833333 1.49633e-06
1.36667 0.833333 1.22781e-05
1.43333 0.833333 2.27665e-05
1.5 0.833333 2.70689e-05
1.56667 0.833333 2.13681e-05
1.63333 0.833333 9.17737e-06
1.7 0.833333 1.37533e-06
1.76667 0.833333 5.94517e-06
1.83333 0.833333 5.82545e-06
1.9 0.833333 4.15951e-06
1.96667 0.833333 3.04053e-06
2.03333 0.833333 3.13881e-06
2.1 0.833333 4.28458e-06
2.16667 0.833333 5.99679e-06
2.23333 0.833333 7.76825e-06
2.3 0.833333 9.14013e-06
2.36667 0.833333 9.69607e-06
2.43333 0.833333 9.18118e-06
2.5 0.833333 7.50585e-06
2.56667 0.833333 4.58351e-06
2.63333 0.833333 3.90261e-07
2.7 0.833333 4.96142e-06
2.76667 0.833333 1.12144e-05
2.83333 0.833333 1.77881e-05
2.9 0.833333 2.37828e-05
2.96667 0.833333 2.7965e-05
3.03333 0.833333 2.89014e-05
3.1 0.833333 2.56074e-05
3.16667 0.833333 1.81208e-05
3.23333 0.833333 7.72967e-06
3.3 0.833333 3.16888e-06
3.36667 0.833333 1.26322e-05
3.43333 0.833333 1.98823e-05
3.5 0.833333 2.45746e-05
3.56667 0.833333 2.68097e-05
3.63333 0.833333 2.71243e-05
3.7 0.833333 2.62907e-05
3.76667 0.833333 2.49562e-05
3.83333 0.833333 2.33338e-05
3.9 0.833333 2.14861e-05
3.96667 0.833333 1.95282e-05
4.03333 0.833333 1.7578e-05
4.1 0.833333 1.57344e-05
4.16667 0.833333 1.39973e-05
4.23333 0.833333 1.23152e-05
4.3 0.833333 1.07034e-05
4.36667 0.833333 9.18659e-06
4.43333 0.833333 7.76834e-06
4.5 0.833333 6.44483e-06
4.56667 0.833333 5.21461e-06
4.63333 0.833333 4.08908e-06
4.7 0.833333 3.094e-06
4.76667 0.833333 2.2815e-06
4.83333 0.833333 1.7637e-06
4.9 0.833333 1.76454e-06
4.96667 0.833333 2.62661e-06
0.0333333 0.9 3.98466e-05
0.1 0.9 4.13516e-05
0.166667 0.9 5.46354e-05
0.233333 0.9 7.35209e-05
0.3 0.9 9.25491e-05
0.366667 0.9 0.000108349
0.433333 0.9 0.000119433
0.5 0.9 0.000125308
0.566667 0.9 0.000126
0.633333 0.9 0.000121832
0.7 0.9 0.000113263
0.766667 0.9 0.000100962
0.833333 0.9 8.59169e-05
0.9 0.9 6.93349e-05
0.966667 0.9 5.24071e-05
1.03333 0.9 3.61794e-05
1.1 0.9 2.15757e-05
1.16667 0.9 9.41346e-06
1.23333 0.9 3.15099e-07
1.3 0.9 5.34289e-06
1.36667 0.9 7.50746e-06
1.43333 0.9 6.71494e-06
1.5 0.9 4.29065e-06
1.56667 0.9 2.2242e-06
1.63333 0.9 2.27322e-06
1.7 0.9 4.63347e-06
1.76667 0.9 7.7573e-06
1.83333 0.9 9.59694e-06
1.9 0.9 8.92577e-06
1.96667 0.9 5.66721e-06
2.03333 0.9 4.92922e-07
2.1 0.9 5.67549e-06
2.16667 0.9 1.19716e-05
2.23333 0.9 1.76988e-05
2.3 0.9 2.23338e-05
2.36667 0.9 2.54891e-05
2.43333 0.9 2.68929e-05
2.5 0.9 2.64013e-05
2.56667 0.9 2.3906e-05
2.63333 0.9 1.93356e-05
2.7 0.9 1.28906e-05
2.76667 0.9 5.24633e-06
2.83333 0.9 2.39747e-06
2.9 0.9 8.43471e-06
2.96667 0.9 1.10644e-05
3.03333 0.9 8.8847e-06
3.1 0.9 1.67574e-06
3.16667 0.9 9.3461e-06
3.23333 0.9 2.20081e-05
3.3 0.9 3.37212e-05
3.36667 0.9 4.26241e-05
3.43333 0.9 4.8223e-05
3.5 0.9 5.07492e-05
3.56667 0.9 5.07221e-05
3.63333 0.9 4.88652e-05
3.7 0.9 4.59e-05
3.76667 0.9 4.23927e-05
3.83333 0.9 3.86945e-05
3.9 0.9 3.49914e-05
3.96667 0.9 3.13923e-05
4.03333 0.9 2.79754e-05
4.1 0.9 2.4783e-05
4.16667 0.9 2.182e-05
4.23333 0.9 1.90718e-05
4.3 0.9 1.65249e-05
4.36667 0.9 1.41722e-05
4.43333 0.9 1.2008e-05
4.5 0.9 1.00136e-05
4.56667 0.9 8.16371e-06
4.63333 0.9 6.44835e-06
4.7 0.9 4.86997e-06
4.76667 0.9 3.44788e-06
4.83333 0.9 2.24548e-06
4.9 0.9 1.42022e-06
4.96667 0.9 1.32754e-06
0.0333333 0.966667 1.19674e-05
0.1 0.966667 3.84966e-05
0.166667 0.966667 7.83369e-05
0.233333 0.966667 0.000119043
0.3 0.966667 0.000153614
0.366667 0.966667 0.000179151
0.433333 0.966667 0.000195126
0.5 0.966667 0.000202014
0.566667 0.966667 0.000200621
0.633333 0.966667 0.000191905
0.7 0.966667 0.000176981
0.766667 0.966667 0.000157137
0.833333 0.966667 0.00013381
0.9 0.966667 0.000108529
0.966667 0.966667 8.28404e-05
1.03333 0.966667 5.82906e-05
1.1 0.966667 3.64586e-05
1.16667 0.966667 1.8938e-05
1.23333 0.966667 7.11141e-06
1.3 0.966667 1.67633e-06
1.36667 0.966667 1.88158e-06
1.43333 0.966667 4.99139e-06
1.5 0.966667 7.00559e-06
1.56667 0.966667 4.7557e-06
1.63333 0.966667 2.0576e-06
1.7 0.966667 1.07599e-05
1.76667 0.966667 1.76535e-05
1.83333 0.966667 2.02084e-05
1.9 0.966667 1.78865e-05
1.96667 0.966667 1.16196e-05
2.03333 0.966667 2.89614e-06
2.1 0.966667 6.85869e-06
2.16667 0.966667 1.65166e-05
2.23333 0.966667 2.52642e-05
2.3 0.966667 3.25362e-05
2.36667 0.966667 3.79379e-05
2.43333 0.966667 4.1188e-05
2.5 0.966667 4.20809e-05
2.56667 0.966667 4.04821e-05
2.63333 0.966667 3.64051e-05
2.7 0.966667 3.01906e-05
2.76667 0.966667 2.26587e-05
2.83333 0.966667 1.51942e-05
2.9 0.966667 9.74018e-06
2.96667 0.966667 8.32324e-06
3.03333 0.966667 1.22224e-05
3.1 0.966667 2.1285e-05
3.16667 0.966667 3.38074e-05
3.23333 0.966667 4.7183e-05
3.3 0.966667 5.88377e-05
3.36667 0.966667 6.70668e-05
3.43333 0.966667 7.13663e-05
3.5 0.966667 7.21422e-05
3.56667 0.966667 7.02148e-05
3.63333 0.966667 6.64678e-05
3.7 0.966667 6.16772e-05
3.76667 0.966667 5.64278e-05
3.83333 0.966667 5.11031e-05
3.9 0.966667 4.59256e-05
3.96667 0.966667 4.10143e-05
4.03333 0.966667 3.64282e-05
4.1 0.966667 3.21885e-05
4.16667 0.966667 2.82906e-05
4.23333 0.966667 2.47152e-05
4.3 0.966667 2.14387e-05
4.36667 0.966667 1.84373e-05
4.43333 0.966667 1.56856e-05
4.5 0.966667 1.31537e-05
4.56667 0.966667 1.08111e-05
4.63333 0.966667 8.62796e-06
4.7 0.966667 6.58003e-06
4.76667 0.966667 4.66014e-06
4.83333 0.966667 2.89539e-06
4.9 0.966667 1.38816e-06
4.96667 0.966667 4.29339e-07
