0.2775 0 -1 0.075
0.5775 0 -1 0.175
0.7975 0 -1 0.275
0.9375 0 -1 0.375
0.9975 0 -1 0.475
0.9775 0 -1 0.575
0.8775 0 -1 0.675
0.6975 0 -1 0.775
0.4375 0 -1 0.875
0.0975 0 -1 0.975
0.87748 0.000070095 -0.975 0.67501
0.6975 0.000061795 -0.975 0.775
0.43751 0.000032379 -0.975 0.875
0.097502 1.2187E-006 -0.975 0.975
0.36003 0.000029374 -0.97499 0.10001
0.93752 0.000088215 -0.97499 0.37502
0.99751 0.000075318 -0.97499 0.47502
0.97749 0.000069583 -0.97499 0.57502
0.51004 0.000055016 -0.97498 0.15002
0.75004 0.00008879 -0.97498 0.25002
0.79748 0.00010954 -0.95 0.72502
0.57752 0.000082385 -0.95 0.825
0.27752 0.000025037 -0.95 0.925
0.097511 4.3669E-006 -0.94999 0.025005
0.83997 0.00011086 -0.94999 0.70002
0.96004 0.00013468 -0.94998 0.40004
1 0.00011227 -0.94998 0.50004
0.95996 0.00010756 -0.94998 0.60005
0.84007 0.00015255 -0.94997 0.30004
0.64008 0.00012805 -0.94996 0.20004
0.64003 0.00011121 -0.92501 0.8
0.74998 0.00012385 -0.925 0.75001
0.27754 0.000032764 -0.925 0.925
0.097511 0.000006349 -0.92499 0.025008
0.19002 0.000022191 -0.92498 0.050015
0.36005 0.000069438 -0.92497 0.10003
0.99752 0.00012265 -0.92497 0.47507
0.97746 0.00011158 -0.92497 0.57507
0.91009 0.00016832 -0.92496 0.35007
0.8401 0.0001806 -0.92495 0.30006
0.64011 0.00015891 -0.92493 0.20006
0.43756 0.00007416 -0.90001 0.875
0.36006 0.000055648 -0.9 0.9
0 0 -0.9 1
0.19002 0.000025981 -0.89998 0.05002
0.90991 0.000099313 -0.89997 0.65007
0.99006 0.00010224 -0.89996 0.45009
0.98997 0.000080094 -0.89996 0.55009
0.91013 0.00015646 -0.89995 0.35009
0.5101 0.00013261 -0.89993 0.15006
0.75015 0.00018519 -0.89992 0.25008
0.51008 0.000084537 -0.87501 0.84999
0.74996 0.000093224 -0.875 0.75002
0.097537 5.6614E-006 -0.875 0.975
0.87739 0.000061314 -0.87498 0.67507
0.27753 0.00005404 -0.87496 0.075038
0.97761 0.000052264 -0.87495 0.42511
0.99749 0.000011971 -0.87495 0.52511
0.93765 0.000090634 -0.87494 0.37511
0.51012 0.00013308 -0.87492 0.15008
0.57765 0.00015145 -0.8749 0.17509
0.64005 0.000067531 -0.85001 0.79999
0.3601 0.000048391 -0.85001 0.9
0.19008 0.000017955 -0.85 0.95
0.097497 8.0882E-006 -0.84998 0.025015
0.90985 -0.00003483 -0.84996 0.6501
0.97764 -0.000048882 -0.84994 0.42513
0.99748 -0.000096314 -0.84994 0.52513
0.36006 0.000079291 -0.84993 0.10006
0.87773 0.000058505 -0.84991 0.32513
0.75024 0.00012414 -0.84989 0.25012
0.64005 0.000021008 -0.82502 0.79999
0.43761 0.000042288 -0.82501 0.87499
0.74991 -0.000024254 -0.825 0.75003
0.79736 -0.000053632 -0.82499 0.72505
0.19 0.000025943 -0.82496 0.050035
0.95983 -0.00020632 -0.82494 0.60016
0.99758 -0.00023398 -0.82493 0.47516
0.97738 -0.00022648 -0.82493 0.57516
0.43762 0.000088238 -0.8249 0.12509
0.79781 0.00002652 -0.82488 0.27515
0.64028 0.000095079 -0.82485 0.20014
0.51008 4.9988E-006 -0.80001 0.84999
0 0 -0.8 0
0 0 -0.8 1
0.19 0.0000226 -0.79996 0.05004
0.27754 0.000040768 -0.79993 0.075061
0.9976 -0.00042918 -0.79992 0.47518
0.97734 -0.00040929 -0.79992 0.57518
0.43765 0.000064737 -0.79989 0.1251
0.84038 -0.00013484 -0.79987 0.30017
0.69787 2.3283E-006 -0.79984 0.22516
0.51008 -0.000042265 -0.77501 0.84998
0.69741 -0.0001741 -0.775 0.775
0 0 -0.775 1
0.83972 -0.00036205 -0.77497 0.70008
0.27752 0.000029568 -0.77494 0.075058
0.95974 -0.0005965 -0.77493 0.60018
0.99019 -0.00064814 -0.77492 0.45018
0.93787 -0.00050385 -0.77491 0.37517
0.51022 0.000017752 -0.77488 0.15012
0.75042 -0.00015873 -0.77486 0.25016
0.57752 -0.00015435 -0.75001 0.82497
0.43761 -0.000058442 -0.75 0.87498
0.097584 4.7956E-007 -0.75 0.975
0.7972 -0.00046048 -0.74998 0.72505
0.90963 -0.00071716 -0.74995 0.65013
1 -0.00097999 -0.74993 0.50017
0.95969 -0.00085813 -0.74993 0.60018
0.99764 -0.00096885 -0.74992 0.47517
0.51023 -0.000042141 -0.74989 0.15011
0.57782 -0.000089803 -0.74987 0.17513
0 0 -0.725 0
0.43758 -0.00010811 -0.725 0.87497
0.097587 -1.6367E-006 -0.725 0.97499
0.79712 -0.00065527 -0.72498 0.72504
0.87704 -0.00088089 -0.72496 0.6751
0.36007 -0.000024326 -0.72493 0.10007
0.99743 -0.0013219 -0.72493 0.52517
0.93802 -0.0010754 -0.72492 0.37516
0.91057 -0.00097225 -0.72491 0.35016
0.84061 -0.00073839 -0.72489 0.30015
0.64048 -0.00027886 -0.72486 0.20014
0.27762 -0.000050899 -0.7 0.92498
0.6972 -0.00060137 -0.69999 0.77497
0.097451 -2.6705E-007 -0.69998 0.025017
0.797 -0.00088303 -0.69997 0.72503
0.3601 -0.000065135 -0.69994 0.10007
0.96053 -0.0015537 -0.69993 0.40016
1 -0.0017477 -0.69993 0.50017
0.93812 -0.0014457 -0.69992 0.37516
0.84074 -0.001028 -0.6999 0.30015
0.64058 -0.00043236 -0.69988 0.20014
0.097578 -7.1269E-006 -0.675 0.97499
0.5773 -0.00047941 -0.67499 0.82494
0.27758 -0.000076501 -0.67499 0.92498
0.74944 -0.00096704 -0.67497 0.75
0.93684 -0.0018192 -0.67495 0.62515
0.98971 -0.0021491 -0.67494 0.55017
0.96064 -0.0020097 -0.67493 0.40016
1 -0.0022302 -0.67493 0.50017
0.8409 -0.0013705 -0.67491 0.30014
0.7984 -0.0011773 -0.6749 0.27514
0.097565 -0.000010563 -0.65 0.97499
0.35996 -0.00019517 -0.64999 0.89996
0.6969 -0.0010129 -0.64998 0.77496
0.79666 -0.0014469 -0.64997 0.72502
0.8391 -0.001667 -0.64996 0.70005
0.43789 -0.00029248 -0.64994 0.12508
0.98963 -0.0026798 -0.64994 0.55017
0.93839 -0.0023873 -0.64993 0.37515
0.84111 -0.0017726 -0.64992 0.30014
0.75106 -0.0012952 -0.64991 0.25013
0 0 -0.625 0
0.35986 -0.00025328 -0.62499 0.89996
0.57699 -0.0007849 -0.62498 0.82492
0.74904 -0.001522 -0.62497 0.74998
0.87636 -0.0023134 -0.62496 0.67508
0.95912 -0.002985 -0.62495 0.60018
0.99048 -0.003381 -0.62494 0.45015
0.98953 -0.0032858 -0.62494 0.55017
0.91121 -0.002759 -0.62493 0.35014
0.69874 -0.0013697 -0.62492 0.22512
0.64112 -0.0010896 -0.62491 0.20012
0.097504 -0.000016317 -0.59999 0.025014
0.43708 -0.00049998 -0.59998 0.87494
0.57678 -0.00096783 -0.59997 0.82492
0.83859 -0.0024906 -0.59996 0.70004
0.43823 -0.00052944 -0.59995 0.12507
0.93626 -0.0033658 -0.59995 0.62514
0.97832 -0.0040124 -0.59994 0.42515
0.99719 -0.0040881 -0.59994 0.52516
0.75163 -0.0020895 -0.59993 0.25012
0.91145 -0.0033994 -0.59993 0.35013
0 0 -0.575 1
0.2772 -0.0002198 -0.57499 0.92497
0.57643 -0.0011719 -0.57498 0.82494
0.83824 -0.0029789 -0.57497 0.70005
0.43847 -0.00068115 -0.57496 0.12506
0.51126 -0.00099256 -0.57495 0.15008
0.97646 -0.0045525 -0.57495 0.57516
0.8794 -0.0037974 -0.57494 0.32512
0.97845 -0.0048381 -0.57494 0.42513
0.69941 -0.0021612 -0.57493 0.22511
0.27701 -0.00026709 -0.55 0.92498
0.097589 -0.000029692 -0.54999 0.025012
0.50876 -0.0010454 -0.54999 0.84996
0.27808 -0.00029605 -0.54998 0.075035
0.87536 -0.0039542 -0.54997 0.67508
0.9584 -0.0050886 -0.54996 0.60015
0.99779 -0.0059373 -0.54995 0.47513
0.97622 -0.0053829 -0.54995 0.57515
0.79997 -0.0036701 -0.54994 0.2751
0.93929 -0.0053161 -0.54994 0.37511
0 0 -0.525 0
0.50835 -0.001236 -0.525 0.84998
0.18957 -0.00014235 -0.525 0.94999
0.19043 -0.00016127 -0.52499 0.050021
0.83734 -0.0041241 -0.52498 0.70006
0.8749 -0.0046278 -0.52497 0.67508
0.93527 -0.0055562 -0.52496 0.62512
0.75298 -0.0038421 -0.52495 0.25009
0.99979 -0.0069463 -0.52495 0.50012
0.8802 -0.0055007 -0.52494 0.3251
0.97875 -0.0068401 -0.52494 0.42511
0.50788 -0.0014453 -0.50001 0.85
0.74686 -0.0035937 -0.5 0.75003
0 0 -0.5 1
0.79427 -0.0041901 -0.49999 0.72505
0.87437 -0.0053702 -0.49998 0.67508
0.58049 -0.0025231 -0.49996 0.17507
0.95766 -0.0069238 -0.49996 0.60013
0.80109 -0.0053112 -0.49995 0.27508
0.93994 -0.007481 -0.49995 0.37509
0.99968 -0.0081121 -0.49995 0.50011
0.57445 -0.0022244 -0.47502 0.82502
0.35824 -0.00077216 -0.47501 0.90001
0.097846 -0.000060605 -0.475 0.025008
0 0 -0.475 1
0.36205 -0.0010378 -0.47498 0.10003
0.5812 -0.0030568 -0.47497 0.17506
0.70177 -0.0047003 -0.47496 0.22507
0.99638 -0.0091937 -0.47496 0.5251
0.88128 -0.0077368 -0.47495 0.32507
0.97909 -0.0093902 -0.47495 0.42508
0.69312 -0.0039707 -0.45003 0.77506
0.43474 -0.0013645 -0.45002 0.87503
0.18896 -0.00022908 -0.45001 0.95001
0.097008 -0.000057807 -0.45 0.97501
0.90579 -0.0078129 -0.44999 0.65009
0.514 -0.0027824 -0.44998 0.15004
0.70266 -0.0056156 -0.44997 0.22506
0.8026 -0.0074957 -0.44996 0.27506
0.99935 -0.010849 -0.44996 0.50009
0.94075 -0.010263 -0.44995 0.37507
0.63509 -0.0036802 -0.42505 0.80008
0.74458 -0.0053774 -0.42503 0.75008
0.27549 -0.00058271 -0.42502 0.92503
0 0 -0.425 0
0.19146 -0.00038313 -0.42499 0.050012
0.90502 -0.0088806 -0.42499 0.65009
0.93295 -0.0096826 -0.42498 0.62509
0.9874 -0.011647 -0.42497 0.55009
0.88265 -0.010649 -0.42496 0.32505
0.99911 -0.012436 -0.42496 0.50007
0.97944 -0.012593 -0.42495 0.42506
0.74361 -0.0060667 -0.40004 0.7501
0.35674 -0.0011542 -0.40003 0.90005
0.18839 -0.00029967 -0.40001 0.95002
0.19188 -0.00046872 -0.4 0.05001
0.36411 -0.0018726 -0.39999 0.10002
0.93213 -0.01095 -0.39999 0.62509
0.95525 -0.011799 -0.39998 0.60008
0.98684 -0.013226 -0.39997 0.55007
0.94171 -0.013797 -0.39996 0.37504
0.96318 -0.014224 -0.39995 0.40004
0.57135 -0.0036819 -0.37503 0.82506
0.35621 -0.0013006 -0.37502 0.90003
0.18811 -0.00033889 -0.37501 0.95002
0.87028 -0.010181 -0.375 0.67507
0.3651 -0.0022691 -0.37499 0.10002
0.90316 -0.011272 -0.37499 0.65007
0.9312 -0.012314 -0.37498 0.62507
0.99477 -0.015585 -0.37497 0.52505
0.91585 -0.015252 -0.37496 0.35003
0.99095 -0.016582 -0.37496 0.45004
0.68931 -0.006368 -0.35001 0.77504
0.3556 -0.0014558 -0.35001 0.90002
0.19303 -0.00069848 -0.35 0.050007
0.096409 -0.000096988 -0.35 0.975
0.44522 -0.0041841 -0.34999 0.12502
0.86914 -0.011365 -0.34999 0.67505
0.80712 -0.014224 -0.34998 0.27503
0.9166 -0.017567 -0.34997 0.35002
0.95341 -0.014878 -0.34997 0.60005
0.97984 -0.018849 -0.34996 0.42503
0 0 -0.325 0
0.50278 -0.0034502 -0.325 0.85
0.18742 -0.00042441 -0.325 0.95
0.36773 -0.0033306 -0.32499 0.10001
0.65209 -0.011053 -0.32499 0.20002
0.70965 -0.013042 -0.32498 0.22502
0.83011 -0.011212 -0.32498 0.70002
0.91738 -0.02016 -0.32497 0.35002
0.96411 -0.021226 -0.32496 0.40002
0.99739 -0.020391 -0.32496 0.50003
0.95229 -0.016573 -0.32496 0.60004
0.09601 -0.00012028 -0.3 0.975
0.44888 -0.0061035 -0.29999 0.12501
0.35417 -0.0017894 -0.29999 0.89998
0.76366 -0.017427 -0.29998 0.25001
0.50174 -0.0038069 -0.29998 0.84998
0.9438 -0.023699 -0.29997 0.37501
0.99599 -0.023463 -0.29997 0.47501
0.73886 -0.009273 -0.29997 0.74998
0.99251 -0.02192 -0.29996 0.52502
0.92759 -0.016952 -0.29996 0.62501
0.1959 -0.0012786 -0.275 0.050001
0.45124 -0.0073948 -0.27499 0.125
0.18656 -0.00051785 -0.27499 0.94998
0.81198 -0.02234 -0.27498 0.275
0.35333 -0.0019658 -0.27498 0.89997
0.97972 -0.027092 -0.27497 0.425
0.99583 -0.025348 -0.27496 0.5
0.94957 -0.020247 -0.27496 0.6
0.89781 -0.017001 -0.27495 0.64999
0.73732 -0.010166 -0.27495 0.74995
0.10108 -0.00037021 -0.25 0.025
0.37406 -0.0060689 -0.24999 0.099999
0.65949 -0.018402 -0.24999 0.2
0.81385 -0.025842 -0.24998 0.275
0.94464 -0.030309 -0.24998 0.37499
0.98945 -0.029812 -0.24997 0.44999
0.99481 -0.028052 -0.24996 0.49999
0.9668 -0.023882 -0.24995 0.57499
0.49934 -0.0045547 -0.24995 0.84993
0.73563 -0.011084 -0.24994 0.74992
0 0 -0.225 0
0 0 -0.225 1
0.60012 -0.01838 -0.22499 0.17499
0.095233 -0.00015833 -0.22499 0.97498
0.92036 -0.033648 -0.22498 0.34998
0.18552 -0.00061656 -0.22498 0.94997
0.9936 -0.030885 -0.22496 0.49998
0.94613 -0.024222 -0.22495 0.59997
0.42709 -0.0035364 -0.22494 0.87492
0.78091 -0.01403 -0.22492 0.72491
0.62542 -0.008239 -0.22491 0.79987
0.29405 -0.0054995 -0.2 0.074994
0.53574 -0.0179 -0.19999 0.14999
0.77277 -0.032024 -0.19999 0.24998
0.92088 -0.037839 -0.19999 0.34998
0.97841 -0.037324 -0.19998 0.42497
0.99217 -0.033824 -0.19996 0.49997
0.96317 -0.028374 -0.19995 0.57496
0.89199 -0.021879 -0.19993 0.64993
0.49649 -0.0053273 -0.19992 0.84988
0.68006 -0.01087 -0.19989 0.77485
0.20427 -0.0031575 -0.175 0.049996
0 0 -0.175 1
0.72538 -0.0342 -0.17499 0.22498
0.89252 -0.041861 -0.17499 0.32498
0.094575 -0.00018448 -0.17499 0.97498
0.99093 -0.038521 -0.17497 0.47496
0.26909 -0.0015656 -0.17496 0.92494
0.91809 -0.025975 -0.17494 0.62493
0.8189 -0.018647 -0.17493 0.69989
0.5606 -0.0075304 -0.17492 0.82485
0.10686 -0.00080962 -0.15 0.024998
0.47164 -0.021041 -0.15 0.12499
0.72859 -0.039913 -0.15 0.22498
0.89313 -0.0469 -0.15 0.32497
0.96289 -0.046089 -0.14999 0.39997
0.98923 -0.041847 -0.14998 0.47495
0.26807 -0.0016716 -0.14997 0.92493
0.93942 -0.030437 -0.14995 0.59993
0.85406 -0.022541 -0.14994 0.67489
0.72722 -0.014827 -0.14993 0.74985
0 0 -0.125 0
0.39744 -0.019371 -0.125 0.099991
0.67765 -0.042887 -0.125 0.19998
0.86079 -0.0518 -0.125 0.29997
0.9618 -0.050375 -0.125 0.39996
0.18278 -0.00081361 -0.12499 0.94995
0.26698 -0.0017746 -0.12498 0.92493
0.95605 -0.035252 -0.12496 0.57492
0.42116 -0.0046282 -0.12496 0.87489
0.7715 -0.018393 -0.12495 0.72485
0.61729 -0.010759 -0.12494 0.79982
0.78206 -0.055762 -0.10001 0.24998
0.21913 -0.0087313 -0.1 0.049995
0.55731 -0.040641 -0.1 0.14999
0.9428 -0.056129 -0.1 0.37496
0.093382 -0.00022177 -0.099995 0.97498
0.26583 -0.0018731 -0.099985 0.92493
0.41942 -0.0048803 -0.099976 0.87488
0.55437 -0.008969 -0.099966 0.82484
0.84843 -0.025321 -0.099963 0.67487
0.67075 -0.013888 -0.099961 0.77482
0.78354 -0.062933 -0.07501 0.24997
0.8928 -0.063296 -0.075009 0.32496
0.95854 -0.058944 -0.075008 0.39996
0.22962 -0.010929 -0.075003 0.049995
0 0 -0.075 1
0.98235 -0.051683 -0.074993 0.47493
0.4176 -0.0051167 -0.074987 0.87488
0.61239 -0.011887 -0.07498 0.79981
0.76578 -0.020365 -0.074975 0.72484
0.87832 -0.029826 -0.074971 0.64987
0.73864 -0.069383 -0.050015 0.22497
0.89174 -0.068784 -0.050014 0.32496
0.95632 -0.06304 -0.050013 0.39995
0.96859 -0.060487 -0.050008 0.42494
0.13344 -0.0035645 -0.050002 0.024997
0.41569 -0.0053335 -0.049999 0.87487
0.97944 -0.054712 -0.049998 0.47492
0.66527 -0.015176 -0.049995 0.77481
0.97214 -0.048304 -0.049988 0.5249
0.875 -0.031186 -0.04998 0.64986
0.68947 -0.076589 -0.02502 0.19998
0.85968 -0.07567 -0.025019 0.29996
0.63401 -0.074839 -0.025017 0.17498
0.54713 -0.010149 -0.025014 0.82482
0.48269 -0.0077023 -0.025012 0.84984
0.34016 -0.0036559 -0.025008 0.8999
0.25651 -0.042819 -0.025005 0.049994
0.75948 -0.022031 -0.025002 0.72482
0.9747 -0.054077 -0.024998 0.4999
0.95822 -0.046952 -0.024989 0.54988
0.92382 -0.039661 -0.024979 0.59986
0.48036 -0.0079328 -0.000025878 0.84984
0.82321 -0.08283 -0.000023447 0.27496
0.93434 -0.073423 -0.000022219 0.37495
0.6357 -0.084473 -0.000021322 0.17498
0.75614 -0.022709 -0.000015579 0.72481
0.43806 -0.075684 -0.000012184 0.099988
0.9727 -0.059997 -7.7086E-006 0.47491
0.97109 -0.056303 -2.9743E-006 0.4999
0 0 0 -0.95
0 0 0 -0.85
0 0 0 -0.75
0 0 0 -0.65
0 0 0 -0.55
0 0 0 -0.45
0 0 0 -0.35
0 0 0 -0.25
0 0 0 -0.15
0 0 0 -0.05
0 0 0 1
0.89621 -0.037234 9.6547E-006 0.62484
0.65616 -0.016582 0.02495 0.77482
0.75264 -0.02326 0.024962 0.72483
0.68984 -0.092596 0.024973 0.19998
0.82133 -0.088079 0.024974 0.27497
0.93119 -0.07677 0.024974 0.37495
0.96618 -0.065972 0.024979 0.44993
0.96893 -0.062119 0.024981 0.47492
0.89233 -0.038237 0.024985 0.62485
-0.0001563 0.0010086 0.024988 -0.8
-0.00019913 0.0020509 0.024989 -0.725
-0.00020683 0.0032416 0.02499 -0.65001
-0.00019169 0.004015 0.024991 -0.60001
-0.00016261 0.0047042 0.024993 -0.55001
-0.00014433 0.0050041 0.024994 -0.52501
-0.00010463 0.0054898 0.024997 -0.47501
-0.000068151 0.005827 0.024999 -0.42501
0.082576 -0.040029 0.025 0
0.0012963 0.0045953 0.025002 -0.050003
-0.000090408 0.0064201 0.025005 -0.30001
-0.00023536 0.0069516 0.025007 -0.25001
-0.00037899 0.0081709 0.02501 -0.20001
0.70321 -0.020181 0.049933 0.74985
0.82753 -0.031112 0.04995 0.67486
0.33478 -0.0039236 0.049961 0.89992
0.96318 -0.059689 0.049968 0.49991
0.96225 -0.067889 0.04997 0.44993
0.81889 -0.09236 0.049971 0.27497
0.92768 -0.079498 0.049971 0.37495
0.63571 -0.099702 0.049975 0.17498
-0.00073677 0.0038474 0.049978 -0.72501
-0.00076623 0.0059766 0.04998 -0.65001
-0.0007129 0.0073673 0.049982 -0.60002
0.44417 -0.098465 0.049986 0.09999
0.36927 -0.095672 0.049989 0.074992
0.28649 -0.089526 0.049993 0.049995
0.19901 -0.076538 0.049996 0.024997
-0.00022056 0.010961 0.05 -0.40002
0.052979 -0.020961 0.050002 -0.025003
0.0022587 0.011969 0.050007 -0.07501
-0.0011927 0.01701 0.050012 -0.12502
-0.0009509 0.01317 0.050017 -0.22503
0.64964 -0.017048 0.074906 0.77487
0.78673 -0.027643 0.074921 0.69988
0.88424 -0.039527 0.074936 0.62489
0.94223 -0.052169 0.074947 0.54991
0.96073 -0.065041 0.074957 0.47493
-0.0013621 0.0036395 0.074964 -0.77501
-0.0010809 0.00216 0.074967 -0.825
0.81606 -0.095492 0.074968 0.27497
0.9239 -0.081519 0.074968 0.37496
-0.0016135 0.0082517 0.07497 -0.65002
0.63471 -0.10403 0.074973 0.17498
0.57719 -0.10459 0.074977 0.14999
-0.001166 0.012592 0.074983 -0.52502
0.37311 -0.098591 0.074988 0.074993
0.29487 -0.089837 0.074992 0.049995
-0.00059013 0.014763 0.074997 -0.42503
0 0 0.075 1
0.0333 -0.0050714 0.075007 -0.05001
-0.00059482 0.01605 0.075015 -0.30003
-0.0011705 0.016722 0.075022 -0.25004
-0.0021233 0.017711 0.07503 -0.20004
0.74176 -0.024047 0.099893 0.72489
0.85207 -0.035656 0.099907 0.6499
0.923 -0.048262 0.099922 0.57491
0.95461 -0.061368 0.09994 0.49993
-0.0022631 0.0045823 0.099952 -0.77501
0.25482 -0.0023202 0.099955 0.92496
-0.0026853 0.0089622 0.099959 -0.67502
-0.0025095 0.012384 0.099964 -0.60003
0.87533 -0.090546 0.099965 0.32497
0.813 -0.097398 0.099966 0.27497
0.17425 -0.0010682 0.09997 0.94997
0.57723 -0.1064 0.099975 0.14999
-0.0017221 0.016195 0.099982 -0.50003
0.37964 -0.097344 0.099987 0.074994
-0.00012793 0.000052349 0.099994 -0.975
-0.00081124 0.018445 0.1 -0.40004
0 0 0.1 1
0.050874 -0.010838 0.10001 -0.050013
0.0079077 0.011465 0.10002 -0.10003
-0.0024231 0.019688 0.10003 -0.17505
0.58896 -0.013915 0.12486 0.79991
0.84798 -0.035603 0.12488 0.64992
0.8759 -0.03973 0.12489 0.62492
0.4006 -0.0059971 0.12491 0.87495
0.32913 -0.0039721 0.12493 0.89996
-0.0037468 0.007759 0.12494 -0.72502
-0.0038688 0.0090309 0.12495 -0.70002
-0.0036826 0.014203 0.12495 -0.60004
-0.0034736 0.015416 0.12496 -0.57504
0.80986 -0.09806 0.12496 0.27498
0.91582 -0.08323 0.12496 0.37496
-0.0032097 0.016553 0.12497 -0.55004
-0.00060645 0.00028192 0.12498 -0.95
0.45438 -0.10079 0.12498 0.099992
-0.0018334 0.020074 0.12499 -0.45004
-0.0014895 0.020648 0.125 -0.42505
0.24995 -0.070118 0.125 0.024998
0.068458 -0.015151 0.12501 -0.050017
0.034878 -0.001968 0.12502 -0.075025
-0.0014756 0.021607 0.12504 -0.25006
-0.0020146 0.020841 0.12505 -0.20007
0.81175 -0.031299 0.14985 0.67493
0.8439 -0.035286 0.14986 0.64993
0.46519 -0.0082659 0.14988 0.84995
0.94573 -0.061105 0.14991 0.49995
-0.0040973 0.0048627 0.14993 -0.80001
0.94506 -0.069984 0.14993 0.44996
-0.005277 0.012861 0.14994 -0.65004
-0.004981 0.015654 0.14995 -0.60005
-0.0043578 0.018223 0.14996 -0.55005
0.80679 -0.097532 0.14996 0.27498
0.91169 -0.082878 0.14996 0.37497
-0.0039457 0.019374 0.14997 -0.52505
-0.00091199 0.0003387 0.14998 -0.95
0.088205 -0.00027388 0.14998 0.97499
0.33013 -0.080116 0.14999 0.049997
0.20094 -0.054353 0.15 0
-0.001197 0.023449 0.15001 -0.37506
-0.00077646 0.023622 0.15002 -0.32507
-0.00089502 0.023217 0.15004 -0.27507
-0.001241 0.022092 0.15005 -0.22508
0.68579 -0.019873 0.17482 0.74996
0.80783 -0.030771 0.17483 0.67495
0.52491 -0.010695 0.17484 0.82497
0.93518 -0.055818 0.17488 0.52495
0.94313 -0.064616 0.17491 0.47496
-0.0061553 0.007917 0.17492 -0.75002
-0.0067635 0.012313 0.17493 -0.67504
0.25038 -0.0022525 0.17493 0.92499
-0.0060395 0.01821 0.17495 -0.57505
0.92289 -0.077598 0.17495 0.39997
0.63315 -0.10156 0.17496 0.17499
0.80387 -0.095903 0.17496 0.27498
-0.0044883 0.021853 0.17497 -0.50006
-0.0038542 0.022811 0.17498 -0.47506
-0.00059227 0.000099348 0.17499 -0.975
0.34099 -0.076021 0.17499 0.049997
0.21558 -0.05266 0.175 0
-0.00096654 0.025037 0.17502 -0.35007
0.059356 -0.0081602 0.17503 -0.075035
-0.00037104 0.023363 0.17505 -0.25009
0.00057137 0.020709 0.17507 -0.20009
0.68242 -0.019367 0.1998 0.74998
0.80399 -0.030003 0.19981 0.67497
0.92045 -0.050238 0.19985 0.54996
0.93694 -0.058817 0.19988 0.49997
0.32359 -0.0037659 0.1999 0.89999
-0.0081928 0.011413 0.19991 -0.70004
0.93634 -0.067422 0.19992 0.44997
0.92966 -0.071661 0.19993 0.42497
-0.0069067 0.020537 0.19995 -0.55006
0.88425 -0.083655 0.19995 0.34998
-0.0025346 0.00091406 0.19996 -0.92501
0.6815 -0.097924 0.19996 0.19999
0.52832 -0.09286 0.19997 0.12499
-0.0039177 0.024757 0.19998 -0.45007
-0.0030863 0.025386 0.19999 -0.42507
-0.0022839 0.02581 0.2 -0.40007
-0.0015449 0.026027 0.20001 -0.37508
-0.0003731 0.025792 0.20003 -0.32509
0.00035334 0.024581 0.20005 -0.2751
0.0013029 0.022101 0.20007 -0.2251
0.63024 -0.015622 0.22481 0.77499
0.72383 -0.021981 0.22482 0.72498
0.51958 -0.010067 0.22483 0.82499
0.9266 -0.05275 0.22488 0.52497
-0.008482 0.0072826 0.2249 -0.77502
-0.0094837 0.010267 0.22491 -0.72503
-0.0061345 0.0035282 0.22492 -0.85001
-0.0089031 0.019847 0.22493 -0.57506
-0.0082654 0.021276 0.22494 -0.55007
0.16916 -0.00097812 0.22495 0.95
0.83008 -0.087256 0.22496 0.29998
0.91472 -0.073352 0.22496 0.39997
0.6814 -0.093555 0.22497 0.19999
0.47703 -0.082909 0.22498 0.099996
-0.0010187 0.00011607 0.22499 -0.975
0 0 0.225 -1
0.30136 -0.057533 0.225 0.024999
-0.00073369 0.02665 0.22502 -0.35009
0.00072483 0.025659 0.22504 -0.3001
0.0020649 0.023423 0.22506 -0.2501
0.0051563 0.019368 0.22508 -0.20011
0.62731 -0.014948 0.24983 0.77499
0.76075 -0.024325 0.24984 0.69998
0.45565 -0.0073135 0.24987 0.84999
-0.0091252 0.0060848 0.2499 -0.80001
-0.011062 0.010514 0.24991 -0.72503
0.32022 -0.0034825 0.24991 0.9
-0.010975 0.018746 0.24992 -0.60006
-0.0061299 0.0026113 0.24994 -0.87501
-0.0087563 0.02312 0.24995 -0.52507
0.91088 -0.070265 0.24996 0.39998
0.76192 -0.08736 0.24997 0.24999
0.87721 -0.077362 0.24997 0.34998
0.58779 -0.085639 0.24998 0.14999
0.086132 -0.00024315 0.24998 0.975
0.42693 -0.071243 0.24999 0.074997
-0.0016105 0.027169 0.25 -0.37509
0 0 0.25 1
0.00060489 0.026518 0.25003 -0.3251
0.0025583 0.024618 0.25005 -0.2751
0.0052588 0.021142 0.25007 -0.22511
0.57172 -0.011534 0.27484 0.79999
0.67308 -0.01695 0.27485 0.74999
0.51471 -0.0091178 0.27486 0.82499
0.90834 -0.044146 0.27489 0.54997
0.91861 -0.047924 0.2749 0.52498
-0.013253 0.013925 0.27491 -0.67505
-0.012588 0.018961 0.27492 -0.60006
-0.011937 0.020554 0.27493 -0.57507
-0.00578 0.0017642 0.27495 -0.90001
-0.0043983 0.001031 0.27496 -0.92501
-0.0029643 0.000478 0.27497 -0.95
-0.0045494 0.027005 0.27498 -0.42508
0.85142 -0.07617 0.27498 0.32499
-0.0030317 0.027311 0.27499 -0.40009
0.63774 -0.082097 0.27499 0.17499
-0.0015355 0.027347 0.275 -0.37509
0.37776 -0.058724 0.275 0.049998
0.20324 -0.031882 0.27501 -0.025016
0.0026042 0.025613 0.27504 -0.3001
0.0054963 0.022681 0.27506 -0.25011
0.01098 0.017755 0.27508 -0.20012
0.62188 -0.013235 0.29986 0.77499
0.51247 -0.0085275 0.29987 0.82499
0.89023 -0.037848 0.29989 0.57498
-0.014269 0.010559 0.2999 -0.72503
-0.01495 0.013875 0.29991 -0.67505
-0.0094268 0.0036854 0.29992 -0.85001
-0.0080596 0.0026538 0.29993 -0.87501
-0.011335 0.023466 0.29994 -0.52507
0.24386 -0.0017994 0.29995 0.925
0.16653 -0.00082981 0.29996 0.95
-0.0049769 0.027047 0.29998 -0.42509
0.90384 -0.062395 0.29998 0.39998
0.79294 -0.075456 0.29999 0.27499
-0.001395 0.027306 0.3 -0.37509
0.38513 -0.054376 0.3 0.049999
0.59312 -0.074116 0.3 0.15
0 0 0.3 1
0.15768 -0.020291 0.30002 -0.050032
0.0054614 0.023952 0.30005 -0.27511
0.010101 0.019868 0.30007 -0.22512
0.56701 -0.0099486 0.32487 0.79999
-0.013131 0.0059857 0.32489 -0.80002
0.78704 -0.022703 0.32489 0.67499
-0.015862 0.010338 0.3249 -0.72503
0.44963 -0.0059719 0.3249 0.84999
0.88688 -0.034962 0.32491 0.57498
0.38474 -0.0042914 0.32492 0.875
0.31578 -0.0028451 0.32493 0.9
-0.011079 0.024505 0.32495 -0.50008
-0.0093169 0.025538 0.32496 -0.47508
-0.005382 0.026866 0.32497 -0.42509
0.08482 -0.00019906 0.32498 0.975
0.88644 -0.06066 0.32499 0.37499
0.2794 -0.037404 0.325 0
0.49786 -0.061356 0.325 0.099998
0.84637 -0.065869 0.325 0.32499
0.54791 -0.065212 0.32501 0.125
0.72249 -0.07134 0.32501 0.22499
0.11935 -0.012085 0.32503 -0.075051
0.0095398 0.021583 0.32506 -0.25012
0.017422 0.016244 0.32509 -0.20014
-0.016619 0.0084374 0.34989 -0.75003
-0.013055 0.0045345 0.3499 -0.82501
-0.018375 0.014853 0.3499 -0.65006
0.50849 -0.0071327 0.3499 0.82499
0.84248 -0.026031 0.34991 0.62499
0.88379 -0.031778 0.34992 0.57499
0.38325 -0.0038922 0.34993 0.875
0.90832 -0.037746 0.34994 0.52499
-0.0063092 0.00098564 0.34996 -0.92501
-0.0043262 0.00046178 0.34997 -0.95
-0.0033984 0.026695 0.34998 -0.4001
0.084448 -0.00018055 0.34999 0.975
0.28667 -0.034539 0.35 0
0.86581 -0.057788 0.35 0.34999
0.22899 -0.026252 0.35001 -0.025018
0.59796 -0.062057 0.35001 0.15
0.0038205 0.025486 0.35002 -0.32511
0.72234 -0.064996 0.35002 0.225
0.008766 0.022879 0.35005 -0.27512
0.041573 0.007486 0.35007 -0.15011
-0.016923 0.0065723 0.37489 -0.77502
-0.019601 0.010867 0.3749 -0.70004
0.61519 -0.0098403 0.3749 0.77499
0.70691 -0.013865 0.37491 0.72499
-0.018261 0.019146 0.37492 -0.57507
0.7818 -0.018333 0.37492 0.67499
0.86251 -0.025714 0.37493 0.59999
0.3819 -0.0034583 0.37494 0.875
-0.0068983 0.00092673 0.37496 -0.92501
0.24087 -0.0013383 0.37496 0.925
0.16443 -0.00061753 0.37497 0.95
-0.00075253 0.025992 0.37499 -0.37511
0.0019989 0.025593 0.375 -0.35011
0.89511 -0.047052 0.375 0.39999
0.45553 -0.046611 0.37501 0.074999
0.88121 -0.0495 0.37501 0.37499
0.60003 -0.055911 0.37502 0.15
0.0075448 0.023731 0.37503 -0.30012
0.72218 -0.058411 0.37503 0.225
0.066678 0.0017919 0.37506 -0.12509
0.024008 0.014924 0.37509 -0.20015
-0.020388 0.0085398 0.39989 -0.72504
-0.02173 0.013143 0.3999 -0.65006
-0.019873 0.018112 0.39991 -0.57508
0.61342 -0.0085184 0.39992 0.77499
0.74437 -0.013905 0.39993 0.69999
-0.014556 0.022404 0.39994 -0.50009
0.81065 -0.017963 0.39994 0.64999
0.38072 -0.0029927 0.39995 0.875
0.31239 -0.0019845 0.39996 0.9
0.24009 -0.0011583 0.39997 0.925
-0.0026721 0.00010583 0.39999 -0.975
0 0 0.4 -1
0.35439 -0.032778 0.4 0.025
0.24211 -0.021977 0.40001 -0.025019
0.89272 -0.041162 0.40001 0.39999
0.84033 -0.047269 0.40002 0.325
0.60179 -0.049695 0.40003 0.15
0.81569 -0.048883 0.40003 0.3
0.10159 -0.0038577 0.40005 -0.10008
0.020696 0.017217 0.40008 -0.22515
-0.019276 0.0051756 0.42488 -0.77503
-0.016068 0.0032874 0.42489 -0.82502
-0.022532 0.015127 0.42489 -0.60007
-0.012276 0.0018142 0.42492 -0.87501
-0.01311 0.022234 0.42493 -0.47509
0.504 -0.0045804 0.42493 0.825
0.74258 -0.011633 0.42494 0.7
0.85801 -0.018739 0.42495 0.6
-0.0037377 0.024059 0.42496 -0.4001
-0.00035233 0.024072 0.42497 -0.37511
0.90067 -0.02468 0.42498 0.525
0.90665 -0.026735 0.42499 0.5
0.30405 -0.025794 0.425 0
0.24766 -0.019755 0.42501 -0.025016
0.010091 0.02206 0.42502 -0.30012
0.87694 -0.036883 0.42502 0.375
0.5587 -0.041884 0.42503 0.125
0.10721 -0.0034024 0.42504 -0.10007
0.75564 -0.044039 0.42504 0.25
0.68486 -0.044726 0.42505 0.2
0.030372 0.013747 0.42508 -0.20013
-0.022965 0.006295 0.44987 -0.72504
-0.016831 0.0026482 0.44988 -0.82502
-0.014907 0.0020109 0.4499 -0.85002
-0.017008 0.019466 0.44991 -0.50009
0.61069 -0.0056471 0.44993 0.775
0.70182 -0.0079771 0.44994 0.725
0.80709 -0.011989 0.44995 0.65
-0.00024604 0.022751 0.44996 -0.37511
-0.0057832 0.00028315 0.44997 -0.95001
-0.003029 0.000076221 0.44998 -0.975
0.0073387 0.02194 0.44999 -0.32511
0 0 0.45 -1
0 0 0.45 1
0.41545 -0.029036 0.45001 0.05
0.46582 -0.032142 0.45002 0.075
0.51413 -0.034387 0.45003 0.1
0.020056 0.017993 0.45004 -0.25011
0.81295 -0.034592 0.45004 0.3
0.6458 -0.037601 0.45005 0.175
0.044095 0.0099611 0.45006 -0.1751
-0.021077 0.0031326 0.47485 -0.77504
-0.025946 0.0071354 0.47486 -0.67506
-0.025743 0.011458 0.47487 -0.60008
-0.020913 0.01609 0.47489 -0.52509
-0.011032 0.00070182 0.47492 -0.90002
-0.0086162 0.00042263 0.47494 -0.92501
0.70074 -0.0058309 0.47495 0.725
-0.0060075 0.00020563 0.47496 -0.95001
0.73997 -0.0067699 0.47496 0.7
0.31033 -0.00095665 0.47497 0.9
0.23845 -0.00055871 0.47498 0.925
0.083206 -0.000067227 0.47499 0.975
0.90323 -0.016079 0.475 0.5
0.20374 -0.010596 0.47501 -0.050022
0.021925 0.017072 0.47502 -0.25009
0.90302 -0.018824 0.47502 0.45
0.89702 -0.020231 0.47503 0.425
0.85647 -0.024442 0.47504 0.35
0.60482 -0.030513 0.47505 0.15
0.0362 0.012596 0.47506 -0.20009
0.75401 -0.02916 0.47506 0.25
-0.02495 0.0032076 0.49984 -0.72505
-0.027745 0.0076703 0.49985 -0.62507
-0.024591 0.012146 0.49987 -0.55009
-0.013574 0.00055524 0.4999 -0.87502
-0.011265 0.00037914 0.49992 -0.90002
0.0040703 0.019312 0.49995 -0.3501
-0.0061509 0.00011571 0.49996 -0.95001
0.44175 -0.0012364 0.49996 0.85
0.37785 -0.00088803 0.49997 0.875
0.85394 -0.0069957 0.49998 0.6
0.16252 -0.00015906 0.49999 0.95
0.3156 -0.016967 0.5 0
0 0 0.5 1
0.36906 -0.018619 0.50001 0.025
0.42036 -0.020612 0.50002 0.05
0.090255 0.0023911 0.50003 -0.12504
0.050582 0.0092211 0.50004 -0.17506
0.56194 -0.023776 0.50005 0.125
0.87237 -0.015754 0.50005 0.375
0.68409 -0.023034 0.50007 0.2
-0.022114 0.00052285 0.52483 -0.77505
-0.028178 0.0028895 0.52484 -0.67507
-0.018063 0.00014075 0.52485 -0.82504
-0.023848 0.010819 0.52487 -0.52509
-0.013809 0.014796 0.52489 -0.4501
-0.00060933 0.017064 0.52492 -0.3751
0.0089288 0.017193 0.52496 -0.32509
0.50133 -0.00059496 0.52496 0.825
0.44149 -0.00044955 0.52497 0.85
0.77369 -0.001874 0.52498 0.675
0.85336 -0.0028512 0.52499 0.6
0 0 0.525 -1
0.31824 -0.013977 0.525 0
0.21127 -0.0070838 0.52501 -0.050011
0.032117 0.013306 0.52502 -0.22505
0.42179 -0.016303 0.52502 0.050001
0.47048 -0.017358 0.52503 0.075001
0.90094 -0.0059116 0.52504 0.45
0.83347 -0.010092 0.52506 0.325
0.75203 -0.013251 0.52507 0.25
0.71898 -0.014317 0.52508 0.225
-0.0261 -0.00058985 0.54982 -0.72506
-0.030242 0.0021974 0.54983 -0.62508
-0.027586 0.0060682 0.54985 -0.55009
-0.018959 0.01043 0.54987 -0.4751
-0.0059518 0.013795 0.5499 -0.40011
0.0039189 0.014935 0.54993 -0.35009
0.55706 0.00056637 0.54996 0.8
0.50131 0.00045278 0.54997 0.825
0.69953 0.00092374 0.54998 0.725
0.83086 0.0013067 0.54999 0.625
0.16241 0.000044143 0.54999 0.95
0.32023 -0.010929 0.55 0
0 0 0.55 1
0.21414 -0.0052404 0.55001 -0.050006
0.043256 0.010561 0.55002 -0.20002
0.89519 0.0013051 0.55002 0.525
0.90046 0.0007796 0.55004 0.45
0.87064 -0.00048451 0.55006 0.375
0.83256 -0.0018738 0.55007 0.325
0.78118 -0.0037522 0.55008 0.275
-0.022188 -0.0024475 0.5748 -0.77506
-0.02955 -0.0022352 0.57481 -0.67507
-0.017813 -0.0018337 0.57483 -0.82505
-0.01559 -0.001459 0.57485 -0.85004
-0.013338 -0.0010901 0.57488 -0.87503
-0.0017657 0.011527 0.5749 -0.3751
-0.0060194 -0.0002025 0.57495 -0.95001
-0.0031842 -0.00005359 0.57498 -0.97501
0.50155 0.0015033 0.57498 0.825
0.77389 0.0041723 0.57499 0.675
0.23814 0.00031834 0.57499 0.925
0.17028 -0.001682 0.575 -0.075001
0.32162 -0.0077988 0.575 0
0 0 0.575 1
0.09979 0.0033505 0.57501 -0.125
0.88551 0.006453 0.57502 0.55
0.90104 0.0071477 0.57504 0.5
0.56 -0.0039688 0.57506 0.125
0.88404 0.0076077 0.57507 0.4
0.85278 0.0070901 0.57508 0.35
0.68073 0.0010236 0.5751 0.2
-0.026154 -0.0047988 0.5998 -0.72507
-0.031921 -0.0043679 0.5998 -0.62508
-0.030308 -0.0016204 0.59982 -0.55009
-0.021849 0.0026587 0.59985 -0.4751
-0.0080261 0.0069417 0.59987 -0.40012
-0.0082658 -0.00066817 0.59992 -0.92502
0.020721 0.010413 0.59995 -0.27503
0.60957 0.0039357 0.59998 0.775
0.70046 0.0055017 0.59999 0.725
0.23841 0.00053891 0.59999 0.925
0.059877 0.0072719 0.6 -0.17498
0.17228 -0.0002785 0.6 -0.074993
0.3223 -0.0045355 0.6 0
0 0 0.6 1
0.8722 0.010699 0.60002 0.575
0.46859 -0.0010207 0.60004 0.075002
0.90155 0.013127 0.60005 0.5
0.6003 0.0056357 0.60008 0.15
0.6407 0.0078086 0.60009 0.175
0.71502 0.011497 0.6001 0.225
-0.021148 -0.0054362 0.62479 -0.77507
-0.029715 -0.0078554 0.6248 -0.67508
-0.016611 -0.0037636 0.62481 -0.82506
-0.014405 -0.0029382 0.62484 -0.85005
-0.019237 -0.00040019 0.62486 -0.45012
-0.0039362 0.0041999 0.6249 -0.37511
0.013922 0.0073836 0.62494 -0.30007
0.027966 0.0081198 0.62497 -0.25004
0.61046 0.0055317 0.62499 0.775
0.31079 0.0012958 0.62499 0.9
0.061205 0.0064969 0.625 -0.17501
0.17377 0.0011819 0.625 -0.075003
0.32232 -0.0010974 0.625 0
0.08334 0.000090552 0.625 0.975
0.77562 0.01017 0.62501 0.675
0.87328 0.015317 0.62503 0.575
0.51151 0.0080449 0.62506 0.1
0.90149 0.021296 0.62507 0.45001
0.88461 0.023026 0.62509 0.40001
0.85256 0.023995 0.6251 0.35001
0.67705 0.019014 0.62512 0.20001
-0.024876 -0.00893 0.64979 -0.72509
-0.031006 -0.01124 0.6498 -0.65009
-0.013502 -0.0035806 0.64983 -0.85006
-0.011402 -0.0026357 0.64986 -0.87505
-0.0093176 -0.0017862 0.64989 -0.90004
0.00039866 0.0013271 0.64992 -0.35011
0.019944 0.0049557 0.64996 -0.27507
0.61166 0.0070884 0.64999 0.775
0.37963 0.0025002 0.64999 0.875
0.080485 0.0049601 0.65 -0.15002
0.21963 0.0030428 0.65 -0.050008
0.65932 0.0084801 0.65 0.75
0 0 0.65 1
0.36984 0.0055233 0.65002 0.025001
0.8567 0.018122 0.65003 0.60001
0.88868 0.021578 0.65005 0.55001
0.55203 0.019605 0.65008 0.125
0.59469 0.023149 0.6501 0.15001
0.80609 0.03319 0.65011 0.30001
0.74611 0.032055 0.65012 0.25001
-0.018942 -0.0079858 0.67477 -0.7751
-0.028313 -0.013309 0.67479 -0.6751
-0.032985 -0.015681 0.67481 -0.6001
-0.031699 -0.015029 0.67484 -0.52512
-0.022608 -0.011155 0.67487 -0.45013
-0.0065104 -0.0012238 0.67491 -0.92504
0.0049988 -0.0016434 0.67494 -0.32511
0.02695 0.0026313 0.67498 -0.25008
0.03631 0.0034675 0.675 -0.22507
0.31986 0.0066254 0.675 0
0.38064 0.003027 0.675 0.875
0.083794 0.00014042 0.675 0.975
0.080923 0.004328 0.67501 -0.15004
0.6609 0.010282 0.67501 0.75
0.41305 0.014843 0.67503 0.050002
0.45868 0.019257 0.67505 0.075003
0.9003 0.028574 0.67507 0.52501
0.59113 0.032934 0.6751 0.15001
0.63281 0.036355 0.67512 0.17501
0.74513 0.042147 0.67513 0.25001
0.71017 0.040955 0.67514 0.22501
-0.022147 -0.012319 0.69978 -0.72511
-0.029112 -0.017217 0.69979 -0.65011
-0.033131 -0.02032 0.69982 -0.57511
-0.030546 -0.019878 0.69986 -0.50013
-0.01998 -0.015535 0.69989 -0.42515
-0.0034173 -0.0090279 0.69993 -0.35014
-0.0020225 -0.00016978 0.69997 -0.97501
0.035273 0.00044303 0.7 -0.22509
0.3171 0.011115 0.7 0
0.44629 0.0049094 0.7 0.85
0.1644 0.00062975 0.7 0.95
0.061663 0.002525 0.70001 -0.17507
0.17352 0.0059357 0.70001 -0.07503
0.70644 0.014096 0.70002 0.72501
0.81192 0.020965 0.70004 0.65001
0.893 0.031062 0.70007 0.55001
0.90815 0.036254 0.70009 0.50001
0.89974 0.043698 0.70012 0.42501
0.88882 0.045941 0.70013 0.40001
0.67035 0.049858 0.70015 0.20001
-0.015692 -0.0095996 0.72476 -0.77512
-0.022686 -0.015565 0.72478 -0.70012
-0.0098528 -0.0047412 0.72481 -0.85009
-0.0081471 -0.0034455 0.72485 -0.87508
-0.0065129 -0.0023183 0.72488 -0.90006
-0.017157 -0.020324 0.72491 -0.40017
0.00059851 -0.012837 0.72495 -0.32514
0.023735 -0.005415 0.72499 -0.25012
0.31337 0.016212 0.725 0
0.44785 0.0055667 0.725 0.85
0.16504 0.00071402 0.725 0.95
0.079404 0.0020616 0.72501 -0.15008
0.61698 0.011372 0.72501 0.775
0.70874 0.016005 0.72502 0.72501
0.81451 0.023842 0.72504 0.65001
0.86369 0.029528 0.72506 0.60001
0.90549 0.038494 0.72509 0.52501
0.58292 0.055009 0.72512 0.15001
0.87615 0.055776 0.72514 0.37501
0.83428 0.060108 0.72515 0.32501
0.74416 0.06307 0.72516 0.25001
-0.018078 -0.014238 0.74977 -0.72513
-0.025172 -0.021558 0.74979 -0.65012
-0.030814 -0.028295 0.74982 -0.57512
-0.031223 -0.031707 0.74986 -0.50015
-0.0040744 -0.0013796 0.7499 -0.92505
-0.0027058 -0.0006496 0.74994 -0.95003
0.0047333 -0.016865 0.74997 -0.30015
0.26098 0.018357 0.75 -0.025016
0.31579 0.0029424 0.75 0.9
0 0 0.75 1
0.16842 0.009434 0.75001 -0.075049
0.51035 0.0081327 0.75001 0.825
0.07715 0.00015336 0.75002 -0.1501
0.39342 0.039582 0.75004 0.050003
0.86678 0.032886 0.75006 0.60001
0.48538 0.055652 0.75009 0.10001
0.91421 0.04647 0.75011 0.50001
0.90542 0.056782 0.75014 0.42501
0.80937 0.070955 0.75016 0.30001
0.70699 0.073829 0.75017 0.22501
-0.011739 -0.0098764 0.77475 -0.77515
-0.017857 -0.017044 0.77477 -0.70014
-0.024746 -0.02564 0.7748 -0.62513
-0.029924 -0.033669 0.77484 -0.55014
-0.029622 -0.037879 0.77488 -0.47516
-0.0021078 -0.00061726 0.77493 -0.95004
-0.0010173 -0.00016555 0.77497 -0.97502
0 0 0.775 -1
0.30124 0.029077 0.775 0
0 0 0.775 1
0.56926 0.011216 0.77501 0.80001
0.31721 0.0032065 0.77501 0.9
0.097576 0.0014306 0.77502 -0.1251
0.71417 0.019391 0.77503 0.72501
0.78946 0.025634 0.77505 0.67501
0.84759 0.032399 0.77507 0.62501
0.91238 0.04714 0.77511 0.52501
0.57454 0.080607 0.77514 0.15001
0.89769 0.066465 0.77516 0.40002
0.88223 0.070156 0.77517 0.37502
0.66548 0.084934 0.77519 0.20002
-0.006842 -0.0058167 0.79976 -0.82515
-0.019358 -0.022978 0.79979 -0.65014
-0.025632 -0.033087 0.79982 -0.57514
-0.028373 -0.039168 0.79986 -0.52515
-0.027609 -0.044465 0.7999 -0.45018
-0.018926 -0.042558 0.79995 -0.3752
-0.0021727 -0.033858 0.79998 -0.30019
0.29187 0.037343 0.8 0
0 0 0.8 1
0.51483 0.009519 0.80001 0.82501
0.24512 0.002008 0.80001 0.925
0.12127 0.006272 0.80002 -0.10009
0.035912 -0.016563 0.80003 -0.20018
0.37247 0.063953 0.80005 0.050004
0.42003 0.074711 0.80007 0.075006
0.4701 0.083647 0.8001 0.10001
0.92195 0.055049 0.80013 0.50002
0.9131 0.067941 0.80016 0.42502
0.88613 0.07645 0.80018 0.37502
0.78297 0.091291 0.80019 0.27502
-0.0076293 -0.0086803 0.82477 -0.77514
-0.0122 -0.015946 0.8248 -0.70013
-0.018025 -0.025879 0.82482 -0.62512
-0.02381 -0.037418 0.82486 -0.55013
-0.026687 -0.047457 0.8249 -0.47515
-0.0010567 -0.00047385 0.82494 -0.95004
-0.016561 -0.049819 0.82497 -0.35017
0.00099346 -0.040146 0.825 -0.27516
0.086182 0.00025504 0.825 0.975
0.14812 0.014373 0.82501 -0.075059
0.24643 0.0021275 0.82501 0.925
0.085181 -0.004096 0.82502 -0.1251
0.45587 0.0076589 0.82502 0.85001
0.35966 0.079668 0.82504 0.050006
0.79647 0.029224 0.82506 0.67501
0.85513 0.036978 0.82508 0.62502
0.51623 0.1056 0.82511 0.12501
0.92771 0.063151 0.82513 0.47502
0.84671 0.091074 0.82516 0.32502
0.66626 0.1081 0.82517 0.20002
0.81858 0.095393 0.82517 0.30002
-0.0039052 -0.0044677 0.84982 -0.82511
-0.012509 -0.020649 0.84984 -0.6501
-0.0024225 -0.0022594 0.84987 -0.87508
-0.0017701 -0.0014512 0.8499 -0.90006
-0.023782 -0.052954 0.84993 -0.45014
-0.020622 -0.058773 0.84996 -0.37515
-0.0092453 -0.054993 0.84999 -0.30014
0.26465 0.059553 0.85 0
0.0041626 -0.046818 0.85001 -0.25014
0.2478 0.0022278 0.85001 0.925
0.037761 -0.027231 0.85002 -0.17512
0.45822 0.008023 0.85002 0.85001
0.51993 0.010569 0.85003 0.82501
0.67945 0.019683 0.85005 0.75001
0.80029 0.030627 0.85007 0.67502
0.88225 0.043047 0.85009 0.60002
0.93106 0.061454 0.85011 0.50003
0.62006 0.12066 0.85013 0.17503
0.85144 0.096586 0.85014 0.32503
0.71327 0.11481 0.85015 0.22503
-0.0040034 -0.0062666 0.87484 -0.7751
-0.0067121 -0.012348 0.87486 -0.70009
-0.010523 -0.021554 0.87487 -0.62508
-0.015123 -0.034075 0.8749 -0.55009
-0.019171 -0.048461 0.87493 -0.47511
-0.00032966 -0.00025953 0.87496 -0.95003
-0.017761 -0.065315 0.87498 -0.35012
-0.006962 -0.062576 0.875 -0.27512
0.087227 0.00027658 0.875 0.975
0.063863 -0.016119 0.87501 -0.12507
0.24922 0.0023086 0.87501 0.925
0.044356 -0.027911 0.87502 -0.15008
0.33133 0.11886 0.87503 0.050009
0.58036 0.013867 0.87504 0.80001
0.72766 0.023998 0.87506 0.72502
0.83607 0.035884 0.87508 0.65002
0.56927 0.13346 0.8751 0.15003
0.62276 0.13037 0.87511 0.17503
0.93751 0.068772 0.87511 0.47503
0.88082 0.095326 0.87512 0.35004
0.75872 0.11679 0.87513 0.25004
-0.0016773 -0.0026278 0.89988 -0.82507
-0.0060683 -0.014829 0.89989 -0.65007
-0.0093191 -0.025195 0.89991 -0.57507
-0.011778 -0.0341 0.89993 -0.52508
-0.015055 -0.049458 0.89995 -0.45009
-0.016061 -0.063822 0.89997 -0.3751
-0.011977 -0.071401 0.89999 -0.30009
0.13408 0.041282 0.9 -0.050023
0 0 0.9 1
0.050088 -0.025441 0.90001 -0.12506
0.17135 0.001092 0.90001 0.95
0.2507 0.0023692 0.90002 0.92501
0.38554 0.14653 0.90004 0.075015
0.58344 0.014238 0.90005 0.80001
0.77206 0.028518 0.90007 0.70002
0.90622 0.092146 0.90009 0.37504
0.94269 0.070467 0.90009 0.47504
0.86797 0.041217 0.90009 0.62502
0.83386 0.10916 0.9001 0.30004
0.89126 0.045764 0.9001 0.60003
-0.001415 -0.0033057 0.9249 -0.77506
-0.0024799 -0.007173 0.92491 -0.70006
-0.0040966 -0.01351 0.92492 -0.62505
-0.0063337 -0.023186 0.92494 -0.55005
-0.00012965 -0.00015533 0.92496 -0.92502
-0.010517 -0.047007 0.92497 -0.42507
-0.011569 -0.062782 0.92499 -0.35007
-0.0087767 -0.072977 0.925 -0.27507
0.14428 0.078063 0.925 -0.025008
-0.0026079 -0.072411 0.92501 -0.22507
0.032728 -0.037131 0.92501 -0.12504
0.088337 0.00028841 0.92501 0.975
0.39891 0.0062393 0.92503 0.87501
0.51816 0.15118 0.92505 0.12503
0.69002 0.021314 0.92506 0.75002
0.92731 0.087581 0.92507 0.40005
0.72867 0.12786 0.92508 0.22505
0.868 0.10449 0.92508 0.32505
0.77607 0.029002 0.92508 0.70002
0.92972 0.056086 0.92509 0.55003
0.89591 0.046479 0.9251 0.60003
-0.00075362 -0.0026157 0.94994 -0.75004
-0.00028559 -0.00053267 0.94995 -0.85003
-0.00019185 -0.00026978 0.94996 -0.87503
-0.000024105 3.2843E-006 0.94997 -0.92502
0.000035175 0.000031479 0.94998 -0.95001
0.000055443 0.000018534 0.94999 -0.97501
0 0 0.95 -1
0.027876 -0.02533 0.95 -0.10002
0.14341 0.11709 0.95 0
-0.00061555 -0.067926 0.95001 -0.20005
0.22873 0.16294 0.95001 0.025007
0.38894 0.15979 0.95002 0.07502
0.52382 0.1493 0.95004 0.12503
0.89766 0.098366 0.95005 0.35006
0.63867 0.13763 0.95006 0.17505
0.81275 0.11501 0.95006 0.27506
0.95069 0.076769 0.95006 0.45005
0.69368 0.021499 0.95007 0.75002
0.73908 0.02527 0.95008 0.72502
0.91979 0.051499 0.9501 0.57503
-0.000089915 -0.00028712 0.97497 -0.82502
-0.00022187 -0.0015128 0.97497 -0.72502
-0.00046627 -0.0041791 0.97497 -0.62502
-0.00065415 -0.0063915 0.97498 -0.57502
0.000020468 0.000056409 0.97499 -0.95001
-0.0014937 -0.01856 0.97499 -0.42502
0.000021935 0.000021688 0.975 -0.975
-0.0021585 -0.039377 0.975 -0.27502
-0.00012953 -0.047604 0.975 -0.17502
0.011693 -0.0097941 0.975 -0.075008
0.11237 0.11974 0.975 0
0.089476 0.00029059 0.97501 0.975
0.17456 0.0011198 0.97502 0.95
0.903 0.096555 0.97503 0.35006
0.64386 0.13061 0.97504 0.17505
0.81807 0.11177 0.97504 0.27506
0.95588 0.076003 0.97505 0.45006
0.95638 0.065914 0.97507 0.50005
0.74295 0.025275 0.97508 0.72502
0.78417 0.029231 0.97509 0.70003
0.90523 0.046638 0.97511 0.60003
0 0 1 -0.925
0 0 1 -0.825
0 0 1 -0.725
0 0 1 -0.625
0 0 1 -0.525
0 0 1 -0.425
0 0 1 -0.325
0 0 1 -0.225
0 0 1 -0.125
0 0 1 -0.025
0.30018 0.11264 1 0.050016
0.59146 0.12183 1 0.15005
0.78545 0.11057 1 0.25007
0.90788 0.093481 1 0.35007
0.96084 0.074456 1 0.45006
0.25679 0.0024133 1 0.92501
0.96127 0.064826 1.0001 0.50006
0.9098 0.046117 1.0001 0.60004
0.78819 0.028994 1.0001 0.70003
0.59616 0.01453 1.0001 0.80002
0.17681 0.041689 1.025 0.025008
0.5288 0.10113 1.025 0.12504
0.74646 0.10464 1.025 0.22507
0.88792 0.093159 1.025 0.32507
0.95873 0.076653 1.025 0.42507
0.40808 0.0061686 1.025 0.87501
0.090606 0.00028378 1.025 0.975
0.93376 0.049645 1.0251 0.57505
0.82929 0.032531 1.0251 0.67503
0.65417 0.017574 1.0251 0.77502
0 0 1.05 0
0.44771 0.069738 1.05 0.10003
0.69925 0.093363 1.05 0.20006
0.86212 0.089996 1.05 0.30007
0.95162 0.07724 1.05 0.40008
0.97033 0.061015 1.05 0.50006
0.25979 0.0023267 1.05 0.92501
0.95325 0.052497 1.0501 0.55005
0.86613 0.035758 1.0501 0.65004
0.70811 0.020585 1.0501 0.75003
0.47883 0.0084131 1.0501 0.85001
0.34659 0.035327 1.075 0.075024
0.64205 0.076858 1.075 0.17506
0.8297 0.083686 1.075 0.27507
0.93914 0.075958 1.075 0.37508
0.97624 0.062286 1.075 0.47507
0.94222 0.046515 1.075 0.57505
0.26124 0.0022608 1.075 0.92501
0.92262 0.042514 1.0751 0.60005
0.79974 0.027064 1.0751 0.70003
0.60543 0.013635 1.0751 0.80002
0.22908 0.012232 1.1 0.050016
0.57284 0.056843 1.1 0.15005
0.78969 0.074271 1.1 0.25007
0.9208 0.07265 1.1 0.35008
0.97707 0.062289 1.1 0.45007
0.96123 0.048255 1.1 0.55006
0.87387 0.033305 1.1 0.65005
0.26265 0.0021817 1.1 0.92501
0.84084 0.029651 1.1001 0.67504
0.66386 0.016141 1.1001 0.77502
0.74129 0.062338 1.1249 0.22506
0.11381 0.0038185 1.125 0.025008
0.4918 0.036924 1.125 0.12504
0.89609 0.067311 1.125 0.32507
0.97251 0.060914 1.125 0.42508
0.97538 0.04912 1.125 0.52507
0.90603 0.035312 1.125 0.62505
0.76466 0.021678 1.125 0.72503
0.264 0.0020917 1.125 0.92501
0.71802 0.018506 1.1251 0.75003
0.55715 0.036515 1.1499 0.15005
0.78541 0.056641 1.1499 0.25007
0.9231 0.060341 1.1499 0.35008
0.1098 0.0010027 1.15 0.025008
0.48305 0.02873 1.15 0.12504
0.98443 0.049022 1.15 0.50007
0.93349 0.036722 1.15 0.60006
0.81001 0.023755 1.15 0.70004
0.41862 0.0051868 1.15 0.87501
0.09319 0.00023617 1.15 0.975
0.55338 0.0095284 1.1501 0.82502
0.67896 0.041078 1.1749 0.20006
0.86344 0.053246 1.1749 0.30007
0.9636 0.053088 1.1749 0.40009
0.10635 0.00057048 1.175 0.025008
0.98818 0.047921 1.175 0.47508
0.95608 0.037462 1.175 0.57507
0.8508 0.025449 1.175 0.67505
0.67245 0.013981 1.175 0.77503
0.34585 0.0032473 1.175 0.90001
0 0 1.175 1
0.61235 0.029447 1.1999 0.17505
0.82347 0.044941 1.1999 0.27507
0.9464 0.048699 1.1999 0.37508
0.99021 0.044117 1.1999 0.47508
0.20481 0.0033815 1.2 0.050015
0.97363 0.037483 1.2 0.55008
0.88687 0.026693 1.2 0.65006
0.7266 0.015713 1.2 0.75003
0.42223 0.0046276 1.2 0.87501
0.094069 0.00020954 1.2 0.975
0.60729 0.024368 1.2249 0.17504
0.82106 0.039019 1.2249 0.27506
0.9465 0.043671 1.2249 0.37507
0.99191 0.040371 1.2249 0.47507
0.20174 0.0026913 1.225 0.050011
0.98598 0.036769 1.225 0.52507
0.91812 0.027434 1.225 0.62506
0.77618 0.017176 1.225 0.72504
0.56004 0.0079662 1.225 0.82502
0.26878 0.0016583 1.225 0.92501
0.60283 0.020232 1.2499 0.17502
0.81863 0.033777 1.2499 0.27504
0.94634 0.038963 1.2499 0.37506
0.9933 0.036736 1.2499 0.47506
0.29171 0.0046231 1.25 0.075011
0.99296 0.035338 1.25 0.50006
0.94438 0.027641 1.25 0.60006
0.82107 0.018313 1.25 0.70004
0.62319 0.0093741 1.25 0.80001
0.35002 0.0026591 1.25 0.90001
0 0 1.25 1
0.89161 0.032833 1.2749 0.32503
0.98005 0.034656 1.2749 0.42505
0.10113 0.00036107 1.275 0.025002
0.45549 0.0096755 1.275 0.12501
0.71898 0.023685 1.275 0.22502
0.96555 0.027308 1.275 0.57505
0.86115 0.019083 1.275 0.67504
0.68175 0.010616 1.275 0.77502
0.42687 0.0037284 1.275 0.87501
0.095187 0.00016703 1.275 0.975
0.9654 0.030969 1.2999 0.40003
0.10039 0.00034732 1.3 0.025
0.45233 0.0079596 1.3 0.125
0.71596 0.0201 1.3 0.225
0.89023 0.028697 1.3 0.32502
0.98149 0.026451 1.3 0.55005
0.89632 0.019463 1.3 0.65004
0.73564 0.011641 1.3 0.75002
0.49924 0.0047908 1.3 0.85001
0.18603 0.00059647 1.3 0.95
0 0 1.325 0
0.36999 0.0043201 1.325 0.09999
0.65568 0.014455 1.325 0.19998
0.85302 0.023492 1.325 0.3
0.98042 0.02754 1.325 0.42502
0.9921 0.025116 1.325 0.52503
0.92648 0.019446 1.325 0.62504
0.78476 0.012413 1.325 0.72502
0.56703 0.0057836 1.325 0.82501
0.27243 0.0011925 1.325 0.925
0 0 1.35 0
0.36807 0.0035653 1.35 0.099982
0.65315 0.012189 1.35 0.19996
0.85136 0.020303 1.35 0.29999
0.96483 0.024192 1.35 0.40001
0.99729 0.023368 1.35 0.50002
0.95151 0.019044 1.35 0.60004
0.82901 0.012908 1.35 0.70002
0.63014 0.0066565 1.35 0.80001
0.3543 0.001875 1.35 0.9
0 0 1.35 1
0.28226 0.0016676 1.375 0.07498
0.58782 0.0082699 1.375 0.17495
0.80812 0.015946 1.375 0.27496
0.94351 0.020728 1.375 0.37499
0.99701 0.021296 1.375 0.47501
0.97137 0.018286 1.375 0.57503
0.86831 0.013116 1.375 0.67502
0.68849 0.0073719 1.375 0.77501
0.43155 0.0025772 1.375 0.875
0.096294 0.00011315 1.375 0.975
0.19232 0.00060733 1.4 0.049983
0.51756 0.0052818 1.4 0.14995
0.75932 0.012087 1.4 0.24994
0.91653 0.017301 1.4 0.34997
0.99122 0.018996 1.4 0.44999
0.98595 0.017216 1.4 0.55002
0.90259 0.013043 1.4 0.65002
0.742 0.007904 1.4 0.75001
0.50411 0.003246 1.4 0.85
0.18797 0.00039706 1.4 0.95
0.098274 0.00012293 1.425 0.024993
0.44265 0.0031291 1.425 0.12497
0.70525 0.0088167 1.425 0.22495
0.884 0.014054 1.425 0.32496
0.97992 0.016578 1.425 0.42497
0.99523 0.015893 1.425 0.52499
0.93178 0.012706 1.425 0.62501
0.79064 0.00824 1.425 0.72499
0.57195 0.0038412 1.425 0.82499
0.27498 0.0007797 1.425 0.92499
0 0 1.45 0
0.36316 0.0016775 1.45 0.099981
0.64608 0.0061608 1.45 0.19996
0.84603 0.01109 1.45 0.29996
0.96315 0.01414 1.45 0.39995
0.99917 0.014381 1.45 0.49997
0.95583 0.012131 1.45 0.59999
0.83431 0.0083758 1.45 0.69998
0.63496 0.0043328 1.45 0.79997
0.35727 0.0012044 1.45 0.89998
0 0 1.45 1
0.27916 0.00077382 1.475 0.074991
0.58196 0.0040956 1.475 0.17498
0.80275 0.0084836 1.475 0.27496
0.94096 0.011779 1.475 0.37494
0.99776 0.012752 1.475 0.47495
0.97468 0.011357 1.475 0.57497
0.87294 0.0083191 1.475 0.67497
0.69308 0.0047018 1.475 0.77495
0.43477 0.0016261 1.475 0.87497
0.097036 0.000069295 1.475 0.97499
0.19065 0.00027683 1.5 0.049998
0.51301 0.0025645 1.5 0.14999
0.75431 0.0062744 1.5 0.24998
0.91343 0.0095699 1.5 0.34994
0.99101 0.011075 1.5 0.44993
0.98831 0.010428 1.5 0.54995
0.90651 0.0080852 1.5 0.64995
0.74626 0.004939 1.5 0.74994
0.50745 0.0020116 1.5 0.84995
0.18927 0.00023944 1.5 0.94998
0.097622 0.000054086 1.525 0.025001
0.4393 0.0014867 1.525 0.125
0.70082 0.0044689 1.525 0.22499
0.88063 0.0075737 1.525 0.32495
0.97894 0.0094147 1.525 0.42492
0.99671 0.0093894 1.525 0.52493
0.93497 0.0076975 1.525 0.62494
0.79446 0.0050436 1.525 0.72492
0.57524 0.0023374 1.525 0.82492
0.27666 0.00046259 1.525 0.92497
0.9616 0.0078273 1.5499 0.3999
0.097529 0.000043622 1.55 0.025003
0.43878 0.0012273 1.55 0.12501
0.70008 0.0037494 1.55 0.22501
0.88 0.0064423 1.55 0.32494
0.99987 0.0082897 1.55 0.49991
0.95829 0.0071835 1.55 0.59992
0.83763 0.0050219 1.55 0.69991
0.63812 0.002589 1.55 0.7999
0.35919 0.0007035 1.55 0.89995
0 0 1.55 1
0.99065 0.0071053 1.5749 0.44989
0.097456 0.000034875 1.575 0.025005
0.43836 0.0010094 1.575 0.12502
0.69944 0.0031367 1.575 0.22502
0.87945 0.0054631 1.575 0.32494
0.97647 0.0065748 1.575 0.5749
0.87576 0.0048862 1.575 0.6749
0.696 0.0027588 1.575 0.77488
0.43682 0.00093508 1.575 0.87492
0.097489 0.000038056 1.575 0.97498
0.96099 0.0057055 1.5999 0.39987
1 0.0061475 1.5999 0.49988
0.097398 0.000027883 1.6 0.025007
0.43801 0.00082724 1.6 0.12503
0.69891 0.0026165 1.6 0.22503
0.87897 0.0046185 1.6 0.32494
0.90882 0.0046531 1.6 0.64988
0.74889 0.0028462 1.6 0.74987
0.50952 0.0011394 1.6 0.8499
0.19005 0.00012994 1.6 0.94997
0.96073 0.004847 1.6249 0.39985
1 0.0052647 1.6249 0.49986
0.79676 0.0028558 1.6249 0.72486
0.57726 0.0013048 1.6249 0.82487
0.27737 0.00022624 1.625 0.075016
0.5781 0.0013479 1.625 0.17504
0.79855 0.0030588 1.625 0.27497
0.98968 0.0050697 1.625 0.54987
0.90921 0.0040092 1.625 0.64987
0.27766 0.00024808 1.625 0.92494
0.96049 0.0041054 1.6499 0.39984
1.0001 0.0044935 1.6499 0.49985
0.79716 0.0024506 1.6499 0.72485
0.5776 0.0011143 1.6499 0.82486
0.18971 0.000075345 1.65 0.050009
0.51006 0.00080707 1.65 0.15003
0.75057 0.0021781 1.65 0.24999
0.91062 0.0035902 1.65 0.34989
0.97723 0.0041805 1.65 0.57486
0.36032 0.00037369 1.65 0.89992
0 0 1.65 1
0.99765 0.0038102 1.6749 0.47483
0.83993 0.0023919 1.6749 0.69983
0.64034 0.0012154 1.6749 0.79983
0 0 1.675 0
0.3596 0.00027269 1.675 0.10001
0.64006 0.0011895 1.675 0.20003
0.8403 0.0024437 1.675 0.29992
1.0001 0.0038241 1.675 0.49983
0.95986 0.0033966 1.675 0.59984
0.097735 0.000018679 1.675 0.97498
0.93757 0.0027179 1.6999 0.62482
0.7978 0.0017878 1.6999 0.72482
0.57817 0.00080506 1.6999 0.82484
0 0 1.7 0
0.35945 0.00021893 1.7 0.10001
0.63977 0.00097897 1.7 0.20002
0.83999 0.0020401 1.7 0.29991
0.99012 0.0031701 1.7 0.44981
0.99006 0.0031508 1.7 0.54982
0.19047 0.000064031 1.7 0.94995
0.91032 0.0021409 1.7249 0.64981
0.75066 0.0013041 1.7249 0.7498
0.51091 0.00050619 1.7249 0.84985
0.09721 0.00000784 1.725 0.025001
0.43682 0.00029155 1.725 0.12501
0.69706 0.0010199 1.725 0.22498
0.87729 0.0019218 1.725 0.32487
0.97749 0.0025888 1.725 0.42479
0.99762 0.0027338 1.725 0.5248
0.27821 0.00012328 1.725 0.92493
0.93793 0.001972 1.7499 0.62479
0.79829 0.001299 1.7499 0.72479
0.5786 0.00058131 1.7499 0.82482
0.2783 0.0001039 1.7499 0.92492
0.27681 0.000073271 1.75 0.075
0.57674 0.00050277 1.75 0.175
0.79694 0.0012304 1.75 0.27491
0.93721 0.0019415 1.75 0.3748
0.99753 0.0023162 1.75 0.47478
0.97779 0.0022008 1.75 0.57479
0 0 1.75 1
0.84088 0.0012683 1.7749 0.69978
0.64127 0.0006407 1.7749 0.79978
0.36105 0.00016133 1.7749 0.89989
0.18943 0.000023562 1.775 0.049998
0.50906 0.00029781 1.775 0.14999
0.74918 0.00086702 1.775 0.24993
0.90947 0.0015036 1.775 0.34981
0.98989 0.0019202 1.775 0.44976
0.99028 0.0019369 1.775 0.54977
0.097864 9.0207E-006 1.775 0.97497
0.91081 0.001337 1.7999 0.64976
0.75126 0.00082003 1.7999 0.74977
0.43879 0.00022158 1.7999 0.87485
0.09716 4.2316E-006 1.8 0.024998
0.43647 0.00016701 1.8 0.12499
0.69648 0.00059768 1.8 0.22495
0.87672 0.0011476 1.8 0.32483
0.97719 0.0015725 1.8 0.42474
0.99771 0.0016847 1.8 0.52475
0.1907 0.000033241 1.8 0.94994
0.91088 0.0011563 1.8249 0.64979
0.75133 0.00071458 1.8249 0.7498
0.51141 0.0002821 1.8249 0.84985
0 0 1.825 0
0.359 0.000088714 1.825 0.099992
0.63887 0.00040598 1.825 0.19998
0.83903 0.00086745 1.825 0.29988
0.95949 0.0012769 1.825 0.39977
1.0001 0.0014526 1.825 0.49978
0.96062 0.0013218 1.825 0.59979
0.91093 0.0010119 1.8499 0.64982
0.75138 0.00063265 1.8499 0.74982
0.51144 0.00025592 1.8499 0.84987
0.097145 4.1092E-006 1.85 0.024998
0.43635 0.00013492 1.85 0.12499
0.69628 0.00045362 1.85 0.22496
0.87655 0.00085503 1.85 0.32487
0.9771 0.0011691 1.85 0.42481
0.99773 0.0012586 1.85 0.52482
0.9383 0.0010882 1.85 0.62482
0 0 1.85 1
0.75142 0.00057143 1.8749 0.74985
0.51145 0.00023944 1.8749 0.84989
0.097137 4.7862E-006 1.875 0.024999
0.4363 0.0001303 1.875 0.12499
0.6962 0.00041152 1.875 0.22497
0.87649 0.00075863 1.875 0.32489
0.97707 0.0010302 1.875 0.42484
0.99773 0.0011097 1.875 0.52485
0.93834 0.00096515 1.875 0.62485
0.09789 7.3348E-006 1.875 0.97498
0.75144 0.00052808 1.8999 0.74988
0.51146 0.00023127 1.8999 0.84991
0.18932 0.000022625 1.9 0.049998
0.50867 0.00018501 1.9 0.14999
0.74867 0.00046045 1.9 0.24996
0.90908 0.00075932 1.9 0.3499
0.98972 0.00096195 1.9 0.44987
0.9904 0.00098322 1.9 0.54988
0.911 0.00081551 1.9 0.64988
0.19072 0.000031008 1.9 0.94997
0.69902 0.00042972 1.9249 0.77491
0.097116 7.0077E-006 1.925 0.024999
0.4362 0.00013742 1.925 0.125
0.69608 0.00037052 1.925 0.22498
0.87641 0.00064182 1.925 0.32494
0.97703 0.00085187 1.925 0.4249
0.99774 0.0009152 1.925 0.52491
0.93838 0.00080611 1.925 0.62491
0.79888 0.00056892 1.925 0.72491
0.27849 0.000072125 1.925 0.92497
0 0 1.95 0
0.35881 0.00010229 1.95 0.099998
0.63851 0.00030451 1.95 0.2
0.83875 0.00055269 1.95 0.29996
0.95933 0.00076586 1.95 0.39993
1.0001 0.00086139 1.95 0.49994
0.96074 0.00080067 1.95 0.59994
0.84129 0.00060778 1.95 0.69994
0.64155 0.00035485 1.95 0.79994
0.3612 0.00012549 1.95 0.89997
0 0 1.95 1
0.27648 0.000072956 1.975 0.074999
0.57597 0.00025207 1.975 0.175
0.79612 0.00048304 1.975 0.27499
0.93665 0.00069938 1.975 0.37497
0.99737 0.00082178 1.975 0.47497
0.97809 0.00080183 1.975 0.57497
0.87869 0.00064701 1.975 0.67497
0.69902 0.00041489 1.975 0.77497
0.43886 0.00018302 1.975 0.87498
0.097911 0.000016582 1.975 0.975
0.18922 0.000042679 2 0.05
0.50848 0.00020367 2 0.15
0.74849 0.00042315 2 0.25
0.90897 0.00064599 2 0.35
0.98967 0.00079463 2 0.45
0.99042 0.00081144 2 0.55
0.91106 0.00068939 2 0.65
0.75147 0.00047408 2 0.75
0.51145 0.00023932 2 0.85
0.19075 0.000051526 2 0.95
