0 0 0 0.944801374302326 0.866609358341865 0.020550762237363 0.400178396263857 -0.181174992583256 0 0 -665422.22662282 1488646.82044305 61333.5712283538 -187755.909438582 -227525.187891935
0.0500000007450581 0.0404365570318113 -0.0000000139608274349084 0.944801374302326 0.866609358341865 0.020550762237363 0.400178396263857 -0.181174992583256 -545.006149024384 0.00875024517780465 -665422.22662282 1488646.82044305 61333.5712283538 -187755.909438582 -227525.187891935
0.100000001490116 0.0816675771120441 -0.0000000265920522569684 0.944801374302326 0.866609358341865 0.020550762237363 0.400178396263857 -0.181174992583256 0.572992102942917 0.0166671336720089 -665422.22662282 1488646.82044305 61333.5712283538 -187755.909438582 -227525.187891935
0.150000005960464 0.122552914353998 -0.0000000228374166238159 0.944801374302326 0.866609358341865 0.020550762237363 0.400178396263857 -0.181174992583256 575.141396207283 -0.00345530544956718 -665422.22662282 1488646.82044305 61333.5712283538 -187755.909438582 -227525.187891935
0.200000002980232 0.162282521732899 -0.000000019440365336678 0.944801374302326 0.866609358341865 0.020550762237363 0.400178396263857 -0.181174992583256 -0.48155773555924 -0.0216613217976598 -665422.22662282 1488646.82044305 61333.5712283538 -187755.909438582 -227525.187891935
0.25 0.200567928431382 -0.0000000171213194862185 0.944801374302326 0.866609358341865 0.020550762237363 0.400178396263857 -0.181174992583256 -2817.99233925953 -0.0152021110859794 -665422.22662282 1488646.82044305 61333.5712283538 -187755.909438582 -227525.187891935
0.300000011920929 0.237673840459586 -0.0000000150231351453266 0.944801374302326 0.866609358341865 0.020550762237363 0.400178396263857 -0.181174992583256 -8645.74968870517 -0.00935806329922097 -665422.22662282 1488646.82044305 61333.5712283538 -187755.909438582 -227525.187891935
0.349999994039536 0.274290454172433 -0.0000000131247778845196 0.944801374302326 0.866609358341865 0.020550762237363 0.400178396263857 -0.181174992583256 -17731.3607130046 -0.00407059149215381 -665422.22662282 1488646.82044305 61333.5712283538 -187755.909438582 -227525.187891935
0.400000005960465 0.311303346565273 -0.0000000114072165533133 0.944801374302326 0.866609358341865 0.020550762237363 0.400178396263857 -0.181174992583256 -29705.245460409 0.000713311571383154 -665422.22662282 1488646.82044305 61333.5712283538 -187755.909438582 -227525.187891935
0.449999988079071 0.349551623385112 -0.00000000985323249174567 0.944801374302326 0.866609358341865 0.020550762237363 0.400178396263857 -0.181174992583256 -43618.3701434509 0.00504160481934516 -665422.22662282 1488646.82044305 61333.5712283538 -187755.909438582 -227525.187891935
0.5 0.389663974202156 -0.0000000084472469122321 0.944801374302326 0.866609358341865 0.020550762237363 0.400178396263857 -0.181174992583256 -58105.631450045 0.00895767966273936 -665422.22662282 1488646.82044305 61333.5712283538 -187755.909438582 -227525.187891935
0.550000011920929 0.432027343243465 -0.00000000717516472124363 0.944801374302326 0.866609358341865 0.020550762237363 0.400178396263857 -0.181174992583256 -71627.30060201 0.0125007949972389 -665422.22662282 1488646.82044305 61333.5712283538 -187755.909438582 -227525.187891935
0.600000023841858 0.476887936400673 -0.00000000602423321511121 0.944801374302326 0.866609358341865 0.020550762237363 0.400178396263857 -0.181174992583256 -82718.5431644469 0.0157064707760718 -665422.22662282 1488646.82044305 61333.5712283538 -187755.909438582 -227525.187891935
0.649999976158142 0.524530684116107 -0.00000000498291423337235 0.944801374302326 0.866609358341865 0.020550762237363 0.400178396263857 -0.181174992583256 -90179.1407132991 0.0186068440997777 -665422.22662282 1488646.82044305 61333.5712283538 -187755.909438582 -227525.187891935
0.699999988079071 0.57545184794905 -0.00000000404076848798956 0.944801374302326 0.866609358341865 0.020550762237363 0.400178396263857 -0.181174992583256 -93160.8333917157 0.0212309913926545 -665422.22662282 1488646.82044305 61333.5712283538 -187755.909438582 -227525.187891935
0.75 0.630442354349199 -0.00000000318835090883372 0.944801374302326 0.866609358341865 0.020550762237363 0.400178396263857 -0.181174992583256 -91148.2710398815 0.0224147437052574 -665422.22662282 1488646.82044305 61333.5712283538 -187755.909438582 -227525.187891935
0.800000011920929 0.690535539911766 -0.00000000241711595626415 0.944801374302326 0.866609358341865 0.020550762237363 0.400178396263857 -0.181174992583256 -83866.7189267114 0.0211048053214218 -665422.22662282 1488646.82044305 61333.5712283538 -187755.909438582 -227525.187891935
0.850000023841858 0.756828324645748 -0.00000000171933195155834 0.944801374302326 0.866609358341865 0.020550762237363 0.400178396263857 -0.181174992583256 -71171.5521631019 0.0175386705931897 -665422.22662282 1488646.82044305 61333.5712283538 -187755.909438582 -227525.187891935
0.899999976158142 0.830237924694422 -0.00000000108800356634833 0.944801374302326 0.866609358341865 0.020550762237363 0.400178396263857 -0.181174992583256 -52973.4180602875 0.0119312153628844 -665422.22662282 1488646.82044305 61333.5712283538 -187755.909438582 -227525.187891935
0.949999988079071 0.911286342479396 -0.000000000516801694015455 0.944801374302326 0.866609358341865 0.020550762237363 0.400178396263857 -0.181174992583256 -29229.9740739141 0.00566732729737009 -665422.22662282 1488646.82044305 61333.5712283538 -187755.909438582 -227525.187891935
1 1 0 0.944801374302326 0.866609358341865 0.020550762237363 0.400178396263857 -0.181174992583256 0 0 -665422.22662282 1488646.82044305 61333.5712283538 -187755.909438582 -227525.187891935
