0.0333333 0.0333333 1.24517e-06
0.1 0.0333333 4.33553e-06
0.166667 0.0333333 8.81192e-06
0.233333 0.0333333 1.17933e-05
0.3 0.0333333 1.05088e-05
0.366667 0.0333333 4.03107e-06
0.433333 0.0333333 5.87176e-06
0.5 0.0333333 1.57364e-05
0.566667 0.0333333 2.24397e-05
0.633333 0.0333333 2.4728e-05
0.7 0.0333333 2.32029e-05
0.766667 0.0333333 1.91416e-05
0.833333 0.0333333 1.3701e-05
0.9 0.0333333 7.68127e-06
0.966667 0.0333333 1.51008e-06
1.03333 0.0333333 4.32962e-06
1.1 0.0333333 8.94292e-06
1.16667 0.0333333 1.13135e-05
1.23333 0.0333333 1.09436e-05
1.3 0.0333333 8.23572e-06
1.36667 0.0333333 4.33784e-06
1.43333 0.0333333 6.16983e-07
1.5 0.0333333 1.90056e-06
1.56667 0.0333333 2.85267e-06
1.63333 0.0333333 2.5094e-06
1.7 0.0333333 1.46876e-06
1.76667 0.0333333 3.14235e-07
1.83333 0.0333333 5.69784e-07
1.9 0.0333333 1.00638e-06
1.96667 0.0333333 9.54694e-07
2.03333 0.0333333 4.3912e-07
2.1 0.0333333 4.89329e-07
2.16667 0.0333333 1.75262e-06
2.23333 0.0333333 3.20921e-06
2.3 0.0333333 4.60821e-06
2.36667 0.0333333 5.6001e-06
2.43333 0.0333333 5.86828e-06
2.5 0.0333333 5.32251e-06
2.56667 0.0333333 4.18213e-06
2.63333 0.0333333 2.84623e-06
2.7 0.0333333 1.66576e-06
2.76667 0.0333333 8.1011e-07
2.83333 0.0333333 2.83693e-07
2.9 0.0333333 1.17697e-08
2.96667 0.0333333 9.33648e-08
3.03333 0.0333333 1.04444e-07
3.1 0.0333333 7.37197e-08
3.16667 0.0333333 3.40788e-08
3.23333 0.0333333 2.22657e-09
3.3 0.0333333 1.6792e-08
3.36667 0.0333333 2.45374e-08
3.43333 0.0333333 2.49215e-08
3.5 0.0333333 2.16315e-08
3.56667 0.0333333 1.71702e-08
3.63333 0.0333333 1.28766e-08
3.7 0.0333333 9.29438e-09
3.76667 0.0333333 6.53149e-09
3.83333 0.0333333 4.50207e-09
3.9 0.0333333 3.05908e-09
3.96667 0.0333333 2.05606e-09
4.03333 0.0333333 1.37017e-09
4.1 0.0333333 9.06779e-10
4.16667 0.0333333 5.96558e-10
4.23333 0.0333333 3.9033e-10
4.3 0.0333333 2.53978e-10
4.36667 0.0333333 1.64214e-10
4.43333 0.0333333 1.05323e-10
4.5 0.0333333 6.6801e-11
4.56667 0.0333333 4.16744e-11
4.63333 0.0333333 2.53427e-11
4.7 0.0333333 1.47892e-11
4.76667 0.0333333 8.05062e-12
4.83333 0.0333333 3.86676e-12
4.9 0.0333333 1.45131e-12
4.96667 0.0333333 3.48251e-13
0.0333333 0.1 4.78874e-06
0.1 0.1 6.11574e-06
0.166667 0.1 8.27231e-06
0.233333 0.1 1.00056e-05
0.3 0.1 9.6592e-06
0.366667 0.1 6.32876e-06
0.433333 0.1 4.74527e-07
0.5 0.1 6.39688e-06
0.566667 0.1 1.23859e-05
0.633333 0.1 1.5845e-05
0.7 0.1 1.59726e-05
0.766667 0.1 1.3252e-05
0.833333 0.1 9.05396e-06
0.9 0.1 4.73389e-06
0.966667 0.1 8.68447e-07
1.03333 0.1 2.5127e-06
1.1 0.1 5.31207e-06
1.16667 0.1 7.13628e-06
1.23333 0.1 7.55237e-06
1.3 0.1 6.50595e-06
1.36667 0.1 4.48325e-06
1.43333 0.1 2.29443e-06
1.5 0.1 6.64119e-07
1.56667 0.1 7.94252e-08
1.63333 0.1 5.6265e-08
1.7 0.1 3.84544e-07
1.76667 0.1 8.97325e-07
1.83333 0.1 1.24734e-06
1.9 0.1 1.31924e-06
1.96667 0.1 1.08116e-06
2.03333 0.1 5.43626e-07
2.1 0.1 2.64027e-07
2.16667 0.1 1.29564e-06
2.23333 0.1 2.4696e-06
2.3 0.1 3.62619e-06
2.36667 0.1 4.52143e-06
2.43333 0.1 4.88227e-06
2.5 0.1 4.57332e-06
2.56667 0.1 3.7058e-06
2.63333 0.1 2.59943e-06
2.7 0.1 1.58359e-06
2.76667 0.1 8.25969e-07
2.83333 0.1 3.41012e-07
2.9 0.1 6.90896e-08
2.96667 0.1 5.54758e-08
3.03333 0.1 8.88978e-08
3.1 0.1 7.46667e-08
3.16667 0.1 4.34944e-08
3.23333 0.1 1.38315e-08
3.3 0.1 6.40979e-09
3.36667 0.1 1.65433e-08
3.43333 0.1 1.92844e-08
3.5 0.1 1.78824e-08
3.56667 0.1 1.47805e-08
3.63333 0.1 1.14011e-08
3.7 0.1 8.40474e-09
3.76667 0.1 6.0044e-09
3.83333 0.1 4.19381e-09
3.9 0.1 2.88058e-09
3.96667 0.1 1.95352e-09
4.03333 0.1 1.3117e-09
4.1 0.1 8.7373e-10
4.16667 0.1 5.78105e-10
4.23333 0.1 3.80235e-10
4.3 0.1 2.48663e-10
4.36667 0.1 1.61629e-10
4.43333 0.1 1.04298e-10
4.5 0.1 6.66653e-11
4.56667 0.1 4.20456e-11
4.63333 0.1 2.60017e-11
4.7 0.1 1.561e-11
4.76667 0.1 8.9606e-12
4.83333 0.1 4.82355e-12
4.9 0.1 2.43017e-12
4.96667 0.1 1.33529e-12
0.0333333 0.166667 1.11996e-05
0.1 0.166667 9.52218e-06
0.166667 0.166667 7.66711e-06
0.233333 0.166667 6.23865e-06
0.3 0.166667 6.71151e-06
0.366667 0.166667 9.15926e-06
0.433333 0.166667 1.10462e-05
0.5 0.166667 9.74098e-06
0.566667 0.166667 4.74892e-06
0.633333 0.166667 1.90299e-06
0.7 0.166667 6.31456e-06
0.766667 0.166667 5.91219e-06
0.833333 0.166667 2.70961e-06
0.9 0.166667 2.19354e-07
0.966667 0.166667 1.19466e-06
1.03333 0.166667 4.31578e-07
1.1 0.166667 5.16392e-07
1.16667 0.166667 2.98831e-07
1.23333 0.166667 1.17958e-06
1.3 0.166667 3.09336e-06
1.36667 0.166667 4.61493e-06
1.43333 0.166667 5.42999e-06
1.5 0.166667 5.51832e-06
1.56667 0.166667 4.86125e-06
1.63333 0.166667 3.91801e-06
1.7 0.166667 3.10046e-06
1.76667 0.166667 2.47303e-06
1.83333 0.166667 1.96802e-06
1.9 0.166667 1.50656e-06
1.96667 0.166667 1.03267e-06
2.03333 0.166667 5.15766e-07
2.1 0.166667 5.33315e-08
2.16667 0.166667 6.68601e-07
2.23333 0.166667 1.32082e-06
2.3 0.166667 2.00108e-06
2.36667 0.166667 2.60742e-06
2.43333 0.166667 3.13378e-06
2.5 0.166667 3.34597e-06
2.56667 0.166667 3.06321e-06
2.63333 0.166667 2.36516e-06
2.7 0.166667 1.57145e-06
2.76667 0.166667 9.45674e-07
2.83333 0.166667 4.95318e-07
2.9 0.166667 1.99197e-07
2.96667 0.166667 2.50036e-08
3.03333 0.166667 5.80608e-08
3.1 0.166667 7.84693e-08
3.16667 0.166667 6.34118e-08
3.23333 0.166667 3.62129e-08
3.3 0.166667 1.20061e-08
3.36667 0.166667 3.42231e-09
3.43333 0.166667 1.06142e-08
3.5 0.166667 1.24022e-08
3.56667 0.166667 1.14221e-08
3.63333 0.166667 9.39162e-09
3.7 0.166667 7.22522e-09
3.76667 0.166667 5.32283e-09
3.83333 0.166667 3.80511e-09
3.9 0.166667 2.66142e-09
3.96667 0.166667 1.83131e-09
4.03333 0.166667 1.24437e-09
4.1 0.166667 8.37208e-10
4.16667 0.166667 5.58771e-10
4.23333 0.166667 3.70437e-10
4.3 0.166667 2.44129e-10
4.36667 0.166667 1.59988e-10
4.43333 0.166667 1.0424e-10
4.5 0.166667 6.74714e-11
4.56667 0.166667 4.33196e-11
4.63333 0.166667 2.75274e-11
4.7 0.166667 1.72694e-11
4.76667 0.166667 1.06898e-11
4.83333 0.166667 6.5881e-12
4.9 0.166667 4.21239e-12
4.96667 0.166667 3.12643e-12
0.0333333 0.233333 1.84869e-05
0.1 0.233333 1.35422e-05
0.166667 0.233333 5.86463e-06
0.233333 0.233333 1.21998e-06
0.3 0.233333 6.22521e-06
0.366667 0.233333 5.07272e-06
0.433333 0.233333 2.31756e-05
0.5 0.233333 2.68775e-05
0.566667 0.233333 2.31714e-05
0.633333 0.233333 1.44343e-05
0.7 0.233333 3.16295e-07
0.766667 0.233333 4.27875e-06
0.833333 0.233333 1.20364e-06
0.9 0.233333 3.5074e-06
0.966667 0.233333 4.34022e-06
1.03333 0.233333 5.80626e-07
1.1 0.233333 7.17801e-06
1.16667 0.233333 1.02413e-05
1.23333 0.233333 7.89588e-06
1.3 0.233333 1.98188e-06
1.36667 0.233333 4.60889e-06
1.43333 0.233333 9.96759e-06
1.5 0.233333 1.31432e-05
1.56667 0.233333 1.10673e-05
1.63333 0.233333 7.96507e-06
1.7 0.233333 5.22768e-06
1.76667 0.233333 3.19655e-06
1.83333 0.233333 1.8253e-06
1.9 0.233333 9.41917e-07
1.96667 0.233333 3.8103e-07
2.03333 0.233333 2.97586e-08
2.1 0.233333 1.69427e-07
2.16667 0.233333 2.3427e-07
2.23333 0.233333 1.72134e-07
2.3 0.233333 4.26664e-08
2.36667 0.233333 5.42596e-09
2.43333 0.233333 1.60933e-07
2.5 0.233333 1.13136e-06
2.56667 0.233333 2.1468e-06
2.63333 0.233333 2.06073e-06
2.7 0.233333 1.67866e-06
2.76667 0.233333 1.19031e-06
2.83333 0.233333 7.5368e-07
2.9 0.233333 4.06786e-07
2.96667 0.233333 1.5035e-07
3.03333 0.233333 1.63925e-08
3.1 0.233333 9.52506e-08
3.16667 0.233333 1.0371e-07
3.23333 0.233333 7.47361e-08
3.3 0.233333 3.94054e-08
3.36667 0.233333 1.36296e-08
3.43333 0.233333 5.40157e-10
3.5 0.233333 6.54422e-09
3.56667 0.233333 8.04776e-09
3.63333 0.233333 7.46657e-09
3.7 0.233333 6.1389e-09
3.76667 0.233333 4.71725e-09
3.83333 0.233333 3.47204e-09
3.9 0.233333 2.48101e-09
3.96667 0.233333 1.73537e-09
4.03333 0.233333 1.19459e-09
4.1 0.233333 8.12326e-10
4.16667 0.233333 5.47134e-10
4.23333 0.233333 3.6574e-10
4.3 0.233333 2.43006e-10
4.36667 0.233333 1.60667e-10
4.43333 0.233333 1.05803e-10
4.5 0.233333 6.94521e-11
4.56667 0.233333 4.54868e-11
4.63333 0.233333 2.97701e-11
4.7 0.233333 1.95372e-11
4.76667 0.233333 1.29619e-11
4.83333 0.233333 8.85832e-12
4.9 0.233333 6.48139e-12
4.96667 0.233333 5.39752e-12
0.0333333 0.3 2.36768e-05
0.1 0.3 1.67287e-05
0.166667 0.3 4.20057e-06
0.233333 0.3 1.49271e-05
0.3 0.3 4.14556e-05
0.366667 0.3 1.90029e-05
0.433333 0.3 3.13851e-05
0.5 0.3 3.62721e-05
0.566667 0.3 3.32877e-05
0.633333 0.3 2.75262e-05
0.7 0.3 4.45886e-06
0.766667 0.3 1.02881e-05
0.833333 0.3 1.03792e-05
0.9 0.3 1.00152e-06
0.966667 0.3 9.08372e-06
1.03333 0.3 2.66015e-06
1.1 0.3 1.30696e-05
1.16667 0.3 2.29349e-05
1.23333 0.3 2.11025e-05
1.3 0.3 1.05783e-05
1.36667 0.3 2.37958e-06
1.43333 0.3 1.36757e-05
1.5 0.3 2.09658e-05
1.56667 0.3 1.64536e-05
1.63333 0.3 1.01819e-05
1.7 0.3 5.16458e-06
1.76667 0.3 1.88528e-06
1.83333 0.3 4.54926e-08
1.9 0.3 8.45355e-07
1.96667 0.3 1.17127e-06
2.03333 0.3 1.15234e-06
2.1 0.3 8.86328e-07
2.16667 0.3 3.9848e-07
2.23333 0.3 3.30383e-07
2.3 0.3 1.34099e-06
2.36667 0.3 2.61204e-06
2.43333 0.3 4.37244e-06
2.5 0.3 6.42408e-06
2.56667 0.3 2.67507e-07
2.63333 0.3 1.7251e-06
2.7 0.3 1.85891e-06
2.76667 0.3 1.50685e-06
2.83333 0.3 1.08574e-06
2.9 0.3 6.96305e-07
2.96667 0.3 3.41998e-07
3.03333 0.3 4.66193e-08
3.1 0.3 1.35991e-07
3.16667 0.3 1.81716e-07
3.23333 0.3 1.3814e-07
3.3 0.3 7.64458e-08
3.36667 0.3 3.22552e-08
3.43333 0.3 8.85422e-09
3.5 0.3 1.72071e-09
3.56667 0.3 5.53405e-09
3.63333 0.3 6.14876e-09
3.7 0.3 5.45104e-09
3.76667 0.3 4.36349e-09
3.83333 0.3 3.29486e-09
3.9 0.3 2.39601e-09
3.96667 0.3 1.69748e-09
4.03333 0.3 1.18002e-09
4.1 0.3 8.08777e-10
4.16667 0.3 5.48421e-10
4.23333 0.3 3.68875e-10
4.3 0.3 2.46633e-10
4.36667 0.3 1.64232e-10
4.43333 0.3 1.09124e-10
4.5 0.3 7.25073e-11
4.56667 0.3 4.83159e-11
4.63333 0.3 3.24259e-11
4.7 0.3 2.20685e-11
4.76667 0.3 1.54084e-11
4.83333 0.3 1.12506e-11
4.9 0.3 8.84311e-12
4.96667 0.3 7.74833e-12
0.0333333 0.366667 2.42425e-05
0.1 0.366667 1.74522e-05
0.166667 0.366667 4.98126e-06
0.233333 0.366667 1.55331e-05
0.3 0.366667 5.7279e-05
0.366667 0.366667 3.7736e-05
0.433333 0.366667 2.91969e-05
0.5 0.366667 3.60463e-05
0.566667 0.366667 2.93848e-05
0.633333 0.366667 1.8362e-05
0.7 0.366667 1.81502e-05
0.766667 0.366667 4.97218e-05
0.833333 0.366667 6.19771e-05
0.9 0.366667 3.58195e-05
0.966667 0.366667 1.28754e-05
1.03333 0.366667 1.78431e-05
1.1 0.366667 8.36542e-06
1.16667 0.366667 3.29342e-05
1.23333 0.366667 3.26664e-05
1.3 0.366667 1.70585e-05
1.36667 0.366667 2.37667e-06
1.43333 0.366667 1.83675e-05
1.5 0.366667 2.67574e-05
1.56667 0.366667 1.88872e-05
1.63333 0.366667 8.66373e-06
1.7 0.366667 1.43289e-06
1.76667 0.366667 2.28757e-06
1.83333 0.366667 3.65235e-06
1.9 0.366667 3.83762e-06
1.96667 0.366667 3.50014e-06
2.03333 0.366667 2.898e-06
2.1 0.366667 2.12439e-06
2.16667 0.366667 1.20597e-06
2.23333 0.366667 1.4069e-07
2.3 0.366667 1.09588e-06
2.36667 0.366667 2.45043e-06
2.43333 0.366667 7.02918e-06
2.5 0.366667 1.85606e-05
2.56667 0.366667 1.98918e-06
2.63333 0.366667 1.49226e-06
2.7 0.366667 2.00957e-06
2.76667 0.366667 1.77685e-06
2.83333 0.366667 1.40184e-06
2.9 0.366667 1.03318e-06
2.96667 0.366667 6.63121e-07
3.03333 0.366667 1.81508e-07
3.1 0.366667 2.21175e-07
3.16667 0.366667 3.43069e-07
3.23333 0.366667 2.50172e-07
3.3 0.366667 1.20437e-07
3.36667 0.366667 5.0247e-08
3.43333 0.366667 1.65593e-08
3.5 0.366667 1.719e-09
3.56667 0.366667 3.95305e-09
3.63333 0.366667 5.41453e-09
3.7 0.366667 5.11495e-09
3.76667 0.366667 4.21725e-09
3.83333 0.366667 3.2385e-09
3.9 0.366667 2.38073e-09
3.96667 0.366667 1.69957e-09
4.03333 0.366667 1.18826e-09
4.1 0.366667 8.18172e-10
4.16667 0.366667 5.56993e-10
4.23333 0.366667 3.76055e-10
4.3 0.366667 2.52448e-10
4.36667 0.366667 1.68917e-10
4.43333 0.366667 1.12953e-10
4.5 0.366667 7.57192e-11
4.56667 0.366667 5.10985e-11
4.63333 0.366667 3.49176e-11
4.7 0.366667 2.43673e-11
4.76667 0.366667 1.75818e-11
4.83333 0.366667 1.3345e-11
4.9 0.366667 1.08913e-11
4.96667 0.366667 9.77703e-12
0.0333333 0.433333 1.97874e-05
0.1 0.433333 1.49674e-05
0.166667 0.433333 7.38847e-06
0.233333 0.433333 1.12562e-06
0.3 0.433333 7.63956e-06
0.366667 0.433333 6.88895e-06
0.433333 0.433333 3.08747e-05
0.5 0.433333 2.91142e-05
0.566667 0.433333 1.80881e-05
0.633333 0.433333 3.53993e-07
0.7 0.433333 5.07209e-05
0.766667 0.433333 9.95255e-05
0.833333 0.433333 0.000137504
0.9 0.433333 0.000140218
0.966667 0.433333 6.7814e-06
1.03333 0.433333 0.000136556
1.1 0.433333 2.04006e-05
1.16667 0.433333 3.484e-05
1.23333 0.433333 3.7794e-05
1.3 0.433333 1.76694e-05
1.36667 0.433333 7.58113e-06
1.43333 0.433333 2.65325e-05
1.5 0.433333 3.25052e-05
1.56667 0.433333 1.75139e-05
1.63333 0.433333 1.41395e-06
1.7 0.433333 7.30731e-06
1.76667 0.433333 9.39293e-06
1.83333 0.433333 8.65676e-06
1.9 0.433333 7.36346e-06
1.96667 0.433333 5.9992e-06
2.03333 0.433333 4.6718e-06
2.1 0.433333 3.39008e-06
2.16667 0.433333 2.15597e-06
2.23333 0.433333 1.00502e-06
2.3 0.433333 5.52859e-08
2.36667 0.433333 2.28559e-07
2.43333 0.433333 1.17861e-06
2.5 0.433333 1.04424e-05
2.56667 0.433333 1.72635e-06
2.63333 0.433333 1.44008e-06
2.7 0.433333 2.01911e-06
2.76667 0.433333 1.87113e-06
2.83333 0.433333 1.56823e-06
2.9 0.433333 1.27643e-06
2.96667 0.433333 1.03148e-06
3.03333 0.433333 7.96845e-07
3.1 0.433333 3.61669e-07
3.16667 0.433333 8.46461e-07
3.23333 0.433333 3.794e-07
3.3 0.433333 1.59855e-07
3.36667 0.433333 6.40352e-08
3.43333 0.433333 2.17627e-08
3.5 0.433333 3.79527e-09
3.56667 0.433333 3.09805e-09
3.63333 0.433333 5.06214e-09
3.7 0.433333 4.97685e-09
3.76667 0.433333 4.17149e-09
3.83333 0.433333 3.23147e-09
3.9 0.433333 2.38844e-09
3.96667 0.433333 1.71143e-09
4.03333 0.433333 1.1999e-09
4.1 0.433333 8.28062e-10
4.16667 0.433333 5.64861e-10
4.23333 0.433333 3.8213e-10
4.3 0.433333 2.57102e-10
4.36667 0.433333 1.72516e-10
4.43333 0.433333 1.15798e-10
4.5 0.433333 7.80445e-11
4.56667 0.433333 5.30719e-11
4.63333 0.433333 3.66569e-11
4.7 0.433333 2.5953e-11
4.76667 0.433333 1.90681e-11
4.83333 0.433333 1.47682e-11
4.9 0.433333 1.22766e-11
4.96667 0.433333 1.11454e-11
0.0333333 0.5 1.23221e-05
0.1 0.5 1.00369e-05
0.166667 0.5 7.48972e-06
0.233333 0.5 6.90935e-06
0.3 0.5 8.96502e-06
0.366667 0.5 1.78539e-05
0.433333 0.5 2.50646e-05
0.5 0.5 2.05499e-05
0.566667 0.5 1.0159e-05
0.633333 0.5 1.06716e-05
0.7 0.5 6.72671e-05
0.766667 0.5 0.000121641
0.833333 0.5 0.000169011
0.9 0.5 0.00022184
0.966667 0.5 8.15102e-06
1.03333 0.5 0.000358848
1.1 0.5 4.89478e-05
1.16667 0.5 3.05379e-05
1.23333 0.5 3.59361e-05
1.3 0.5 1.27784e-05
1.36667 0.5 1.70726e-05
1.43333 0.5 4.16696e-05
1.5 0.5 4.19885e-05
1.56667 0.5 1.25125e-05
1.63333 0.5 1.53493e-05
1.7 0.5 2.21365e-05
1.76667 0.5 1.72089e-05
1.83333 0.5 1.33049e-05
1.9 0.5 1.02478e-05
1.96667 0.5 7.81439e-06
2.03333 0.5 5.80484e-06
2.1 0.5 4.09099e-06
2.16667 0.5 2.60878e-06
2.23333 0.5 1.35845e-06
2.3 0.5 3.88953e-07
2.36667 0.5 5.83011e-07
2.43333 0.5 3.1641e-06
2.5 0.5 2.21596e-06
2.56667 0.5 1.46743e-07
2.63333 0.5 1.41242e-06
2.7 0.5 1.8357e-06
2.76667 0.5 1.73319e-06
2.83333 0.5 1.49425e-06
2.9 0.5 1.26034e-06
2.96667 0.5 1.0886e-06
3.03333 0.5 1.15267e-06
3.1 0.5 5.61386e-07
3.16667 0.5 1.27284e-06
3.23333 0.5 4.36877e-07
3.3 0.5 1.75187e-07
3.36667 0.5 6.83478e-08
3.43333 0.5 2.30385e-08
3.5 0.5 4.14849e-09
3.56667 0.5 3.0279e-09
3.63333 0.5 5.0739e-09
3.7 0.5 5.00683e-09
3.76667 0.5 4.20053e-09
3.83333 0.5 3.25484e-09
3.9 0.5 2.40595e-09
3.96667 0.5 1.72409e-09
4.03333 0.5 1.20887e-09
4.1 0.5 8.34341e-10
4.16667 0.5 5.69246e-10
4.23333 0.5 3.85203e-10
4.3 0.5 2.59283e-10
4.36667 0.5 1.74099e-10
4.43333 0.5 1.16985e-10
4.5 0.5 7.89715e-11
4.56667 0.5 5.383e-11
4.63333 0.5 3.73063e-11
4.7 0.5 2.65328e-11
4.76667 0.5 1.96035e-11
4.83333 0.5 1.52757e-11
4.9 0.5 1.27675e-11
4.96667 0.5 1.16289e-11
0.0333333 0.566667 4.8616e-06
0.1 0.566667 4.44486e-06
0.166667 0.566667 4.27435e-06
0.233333 0.566667 5.59611e-06
0.3 0.566667 8.99481e-06
0.366667 0.566667 1.3685e-05
0.433333 0.566667 1.62414e-05
0.5 0.566667 1.37681e-05
0.566667 0.566667 8.49217e-06
0.633333 0.566667 9.50475e-06
0.7 0.566667 5.82906e-05
0.766667 0.566667 9.95519e-05
0.833333 0.566667 0.000126338
0.9 0.566667 0.000113117
0.966667 0.566667 0.000103741
1.03333 0.566667 0.000292215
1.1 0.566667 4.28258e-05
1.16667 0.566667 2.68789e-05
1.23333 0.566667 3.00732e-05
1.3 0.566667 6.07826e-06
1.36667 0.566667 2.52443e-05
1.43333 0.566667 5.55198e-05
1.5 0.566667 8.65701e-05
1.56667 0.566667 6.89021e-06
1.63333 0.566667 5.97118e-05
1.7 0.566667 3.30753e-05
1.76667 0.566667 2.20375e-05
1.83333 0.566667 1.55971e-05
1.9 0.566667 1.13652e-05
1.96667 0.566667 8.24118e-06
2.03333 0.566667 5.82935e-06
2.1 0.566667 3.89192e-06
2.16667 0.566667 2.29933e-06
2.23333 0.566667 9.87938e-07
2.3 0.566667 1.1326e-07
2.36667 0.566667 1.15319e-06
2.43333 0.566667 1.37534e-06
2.5 0.566667 6.8011e-07
2.56667 0.566667 5.03505e-07
2.63333 0.566667 1.27911e-06
2.7 0.566667 1.49919e-06
2.76667 0.566667 1.41081e-06
2.83333 0.566667 1.20555e-06
2.9 0.566667 9.7451e-07
2.96667 0.566667 7.36675e-07
3.03333 0.566667 3.95524e-07
3.1 0.566667 6.81407e-07
3.16667 0.566667 9.36964e-07
3.23333 0.566667 3.82273e-07
3.3 0.566667 1.57892e-07
3.36667 0.566667 6.21929e-08
3.43333 0.566667 2.05881e-08
3.5 0.566667 3.1102e-09
3.56667 0.566667 3.48347e-09
3.63333 0.566667 5.27513e-09
3.7 0.566667 5.0933e-09
3.76667 0.566667 4.23469e-09
3.83333 0.566667 3.26557e-09
3.9 0.566667 2.40676e-09
3.96667 0.566667 1.72123e-09
4.03333 0.566667 1.20513e-09
4.1 0.566667 8.30841e-10
4.16667 0.566667 5.66337e-10
4.23333 0.566667 3.82913e-10
4.3 0.566667 2.57518e-10
4.36667 0.566667 1.72737e-10
4.43333 0.566667 1.15917e-10
4.5 0.566667 7.81089e-11
4.56667 0.566667 5.31074e-11
4.63333 0.566667 3.66771e-11
4.7 0.566667 2.59649e-11
4.76667 0.566667 1.90756e-11
4.83333 0.566667 1.47733e-11
4.9 0.566667 1.22805e-11
4.96667 0.566667 1.11489e-11
0.0333333 0.633333 3.1239e-07
0.1 0.633333 9.04055e-08
0.166667 0.633333 7.75559e-07
0.233333 0.633333 2.27079e-06
0.3 0.633333 4.51869e-06
0.366667 0.633333 6.8124e-06
0.433333 0.633333 8.06764e-06
0.5 0.633333 7.90675e-06
0.566667 0.633333 7.82884e-06
0.633333 0.633333 3.36539e-06
0.7 0.633333 3.67254e-05
0.766667 0.633333 5.69016e-05
0.833333 0.633333 5.59435e-05
0.9 0.633333 6.83444e-06
0.966667 0.633333 6.39134e-05
1.03333 0.633333 5.84828e-05
1.1 0.633333 1.22649e-05
1.16667 0.633333 2.48816e-05
1.23333 0.633333 2.25559e-05
1.3 0.633333 1.02573e-06
1.36667 0.633333 2.59725e-05
1.43333 0.633333 5.2824e-05
1.5 0.633333 8.69652e-05
1.56667 0.633333 6.16355e-06
1.63333 0.633333 5.89726e-05
1.7 0.633333 3.21239e-05
1.76667 0.633333 2.08726e-05
1.83333 0.633333 1.44578e-05
1.9 0.633333 1.0186e-05
1.96667 0.633333 7.08704e-06
2.03333 0.633333 4.75365e-06
2.1 0.633333 2.94625e-06
2.16667 0.633333 1.527e-06
2.23333 0.633333 4.25534e-07
2.3 0.633333 3.73046e-07
2.36667 0.633333 7.41826e-07
2.43333 0.633333 5.92784e-07
2.5 0.633333 2.15094e-08
2.56667 0.633333 6.11074e-07
2.63333 0.633333 1.01258e-06
2.7 0.633333 1.11595e-06
2.76667 0.633333 1.02024e-06
2.83333 0.633333 8.32792e-07
2.9 0.633333 6.01053e-07
2.96667 0.633333 3.1673e-07
3.03333 0.633333 6.62941e-08
3.1 0.633333 3.53865e-07
3.16667 0.633333 3.87239e-07
3.23333 0.633333 2.53278e-07
3.3 0.633333 1.1638e-07
3.36667 0.633333 4.68739e-08
3.43333 0.633333 1.44073e-08
3.5 0.633333 4.55512e-10
3.56667 0.633333 4.66914e-09
3.63333 0.633333 5.81277e-09
3.7 0.633333 5.3338e-09
3.76667 0.633333 4.33651e-09
3.83333 0.633333 3.30305e-09
3.9 0.633333 2.41549e-09
3.96667 0.633333 1.7182e-09
4.03333 0.633333 1.19821e-09
4.1 0.633333 8.2347e-10
4.16667 0.633333 5.59808e-10
4.23333 0.633333 3.77549e-10
4.3 0.633333 2.53241e-10
4.36667 0.633333 1.6934e-10
4.43333 0.633333 1.13179e-10
4.5 0.633333 7.58411e-11
4.56667 0.633333 5.11654e-11
4.63333 0.633333 3.49552e-11
4.7 0.633333 2.43891e-11
4.76667 0.633333 1.75953e-11
4.83333 0.633333 1.33541e-11
4.9 0.633333 1.08981e-11
4.96667 0.633333 9.78293e-12
0.0333333 0.7 2.6382e-06
0.1 0.7 2.1654e-06
0.166667 0.7 1.52999e-06
0.233333 0.7 6.62773e-07
0.3 0.7 3.49773e-07
0.366667 0.7 1.25238e-06
0.433333 0.7 1.814e-06
0.5 0.7 2.14022e-06
0.566667 0.7 3.25872e-06
0.633333 0.7 4.12039e-06
0.7 0.7 2.40374e-05
0.766667 0.7 2.8075e-05
0.833333 0.7 1.8554e-05
0.9 0.7 2.56067e-06
0.966667 0.7 1.59359e-05
1.03333 0.7 8.69382e-06
1.1 0.7 1.01986e-05
1.16667 0.7 1.96557e-05
1.23333 0.7 1.36335e-05
1.3 0.7 2.35033e-06
1.36667 0.7 2.02001e-05
1.43333 0.7 3.48572e-05
1.5 0.7 3.6503e-05
1.56667 0.7 5.18926e-06
1.63333 0.7 1.90296e-05
1.7 0.7 1.97327e-05
1.76667 0.7 1.43914e-05
1.83333 0.7 1.01776e-05
1.9 0.7 7.01148e-06
1.96667 0.7 4.65287e-06
2.03333 0.7 2.89655e-06
2.1 0.7 1.59321e-06
2.16667 0.7 6.46899e-07
2.23333 0.7 9.88036e-09
2.3 0.7 3.20455e-07
2.36667 0.7 3.40385e-07
2.43333 0.7 9.66931e-08
2.5 0.7 2.7296e-07
2.56667 0.7 5.98848e-07
2.63333 0.7 7.6908e-07
2.7 0.7 7.73539e-07
2.76667 0.7 6.63943e-07
2.83333 0.7 4.9557e-07
2.9 0.7 2.9917e-07
2.96667 0.7 8.9289e-08
3.03333 0.7 9.51672e-08
3.1 0.7 1.98089e-07
3.16667 0.7 1.97723e-07
3.23333 0.7 1.35773e-07
3.3 0.7 7.0557e-08
3.36667 0.7 2.77137e-08
3.43333 0.7 5.97245e-09
3.5 0.7 3.42489e-09
3.56667 0.7 6.50788e-09
3.63333 0.7 6.69428e-09
3.7 0.7 5.75261e-09
3.76667 0.7 4.52858e-09
3.83333 0.7 3.38457e-09
3.9 0.7 2.44445e-09
3.96667 0.7 1.7235e-09
4.03333 0.7 1.19394e-09
4.1 0.7 8.16197e-10
4.16667 0.7 5.52366e-10
4.23333 0.7 3.70969e-10
4.3 0.7 2.47745e-10
4.36667 0.7 1.64822e-10
4.43333 0.7 1.09438e-10
4.5 0.7 7.2676e-11
4.56667 0.7 4.84074e-11
4.63333 0.7 3.24764e-11
4.7 0.7 2.20973e-11
4.76667 0.7 1.54256e-11
4.83333 0.7 1.12617e-11
4.9 0.7 8.85111e-12
4.96667 0.7 7.75511e-12
0.0333333 0.766667 2.82905e-06
0.1 0.766667 2.64453e-06
0.166667 0.766667 2.5049e-06
0.233333 0.766667 2.46178e-06
0.3 0.766667 2.52855e-06
0.366667 0.766667 2.71506e-06
0.433333 0.766667 3.00667e-06
0.5 0.766667 3.37593e-06
0.566667 0.766667 4.10416e-06
0.633333 0.766667 1.17077e-05
0.7 0.766667 2.17498e-05
0.766667 0.766667 1.94975e-05
0.833333 0.766667 1.23288e-05
0.9 0.766667 4.25032e-06
0.966667 0.766667 9.40934e-07
1.03333 0.766667 4.33094e-06
1.1 0.766667 9.19471e-06
1.16667 0.766667 9.37479e-06
1.23333 0.766667 3.37503e-06
1.3 0.766667 5.72374e-06
1.36667 0.766667 1.39276e-05
1.43333 0.766667 1.80575e-05
1.5 0.766667 1.58571e-05
1.56667 0.766667 6.23266e-06
1.63333 0.766667 2.30456e-06
1.7 0.766667 5.92046e-06
1.76667 0.766667 5.65925e-06
1.83333 0.766667 4.15629e-06
1.9 0.766667 2.6698e-06
1.96667 0.766667 1.49706e-06
2.03333 0.766667 6.63136e-07
2.1 0.766667 1.22547e-07
2.16667 0.766667 1.76645e-07
2.23333 0.766667 2.75215e-07
2.3 0.766667 2.07887e-07
2.36667 0.766667 1.91185e-08
2.43333 0.766667 2.24262e-07
2.5 0.766667 4.42672e-07
2.56667 0.766667 5.72345e-07
2.63333 0.766667 5.91164e-07
2.7 0.766667 5.18281e-07
2.76667 0.766667 3.92154e-07
2.83333 0.766667 2.47624e-07
2.9 0.766667 1.07755e-07
2.96667 0.766667 1.01774e-08
3.03333 0.766667 8.90726e-08
3.1 0.766667 1.17749e-07
3.16667 0.766667 1.0276e-07
3.23333 0.766667 6.65493e-08
3.3 0.766667 3.14548e-08
3.36667 0.766667 7.97228e-09
3.43333 0.766667 4.08192e-09
3.5 0.766667 8.63826e-09
3.56667 0.766667 9.24749e-09
3.63333 0.766667 8.14048e-09
3.7 0.766667 6.51227e-09
3.76667 0.766667 4.922e-09
3.83333 0.766667 3.58341e-09
3.9 0.766667 2.54119e-09
3.96667 0.766667 1.76771e-09
4.03333 0.766667 1.21189e-09
4.1 0.766667 8.21551e-10
4.16667 0.766667 5.52037e-10
4.23333 0.766667 3.6834e-10
4.3 0.766667 2.44383e-10
4.36667 0.766667 1.61396e-10
4.43333 0.766667 1.0619e-10
4.5 0.766667 6.96573e-11
4.56667 0.766667 4.55965e-11
4.63333 0.766667 2.98293e-11
4.7 0.766667 1.95698e-11
4.76667 0.766667 1.29804e-11
4.83333 0.766667 8.86945e-12
4.9 0.766667 6.48886e-12
4.96667 0.766667 5.40351e-12
0.0333333 0.833333 1.9529e-06
0.1 0.833333 2.15036e-06
0.166667 0.833333 2.64399e-06
0.233333 0.833333 3.45693e-06
0.3 0.833333 4.52201e-06
0.366667 0.833333 5.70737e-06
0.433333 0.833333 6.86568e-06
0.5 0.833333 7.961e-06
0.566667 0.833333 9.22763e-06
0.633333 0.833333 1.05062e-05
0.7 0.833333 1.08393e-05
0.766667 0.833333 8.99856e-06
0.833333 0.833333 5.72246e-06
0.9 0.833333 2.90315e-06
0.966667 0.833333 1.89204e-06
1.03333 0.833333 2.28373e-06
1.1 0.833333 2.33034e-06
1.16667 0.833333 7.17231e-07
1.23333 0.833333 2.27421e-06
1.3 0.833333 5.34335e-06
1.36667 0.833333 7.33368e-06
1.43333 0.833333 7.80723e-06
1.5 0.833333 6.93233e-06
1.56667 0.833333 5.17746e-06
1.63333 0.833333 3.48046e-06
1.7 0.833333 2.38378e-06
1.76667 0.833333 1.90983e-06
1.83333 0.833333 1.83462e-06
1.9 0.833333 1.85934e-06
1.96667 0.833333 1.80183e-06
2.03333 0.833333 1.61516e-06
2.1 0.833333 1.31696e-06
2.16667 0.833333 9.44946e-07
2.23333 0.833333 5.41305e-07
2.3 0.833333 1.49787e-07
2.36667 0.833333 1.85519e-07
2.43333 0.833333 4.26123e-07
2.5 0.833333 5.49605e-07
2.56667 0.833333 5.58282e-07
2.63333 0.833333 4.78503e-07
2.7 0.833333 3.497e-07
2.76667 0.833333 2.09964e-07
2.83333 0.833333 8.65379e-08
2.9 0.833333 5.75565e-09
2.96667 0.833333 6.13984e-08
3.03333 0.833333 8.14792e-08
3.1 0.833333 7.32426e-08
3.16667 0.833333 4.9018e-08
3.23333 0.833333 2.20427e-08
3.3 0.833333 1.28982e-09
3.36667 0.833333 1.05147e-08
3.43333 0.833333 1.49612e-08
3.5 0.833333 1.49485e-08
3.56667 0.833333 1.28728e-08
3.63333 0.833333 1.0203e-08
3.7 0.833333 7.67306e-09
3.76667 0.833333 5.56757e-09
3.83333 0.833333 3.93781e-09
3.9 0.833333 2.73293e-09
3.96667 0.833333 1.86964e-09
4.03333 0.833333 1.26483e-09
4.1 0.833333 8.4809e-10
4.16667 0.833333 5.64541e-10
4.23333 0.833333 3.73488e-10
4.3 0.833333 2.45739e-10
4.36667 0.833333 1.60836e-10
4.43333 0.833333 1.04687e-10
4.5 0.833333 6.7706e-11
4.56667 0.833333 4.34428e-11
4.63333 0.833333 2.75921e-11
4.7 0.833333 1.73035e-11
4.76667 0.833333 1.07078e-11
4.83333 0.833333 6.5979e-12
4.9 0.833333 4.21811e-12
4.96667 0.833333 3.13049e-12
0.0333333 0.9 9.00441e-07
0.1 0.9 1.42407e-06
0.166667 0.9 2.48654e-06
0.233333 0.9 4.05107e-06
0.3 0.9 5.97758e-06
0.366667 0.9 8.01798e-06
0.433333 0.9 9.86366e-06
0.5 0.9 1.12264e-05
0.566667 0.9 1.1803e-05
0.633333 0.9 1.12505e-05
0.7 0.9 9.47341e-06
0.766667 0.9 6.91004e-06
0.833333 0.9 4.2996e-06
0.9 0.9 2.12893e-06
0.966667 0.9 3.22635e-07
1.03333 0.9 1.41991e-06
1.1 0.9 3.10669e-06
1.16667 0.9 4.30614e-06
1.23333 0.9 4.53993e-06
1.3 0.9 3.81475e-06
1.36667 0.9 2.76771e-06
1.43333 0.9 2.28579e-06
1.5 0.9 2.88557e-06
1.56667 0.9 4.34399e-06
1.63333 0.9 5.89086e-06
1.7 0.9 6.83899e-06
1.76667 0.9 6.98479e-06
1.83333 0.9 6.50794e-06
1.9 0.9 5.67298e-06
1.96667 0.9 4.67003e-06
2.03333 0.9 3.61511e-06
2.1 0.9 2.58536e-06
2.16667 0.9 1.63795e-06
2.23333 0.9 8.1955e-07
2.3 0.9 1.68795e-07
2.36667 0.9 2.88164e-07
2.43333 0.9 5.45443e-07
2.5 0.9 6.22713e-07
2.56667 0.9 5.62933e-07
2.63333 0.9 4.21982e-07
2.7 0.9 2.54623e-07
2.76667 0.9 1.03076e-07
2.83333 0.9 8.03955e-09
2.9 0.9 7.0781e-08
2.96667 0.9 8.97825e-08
3.03333 0.9 7.73912e-08
3.1 0.9 4.88961e-08
3.16667 0.9 1.80958e-08
3.23333 0.9 5.9732e-09
3.3 0.9 2.00329e-08
3.36667 0.9 2.519e-08
3.43333 0.9 2.44826e-08
3.5 0.9 2.08949e-08
3.56667 0.9 1.64833e-08
3.63333 0.9 1.23471e-08
3.7 0.9 8.92375e-09
3.76667 0.9 6.28651e-09
3.83333 0.9 4.34606e-09
3.9 0.9 2.96227e-09
3.96667 0.9 1.99715e-09
4.03333 0.9 1.33491e-09
4.1 0.9 8.86036e-10
4.16667 0.9 5.84611e-10
4.23333 0.9 3.83665e-10
4.3 0.9 2.50467e-10
4.36667 0.9 1.62575e-10
4.43333 0.9 1.04792e-10
4.5 0.9 6.69226e-11
4.56667 0.9 4.21787e-11
4.63333 0.9 2.60699e-11
4.7 0.9 1.56444e-11
4.76667 0.9 8.97759e-12
4.83333 0.9 4.83161e-12
4.9 0.9 2.43387e-12
4.96667 0.9 1.33721e-12
0.0333333 0.966667 2.44328e-07
0.1 0.966667 9.6605e-07
0.166667 0.966667 2.39338e-06
0.233333 0.966667 4.45124e-06
0.3 0.966667 6.94541e-06
0.366667 0.966667 9.53495e-06
0.433333 0.966667 1.17624e-05
0.5 0.966667 1.31199e-05
0.566667 0.966667 1.31658e-05
0.633333 0.966667 1.17525e-05
0.7 0.966667 9.24136e-06
0.766667 0.966667 6.36694e-06
0.833333 0.966667 3.69715e-06
0.9 0.966667 1.22303e-06
0.966667 0.966667 1.38295e-06
1.03333 0.966667 4.08304e-06
1.1 0.966667 6.1596e-06
1.16667 0.966667 6.68311e-06
1.23333 0.966667 5.33417e-06
1.3 0.966667 2.82641e-06
1.36667 0.966667 5.85298e-07
1.43333 0.966667 7.02374e-08
1.5 0.966667 1.30799e-06
1.56667 0.966667 4.08622e-06
1.63333 0.966667 7.02169e-06
1.7 0.966667 9.03614e-06
1.76667 0.966667 9.70524e-06
1.83333 0.966667 9.21231e-06
1.9 0.966667 7.99911e-06
1.96667 0.966667 6.47053e-06
2.03333 0.966667 4.89136e-06
2.1 0.966667 3.40926e-06
2.16667 0.966667 2.10606e-06
2.23333 0.966667 1.03222e-06
2.3 0.966667 2.19654e-07
2.36667 0.966667 3.19786e-07
2.43333 0.966667 6.00269e-07
2.5 0.966667 6.64014e-07
2.56667 0.966667 5.7474e-07
2.63333 0.966667 4.03971e-07
2.7 0.966667 2.15896e-07
2.76667 0.966667 5.66001e-08
2.83333 0.966667 4.97711e-08
2.9 0.966667 9.89383e-08
2.96667 0.966667 1.01034e-07
3.03333 0.966667 7.38227e-08
3.1 0.966667 3.5972e-08
3.16667 0.966667 1.76961e-09
3.23333 0.966667 2.14027e-08
3.3 0.966667 3.2509e-08
3.36667 0.966667 3.43336e-08
3.43333 0.966667 3.07505e-08
3.5 0.966667 2.49866e-08
3.56667 0.966667 1.90562e-08
3.63333 0.966667 1.39192e-08
3.7 0.966667 9.86379e-09
3.76667 0.966667 6.83972e-09
3.83333 0.966667 4.66779e-09
3.9 0.966667 3.14771e-09
3.96667 0.966667 2.10325e-09
4.03333 0.966667 1.39521e-09
4.1 0.966667 9.20024e-10
4.16667 0.966667 6.03544e-10
4.23333 0.966667 3.94004e-10
4.3 0.966667 2.55906e-10
4.36667 0.966667 1.65221e-10
4.43333 0.966667 1.05847e-10
4.5 0.966667 6.70724e-11
4.56667 0.966667 4.18136e-11
4.63333 0.966667 2.5413e-11
4.7 0.966667 1.48237e-11
4.76667 0.966667 8.06682e-12
4.83333 0.966667 3.87363e-12
4.9 0.966667 1.45367e-12
4.96667 0.966667 3.48784e-13
