0
0
-1.00374e-20
0
0
1.09524e-20
0
0
-9.28165e-21
0
0
-8.33887e-21
-4.36682e-22
-0
2.30417e-20
-2.34634e-22
3.57689e-22
-2.90623e-20
0
0
3.23496e-21
0
0
-2.12178e-20
0
0
-2.64431e-21
0
0
1.56296e-20
6.02001e-22
-3.75501e-23
3.23823e-21
3.38767e-22
2.60008e-21
1.07816e-20
0
0
2.35297e-21
0
0
-6.26465e-21
-4.19072e-22
-2.50702e-23
-9.02946e-21
-3.5865e-22
-8.43145e-22
-1.32249e-21
0
0
0
0
0
1.28463e-20
-1.88602e-22
1.12693e-22
1.37346e-21
2.01396e-22
-1.81032e-21
-2.84211e-20
0
0
0
0
0
-5.01267e-21
-2.95762e-22
-4.09624e-23
-1.71944e-21
-0
1.64242e-21
6.22088e-21
0
0
-1.54214e-21
0
0
2.09554e-21
2.48635e-22
-0
-3.12631e-21
-1.55075e-23
-2.45009e-21
-6.71358e-21
0
0
-2.69947e-21
0
0
9.83294e-22
0
-3.22433e-23
-1.36694e-21
1.13513e-22
-3.37856e-22
8.65461e-23
0
0
-1.68869e-21
0
0
1.24729e-21
-1.31289e-23
3.80815e-23
-3.4182e-21
7.66402e-22
-3.44023e-22
-1.64193e-21
0
0
8.76328e-22
0
0
7.49094e-21
-1.28195e-22
-1.747e-23
-1.33289e-21
-3.13003e-23
-4.1816e-22
-1.19434e-20
0
0
-4.51966e-22
0
0
6.56289e-21
1.39914e-22
3.75582e-24
2.77949e-21
-1.68799e-22
7.90314e-22
-7.61223e-21
0
0
7.59189e-22
0
0
-1.45995e-21
-2.81628e-22
2.48205e-23
3.21633e-22
1.19928e-22
6.15273e-22
-2.15965e-20
0
0
5.10646e-23
0
0
2.06732e-20
-6.81376e-22
-9.0558e-23
1.44007e-23
1.40953e-22
2.91395e-22
3.66109e-21
0
0
1.74697e-21
0
0
-9.82328e-21
-8.91412e-22
1.72341e-23
-4.85383e-22
1.58513e-22
-1.19035e-22
-2.98602e-20
0
0
-7.5714e-06
0
0
-2.88872e-05
-3.20943e-23
1.66671e-13
-2.70993e-05
0
3.05265e-14
-7.40034e-05
0
0
-5.41439e-07
0
0
1.47866e-06
-6.36165e-24
1.17215e-13
-4.01468e-06
0
1.97911e-15
-7.0124e-06
0
0
9.03019e-23
0
0
-2.38868e-21
-2.2045e-23
-1.17449e-22
1.4527e-22
3.04385e-22
-1.84157e-23
-4.24117e-21
0
0
5.37881e-22
0
0
1.02268e-21
-1.59508e-24
-1.42594e-22
-6.49187e-22
-6.62869e-22
-4.01625e-23
-5.57333e-21
0
0
2.04986e-06
0
0
7.89756e-07
-1.30758e-23
6.60641e-14
6.76633e-06
-1.09383e-22
1.38731e-15
3.83655e-06
0
0
-5.41077e-08
0
0
4.20037e-08
-5.55685e-23
1.28807e-14
1.43953e-06
-4.12051e-22
8.15212e-16
6.9623e-07
0
0
-8.02608e-08
0
0
-1.5452e-08
8.27334e-23
1.10648e-15
-4.86663e-07
5.34499e-23
-1.35657e-17
-7.81239e-08
0
0
-9.96913e-08
0
0
-6.55845e-08
1.06379e-22
-1.88868e-14
-3.28758e-06
2.45558e-23
1.46172e-15
-1.73281e-06
0
0
-1.09587e-07
0
0
-1.04392e-07
-6.31642e-22
-4.52925e-14
-7.2016e-06
1.42317e-23
3.01898e-15
-5.45212e-06
0
0
-1.09769e-07
0
0
-1.29853e-07
-1.43931e-22
-6.56169e-14
-1.14736e-05
-0
4.06085e-15
-1.04424e-05
0
0
-1.0161e-07
0
0
-1.42165e-07
-4.79662e-22
-6.28665e-14
-1.23793e-05
-7.71445e-23
3.48831e-15
-1.22115e-05
0
0
-8.77486e-08
0
0
-1.43414e-07
-2.61417e-22
-5.13596e-14
-1.16353e-05
1.07919e-22
2.55686e-15
-1.20694e-05
0
0
-7.12427e-08
0
0
-1.36744e-07
2.80598e-22
-3.61016e-14
-9.57533e-06
1.56902e-22
1.57785e-15
-1.0294e-05
0
0
-5.47874e-08
0
0
-1.25405e-07
3.96198e-22
-1.76444e-14
-5.52853e-06
1.04468e-22
6.28226e-16
-6.1463e-06
0
0
-4.02291e-08
0
0
-1.12048e-07
3.10148e-22
-5.50064e-15
-2.27238e-06
-1.45188e-22
1.36668e-16
-2.62285e-06
0
0
-2.82875e-08
0
0
-9.84129e-08
-5.29841e-23
5.21e-17
-1.58842e-07
-5.43764e-23
-2.8038e-20
-2.63123e-07
0
0
-1.92331e-08
0
0
-8.54474e-08
-2.39869e-22
-1.66378e-17
-1.05094e-07
-8.05431e-24
-3.73101e-20
-2.06913e-07
0
0
-1.27084e-08
0
0
-7.34998e-08
1.05329e-22
7.3202e-18
-6.68289e-08
-0
3.72338e-20
-1.61315e-07
0
0
-8.19528e-09
0
0
-6.25986e-08
5.75217e-23
-9.90706e-19
-4.08012e-08
1.60466e-23
-8.25457e-21
-1.24891e-07
0
0
-5.17031e-09
0
0
-5.26428e-08
4.57477e-24
2.36724e-19
-2.37257e-08
1.55027e-23
2.72641e-21
-9.5772e-08
0
0
-3.18869e-09
0
0
-4.35126e-08
2.14596e-24
-6.45483e-20
-1.28847e-08
-5.8736e-23
-9.38851e-22
-7.22787e-08
0
0
-1.91203e-09
0
0
-3.51175e-08
2.11015e-23
1.79796e-20
-6.2219e-09
2.72826e-23
2.96392e-22
-5.31382e-08
0
0
-1.10017e-09
0
0
-2.74086e-08
9.54821e-24
-5.082e-21
-2.28706e-09
-0
-7.12851e-23
-3.74955e-08
0
0
-5.91179e-10
0
0
-2.03735e-08
0
1.49994e-21
-1.04733e-10
2.21518e-23
-0
-2.48339e-08
0
0
-2.7996e-10
0
0
-1.40252e-08
1.83636e-24
-3.97508e-22
9.58421e-10
9.64152e-23
1.81405e-23
-1.48692e-08
0
0
-9.99286e-11
0
0
-8.38853e-09
-3.10346e-24
1.26848e-22
1.30573e-09
-3.26378e-23
-6.03602e-23
-7.44083e-09
0
0
-8.651e-12
0
0
-3.4845e-09
0
-3.30481e-23
1.19668e-09
-3.99957e-23
-6.62128e-23
-2.40168e-09
0
0
2.26065e-11
0
0
6.86515e-10
-1.20096e-23
9.58685e-24
8.10274e-10
-1.14276e-22
7.16555e-23
4.96129e-10
0
0
1.62445e-11
0
0
4.16265e-09
-8.98086e-24
5.20261e-24
2.8882e-10
-6.79545e-23
-1.52297e-22
1.71166e-09
0
0
-7.60342e-12
0
0
7.03183e-09
0
-1.29151e-23
-2.37518e-10
-1.94886e-23
-0
1.98206e-09
0
0
-3.06728e-11
0
0
9.42504e-09
-2.56687e-24
-2.10215e-23
-6.491e-10
-4.80219e-24
5.28303e-23
2.27061e-09
0
0
-3.96048e-11
0
0
1.1484e-08
-9.33693e-25
1.94729e-23
-8.5794e-10
1.75279e-25
2.54707e-23
3.53901e-09
0
0
-3.01791e-11
0
0
1.33123e-08
-8.12474e-26
4.51034e-24
-8.38028e-10
8.89599e-24
-4.68761e-23
6.39976e-09
0
0
-8.96195e-12
0
0
1.49379e-08
-6.36385e-26
-1.36826e-24
-6.3887e-10
6.89964e-24
4.09859e-23
1.08448e-08
0
0
1.00929e-11
0
0
1.63142e-08
1.17322e-25
-1.83333e-24
-3.63707e-10
2.90282e-23
-5.10046e-23
1.62534e-08
0
0
1.26414e-11
0
0
1.73603e-08
-6.82153e-26
-1.03639e-23
-1.21574e-10
-5.9578e-24
2.68165e-23
2.16967e-08
0
0
-9.81656e-12
0
0
1.8014e-08
-2.4938e-25
2.41059e-24
1.60055e-11
2.04973e-23
-4.04026e-23
2.63403e-08
0
0
-5.78717e-11
0
0
1.82656e-08
4.32767e-26
8.79383e-24
2.95965e-11
-9.36362e-24
3.65976e-23
2.97066e-08
0
0
-1.26237e-10
0
0
1.81586e-08
5.00409e-26
-1.68805e-24
-6.12472e-11
8.95946e-24
-2.57189e-23
3.17076e-08
0
0
-2.07349e-10
0
0
1.7769e-08
-1.41774e-25
-1.35185e-24
-2.21026e-10
3.62323e-24
-0
3.25199e-08
0
0
-2.94195e-10
0
0
1.71812e-08
-2.19764e-25
2.83613e-24
-4.15818e-10
1.05893e-24
4.77479e-24
3.24295e-08
0
0
-3.81572e-10
0
0
1.64702e-08
-6.61258e-25
-1.59378e-24
-6.20823e-10
-8.02268e-25
-0
3.17218e-08
0
0
-4.66176e-10
0
0
1.56954e-08
-1.1108e-24
-5.78422e-25
-8.20895e-10
-6.68802e-25
-2.11502e-24
3.06307e-08
0
0
-5.46183e-10
0
0
1.48996e-08
-1.58551e-24
-2.09527e-24
-1.00822e-09
2.65575e-25
1.3948e-24
2.93285e-08
0
0
-6.20735e-10
0
0
1.4112e-08
-1.73882e-24
-1.53769e-24
-1.17968e-09
-2.62041e-25
3.66615e-24
2.79338e-08
0
0
-6.89573e-10
0
0
1.33514e-08
-1.7942e-24
-1.42913e-24
-1.33466e-09
-1.28649e-25
-2.40326e-24
2.65245e-08
0
0
-7.5276e-10
0
0
1.26297e-08
-1.62807e-24
3.5158e-25
-1.47403e-09
-2.20198e-25
-1.57286e-24
2.51499e-08
0
0
-8.10488e-10
0
0
1.19536e-08
-1.28419e-24
1.57534e-25
-1.59899e-09
1.07344e-25
2.57072e-25
2.38401e-08
0
0
-8.63019e-10
0
0
1.13267e-08
-8.58102e-25
-1.0219e-25
-1.71083e-09
5.2194e-26
-8.39736e-25
2.26123e-08
0
0
-9.10634e-10
0
0
1.07507e-08
-4.44759e-25
1.1351e-26
-1.81084e-09
0
1.09667e-25
2.14762e-08
0
0
-9.53582e-10
0
0
1.02258e-08
-1.04278e-25
-8.94209e-25
-1.90008e-09
3.50339e-27
-2.86328e-25
2.04361e-08
0
0
-9.92097e-10
0
0
9.75152e-09
1.50219e-25
-9.6635e-25
-1.97941e-09
3.38589e-26
7.00524e-26
1.94934e-08
0
0
-1.02638e-09
0
0
9.32694e-09
2.9916e-25
2.55803e-25
-2.04956e-09
1.14249e-26
-1.52236e-25
1.86479e-08
0
0
-1.05662e-09
0
0
8.95097e-09
3.55823e-25
-8.70714e-25
-2.1111e-09
-7.05591e-27
2.97364e-26
1.78982e-08
0
0
-1.08297e-09
0
0
8.62246e-09
3.59658e-25
-4.33019e-25
-2.16452e-09
7.49061e-28
1.93135e-26
1.72426e-08
0
0
-1.10555e-09
0
0
8.34027e-09
3.35057e-25
3.3555e-25
-2.21017e-09
7.09249e-28
8.3232e-27
1.66791e-08
0
0
-1.12448e-09
0
0
8.10336e-09
2.92918e-25
-7.79037e-26
-2.24836e-09
-1.32264e-27
-1.86605e-26
1.62058e-08
0
0
-1.13985e-09
0
0
7.91082e-09
2.46097e-25
7.75547e-26
-2.27932e-09
-1.65079e-27
6.70964e-27
1.58211e-08
0
0
-1.15173e-09
0
0
7.76188e-09
1.93634e-25
1.37348e-25
-2.30323e-09
0
1.52623e-27
1.55234e-08
0
0
-1.16018e-09
0
0
7.65594e-09
1.37849e-25
-4.79101e-26
-2.32023e-09
-8.86168e-29
1.70349e-27
1.53117e-08
0
0
-1.16524e-09
0
0
7.59256e-09
7.52941e-26
-5.9478e-26
-2.33042e-09
-2.12529e-28
-0
1.5185e-08
0
0
-5.83464e-10
0
0
3.78573e-09
0
0
-1.16692e-09
0
0
7.57145e-09
-1.9716e-22
-0
-1.23299e-22
-2.26074e-22
2.9829e-21
-2.29854e-21
0
0
-2.83261e-21
0
0
5.74898e-21
0
-2.02069e-22
-1.62552e-20
1.05002e-21
-4.06902e-21
3.42252e-20
1.7851e-21
2.77968e-23
5.72217e-21
-1.52672e-21
-1.42525e-20
4.51177e-21
-5.12379e-22
2.2578e-22
-1.74759e-20
9.72068e-22
9.70497e-21
-1.29764e-20
1.79765e-22
-1.26395e-22
-1.78102e-21
-7.14694e-22
-1.76956e-21
2.18349e-20
-4.10307e-23
-6.23148e-22
-1.13349e-20
-9.43501e-23
1.30375e-20
1.72169e-20
-2.55048e-23
-1.40559e-22
-1.41209e-20
7.98188e-22
-2.05294e-21
-7.20935e-22
-0
-7.73161e-23
9.39538e-21
-7.56878e-22
3.73297e-22
-9.19435e-21
1.1751e-21
-3.19141e-23
-1.93216e-20
-1.28207e-21
-4.8225e-21
1.62992e-20
-3.24787e-22
4.37097e-23
0
3.43222e-22
-1.1771e-21
3.21084e-21
-3.99141e-22
2.22704e-23
7.32702e-21
0
9.92539e-22
9.70799e-21
-6.81002e-22
-6.83631e-23
1.69736e-21
2.46175e-22
-1.22301e-21
1.69726e-21
1.50517e-21
2.0454e-22
-5.35784e-22
5.44948e-22
2.20034e-21
-2.02258e-20
-2.91568e-22
-9.38826e-23
6.53473e-22
0
-0
1.08308e-20
-0
3.71288e-22
1.14525e-22
1.70437e-21
-7.61373e-22
-7.12174e-21
-6.84394e-23
-2.75057e-22
1.72551e-21
-1.86295e-21
-8.02389e-23
1.39032e-20
-2.9113e-23
5.76794e-22
-2.39555e-21
7.10797e-22
-6.55895e-23
3.54771e-21
1.62907e-23
-5.6556e-23
1.15627e-21
1.59723e-21
2.5017e-23
4.82427e-21
-1.28914e-22
4.40006e-14
2.50589e-06
0
1.35773e-14
3.90078e-06
0
-9.34396e-14
-6.72244e-06
1.08232e-22
1.49298e-14
-3.23264e-06
-1.50191e-22
-2.30863e-13
-1.67198e-05
-2.38042e-22
2.00369e-14
-1.20626e-05
1.8442e-22
-3.52347e-22
-2.13893e-21
1.52383e-22
-1.91566e-22
2.76419e-21
2.16398e-22
-2.14986e-22
-7.21e-21
1.59629e-22
1.36423e-22
-0
-1.72883e-21
-1.03565e-22
-2.20111e-21
-2.20789e-22
1.44171e-22
-2.71804e-21
6.89896e-22
-1.39274e-22
-6.66964e-21
6.13529e-22
6.92619e-23
3.75048e-21
4.16761e-22
-1.2528e-22
-5.56992e-21
-7.99176e-22
-1.72435e-23
2.38868e-21
9.84093e-22
-1.51031e-22
-2.97623e-21
-2.94573e-22
2.30456e-23
1.03318e-21
1.56233e-21
-5.20109e-14
-9.71158e-06
-3.19982e-22
1.16264e-15
-1.09942e-05
2.37035e-21
-1.12826e-14
-2.86001e-06
1.89615e-22
4.77954e-17
-3.2731e-06
3.02756e-21
2.02845e-17
-2.01749e-07
-8.54663e-23
7.12874e-20
-2.61162e-07
3.61476e-21
-2.71642e-17
-1.25706e-07
2.91001e-23
-1.4865e-19
-1.82022e-07
3.72093e-21
1.20617e-18
-7.47828e-08
-1.15975e-22
1.24332e-20
-1.23604e-07
3.57072e-21
-1.61517e-19
-4.1918e-08
1.69533e-22
-2.78581e-21
-8.09659e-08
3.26669e-21
4.40726e-20
-2.14141e-08
-5.3957e-23
8.09597e-22
-4.99819e-08
2.64268e-21
-1.20589e-20
-9.0894e-09
-5.05133e-23
-2.70015e-22
-2.76301e-08
1.83747e-21
3.33433e-21
-2.04778e-09
-9.27239e-23
-5.66465e-23
-1.18943e-08
8.92742e-22
-1.11415e-21
1.63101e-09
-2.91726e-22
5.46593e-22
-1.53288e-09
2.05136e-23
2.63489e-22
3.1806e-09
-7.32259e-23
-3.9681e-22
4.17314e-09
-7.10025e-22
-1.09571e-22
3.38015e-09
-1.87942e-22
-4.00815e-23
5.65708e-09
-1.182e-21
-1.6746e-23
2.72833e-09
1.55665e-22
4.85084e-22
3.29436e-09
-1.35982e-21
-3.96694e-23
1.5698e-09
1.23602e-22
2.39672e-22
-2.36193e-09
-1.27444e-21
-5.46332e-23
1.84628e-10
1.23266e-22
-6.14887e-22
-1.03349e-08
-9.72737e-22
-2.70055e-23
-1.15765e-09
2.0945e-23
1.06979e-22
-1.9027e-08
-6.30407e-22
-3.47019e-23
-2.1904e-09
-4.70802e-23
2.70207e-22
-2.62507e-08
-2.89113e-22
-2.36255e-23
-2.7002e-09
8.60557e-24
-7.32794e-22
-2.97062e-08
-5.4941e-23
-5.99969e-23
-2.61313e-09
0
-0
-2.78752e-08
5.56397e-23
-4.00618e-23
-2.04648e-09
-2.31472e-23
2.9378e-22
-2.08225e-08
7.20669e-23
-7.97026e-23
-1.26112e-09
3.51556e-23
-3.4507e-22
-1.02451e-08
5.04322e-23
-2.32873e-23
-5.32934e-10
-1.24891e-23
-1.88094e-22
1.35823e-09
2.70572e-23
-7.02645e-24
-3.65656e-11
4.32164e-23
1.19714e-22
1.17967e-08
1.80795e-23
-4.43704e-24
1.8636e-10
-2.18138e-23
-0
1.98515e-08
1.3908e-23
-2.68231e-23
1.84919e-10
2.63041e-23
-0
2.52786e-08
-1.64376e-24
-1.11948e-23
3.85945e-11
-6.6686e-24
6.73947e-24
2.84317e-08
-4.27409e-23
-5.9412e-24
-1.81811e-10
-9.47557e-24
-5.88157e-23
2.98735e-08
-1.11772e-22
-1.2711e-23
-4.27328e-10
1.68488e-24
3.00891e-24
3.01419e-08
-1.98393e-22
-2.56788e-24
-6.69405e-10
-2.41968e-25
-1.78959e-23
2.96617e-08
-2.84215e-22
1.89974e-24
-8.93988e-10
-2.77391e-24
-1.30843e-23
2.87373e-08
-3.45799e-22
-1.72059e-24
-1.09584e-09
2.98561e-25
-3.43395e-24
2.75744e-08
-3.63972e-22
-1.14133e-24
-1.27443e-09
1.0586e-24
4.49746e-24
2.63066e-08
-3.33842e-22
-1.13238e-24
-1.43141e-09
-7.78574e-25
-4.77977e-24
2.50179e-08
-2.6447e-22
-7.2463e-25
-1.56921e-09
2.11336e-25
2.16236e-24
2.37601e-08
-1.75284e-22
-4.40642e-25
-1.69027e-09
-1.0982e-25
-0
2.25639e-08
-8.66442e-23
1.09691e-24
-1.79676e-09
-1.06738e-25
-1.22932e-24
2.14468e-08
-1.35558e-23
1.21204e-24
-1.89051e-09
7.76328e-26
-8.02292e-25
2.04182e-08
3.71366e-23
-2.93013e-26
-1.97294e-09
-4.69459e-26
-8.72296e-26
1.94825e-08
6.56679e-23
-1.06131e-24
-2.04523e-09
-3.01995e-26
-1.13727e-25
1.86412e-08
7.6594e-23
4.04364e-25
-2.10821e-09
2.46768e-26
-1.11056e-25
1.78941e-08
7.61208e-23
1.69651e-25
-2.1626e-09
-2.77492e-26
-3.60554e-26
1.724e-08
6.94458e-23
-8.41204e-25
-2.20891e-09
6.56929e-27
5.43566e-26
1.66775e-08
6.02472e-23
5.92778e-25
-2.24754e-09
-5.20501e-27
-2.48477e-26
1.62048e-08
5.00914e-23
-5.0768e-26
-2.2788e-09
-1.11059e-27
1.56077e-26
1.58204e-08
3.93859e-23
-4.53033e-26
-2.30291e-09
0
7.54894e-27
1.5523e-08
2.78087e-23
1.63312e-25
-2.32005e-09
1.48691e-27
-3.36845e-27
1.53115e-08
1.45772e-23
6.64851e-26
-2.33034e-09
1.09547e-28
2.48511e-27
1.51849e-08
0
0
-1.1669e-09
0
0
7.57143e-09
8.42907e-22
-1.02699e-22
-4.86416e-21
2.53897e-22
1.13816e-21
-1.6767e-20
0
0
1.36617e-20
0
0
1.87449e-21
6.17113e-22
-7.86365e-22
-2.48565e-20
1.21717e-21
8.34491e-21
2.63924e-20
5.0265e-21
-9.23176e-22
-6.36079e-21
1.80121e-21
3.98954e-20
-2.18184e-20
-5.0342e-22
-1.36064e-21
-3.79221e-20
3.04928e-21
-4.51962e-20
-2.78418e-20
-2.14445e-21
-1.52858e-21
-1.21558e-20
-9.78708e-22
-3.32679e-20
7.38322e-21
1.31808e-23
-4.88016e-21
-5.43845e-20
7.89775e-22
4.38222e-20
-7.06912e-21
1.69318e-21
-3.83107e-21
-5.30209e-20
-2.41073e-21
-4.80295e-21
5.51102e-22
1.14563e-21
-1.2112e-21
-3.04592e-20
2.54058e-21
-1.0619e-22
-1.18499e-21
8.38047e-22
-4.2272e-22
-1.2463e-20
3.12385e-21
7.2753e-21
-2.14805e-20
-6.38312e-21
2.38821e-23
7.04669e-22
9.20578e-22
-3.03725e-21
-1.36806e-20
-4.96085e-21
-5.54281e-23
9.48217e-21
-5.62885e-22
-7.62591e-21
-2.64395e-21
-6.10593e-21
-4.10588e-22
4.97935e-21
0
5.37523e-21
1.08192e-20
-1.13633e-20
-5.03837e-23
1.76981e-21
-2.83851e-21
-2.66109e-21
-5.07958e-21
-7.7386e-21
-4.17893e-22
4.27194e-22
-1.11111e-21
-0
1.72029e-21
-4.44873e-21
6.02658e-22
3.65477e-22
3.31831e-21
-5.46135e-22
3.97292e-21
-2.99979e-21
1.19095e-22
-4.40833e-22
7.00191e-22
7.79172e-23
-9.92083e-21
-1.8644e-21
6.6338e-22
-2.42211e-21
-1.26807e-21
8.45763e-23
2.43731e-21
-5.27715e-22
3.24748e-21
-4.40597e-21
2.72587e-21
1.86247e-22
-3.58517e-21
4.90528e-22
1.73028e-21
-5.10028e-21
1.31764e-21
-3.47607e-22
9.86789e-22
1.97617e-21
1.11722e-21
-1.03529e-21
6.43686e-22
5.70442e-22
4.03702e-22
2.81956e-21
7.14166e-22
-1.11828e-21
-1.09823e-21
7.77862e-22
1.64484e-21
2.06819e-21
5.65281e-23
-2.30541e-21
2.73906e-22
8.33285e-23
-8.23822e-22
3.84036e-21
-9.53787e-22
-1.7448e-21
9.86547e-23
-3.48641e-22
-5.17128e-22
1.79731e-21
-9.88507e-22
2.39594e-21
-4.16367e-22
3.17045e-23
-0
3.59305e-21
-1.15377e-21
0
1.27791e-22
1.21679e-22
-3.05571e-21
1.75949e-21
-1.09704e-21
2.5536e-21
5.20111e-22
-8.08326e-23
6.6017e-21
1.28206e-21
-1.04364e-21
-5.63919e-21
-8.96136e-22
2.46793e-23
-1.94728e-21
3.2674e-22
-8.65876e-22
4.36986e-21
-8.54222e-22
-2.95188e-23
-1.74742e-21
9.28485e-22
-6.90811e-14
-1.03126e-05
1.05572e-21
1.8374e-16
-1.18895e-05
1.08472e-21
-1.36779e-14
-2.67369e-06
-2.25632e-22
-3.43845e-16
-3.0669e-06
3.78675e-21
1.03075e-16
-1.79527e-07
-0
6.15271e-19
-2.01595e-07
6.44924e-21
3.62685e-18
-1.04627e-07
-1.56557e-22
1.65041e-20
-1.21171e-07
9.66283e-21
-1.7879e-18
-5.716e-08
1.53882e-22
-1.48465e-20
-6.56336e-08
1.16734e-20
4.91236e-19
-2.80566e-08
2.96108e-22
4.93518e-21
-2.78693e-08
1.18561e-20
-1.38814e-19
-1.08876e-08
1.39602e-22
-1.37555e-21
-2.90194e-09
9.97009e-21
3.94261e-20
-1.32054e-09
-1.29038e-22
-8.35026e-23
1.24892e-08
6.0216e-21
-1.13264e-20
3.45688e-09
3.50548e-22
9.01017e-22
2.02445e-08
7.77403e-22
3.26809e-21
5.22053e-09
3.622e-22
5.3294e-23
2.14574e-08
-4.28745e-21
-9.4909e-22
5.07442e-09
-4.46824e-22
-6.5341e-22
1.67456e-08
-8.28841e-21
1.23318e-22
3.71397e-09
-2.24615e-22
1.3138e-22
6.58513e-09
-1.02827e-20
-2.67987e-22
1.61438e-09
-3.01806e-22
2.15882e-22
-8.34494e-09
-1.01177e-20
-2.40979e-22
-8.32111e-10
-1.84641e-22
1.55538e-22
-2.6758e-08
-8.30122e-21
-3.32665e-22
-3.21913e-09
-3.25674e-23
6.58378e-22
-4.62983e-08
-5.47688e-21
-3.1855e-22
-5.0873e-09
3.9696e-23
-5.06064e-22
-6.32572e-08
-2.67346e-21
-3.0773e-22
-5.99999e-09
-8.22581e-24
7.43616e-22
-7.31271e-08
-5.94722e-22
-1.59017e-22
-5.74575e-09
0
-3.82137e-22
-7.24417e-08
4.73255e-22
-1.52391e-22
-4.51879e-09
3.33753e-23
1.98666e-22
-6.09744e-08
6.86288e-22
-1.46441e-22
-2.85685e-09
-9.95163e-23
5.36612e-23
-4.2246e-08
4.63845e-22
-6.51084e-23
-1.33657e-09
-1.56257e-24
8.17738e-23
-2.15764e-08
2.11394e-22
-1.25366e-22
-2.92875e-10
-3.00316e-23
1.48105e-22
-3.35335e-09
9.84515e-23
-5.84452e-23
2.30891e-10
-2.3345e-23
-4.13747e-23
1.03653e-08
9.6829e-23
-9.25935e-23
3.57681e-10
-4.61489e-24
2.8206e-23
1.95102e-08
6.68601e-23
-5.52483e-23
2.42502e-10
2.68547e-23
3.78773e-23
2.49731e-08
-1.01135e-22
-8.48619e-23
7.39919e-12
-2.40556e-23
-4.40715e-23
2.78135e-08
-4.49499e-22
-4.92293e-23
-2.69755e-10
6.46824e-24
-5.40688e-23
2.8919e-08
-9.45759e-22
-4.12964e-23
-5.46019e-10
1.37191e-23
-8.2075e-24
2.89371e-08
-1.48394e-21
-2.57753e-23
-8.01132e-10
3.92298e-24
1.07669e-23
2.83086e-08
-1.90672e-21
-1.6107e-23
-1.02786e-09
1.62407e-24
-1.76222e-23
2.73211e-08
-2.06875e-21
-1.37987e-23
-1.22567e-09
-1.44379e-24
1.22908e-23
2.6157e-08
-1.91025e-21
-6.42108e-24
-1.39699e-09
-7.88542e-25
-1.50565e-24
2.49297e-08
-1.48981e-21
-3.38047e-24
-1.54521e-09
7.72208e-25
3.93283e-24
2.37081e-08
-9.41113e-22
-2.29576e-24
-1.6737e-09
6.78407e-25
-0
2.25332e-08
-4.01462e-22
-2.10691e-24
-1.78542e-09
2.56827e-25
8.37798e-25
2.14287e-08
3.42506e-23
6.54975e-25
-1.88279e-09
-2.31582e-25
1.00221e-24
2.04075e-08
3.24199e-22
1.17579e-25
-1.96774e-09
-6.90227e-26
6.53692e-25
1.94761e-08
4.72675e-22
1.33267e-24
-2.04173e-09
-1.66667e-26
-1.93666e-25
1.86374e-08
5.12574e-22
7.08719e-25
-2.10588e-09
8.4187e-26
-1.76471e-25
1.78918e-08
4.84919e-22
2.21209e-24
-2.16106e-09
2.68428e-26
-2.45454e-25
1.72386e-08
4.24925e-22
3.91785e-25
-2.20791e-09
1.27182e-26
7.39593e-26
1.66766e-08
3.64995e-22
-2.48834e-25
-2.24689e-09
6.77911e-27
1.68836e-26
1.62042e-08
3.01832e-22
6.10997e-25
-2.27838e-09
7.68976e-28
1.4814e-26
1.58201e-08
2.36561e-22
-4.63029e-25
-2.30266e-09
5.30596e-27
-2.42116e-26
1.55228e-08
1.65858e-22
-2.15698e-25
-2.31991e-09
-7.72985e-28
-6.31303e-27
1.53113e-08
8.33523e-23
-9.89163e-26
-2.33028e-09
-1.51918e-28
-0
1.51848e-08
0
0
-1.16689e-09
0
0
7.57141e-09
3.73692e-21
3.17617e-22
3.85121e-20
-7.62076e-22
-7.30445e-21
3.99569e-20
0
0
5.5965e-20
0
0
-1.95419e-20
5.43414e-21
-1.34101e-21
1.51126e-20
-1.64353e-21
-5.39978e-21
1.58062e-20
3.55941e-21
-2.9323e-21
-8.47904e-21
9.12306e-22
-3.83482e-21
5.71635e-21
1.71276e-21
-8.63255e-21
-3.17713e-20
-1.50181e-21
2.48642e-20
-9.3738e-21
1.39397e-21
-9.29763e-21
-3.74348e-20
-9.63968e-22
5.85807e-20
2.30017e-20
-1.83432e-22
-3.01938e-20
-1.23157e-19
-2.92749e-21
-4.80633e-20
-1.47632e-20
6.54858e-21
-1.99753e-20
-1.16107e-19
-1.2643e-21
5.01105e-21
8.71445e-22
2.68913e-21
-6.38068e-21
-7.01911e-20
-1.72386e-21
1.37506e-21
-8.20904e-22
6.0464e-21
-1.7764e-21
-3.76042e-20
-8.45297e-22
5.02619e-21
3.32682e-20
1.46755e-21
1.32346e-23
3.72584e-21
-2.21351e-21
1.93333e-21
1.14993e-20
-1.24518e-20
-5.56294e-22
1.05222e-20
1.34009e-21
-7.98426e-22
-1.01441e-20
-1.2003e-20
-1.58675e-21
2.0182e-20
7.64701e-22
4.52039e-21
1.98242e-20
-1.26798e-20
-1.5859e-21
8.43299e-21
1.24626e-21
5.77761e-21
1.77428e-20
-1.92475e-20
-1.05775e-21
6.06388e-21
2.59085e-21
-2.03598e-21
-1.29839e-20
-2.26232e-20
-1.17718e-21
4.05064e-21
-1.72123e-21
-3.43675e-22
1.30486e-21
-1.75939e-20
1.73471e-21
2.0663e-21
8.22602e-22
2.29037e-22
-3.23518e-21
-1.499e-20
1.31788e-21
-2.4848e-21
2.25969e-21
3.8541e-22
-7.90734e-22
-8.88419e-21
5.81201e-21
-2.23096e-21
6.57867e-22
-1.56538e-21
-9.37874e-22
-1.79988e-21
6.72029e-21
-9.34464e-21
3.25479e-21
5.59105e-22
-1.357e-22
4.90573e-21
5.78548e-21
-4.19792e-21
-5.37192e-21
3.54677e-22
-1.87793e-22
1.05386e-20
3.43262e-21
7.84151e-22
2.76283e-22
2.86575e-22
4.81293e-22
1.59855e-20
9.18871e-22
7.57369e-21
-4.7949e-22
-1.20069e-21
1.46352e-21
2.14398e-20
-9.40274e-22
8.91805e-22
-1.6442e-24
4.88764e-22
-0
1.86975e-20
-1.86385e-21
0
-3.33441e-22
-1.61771e-22
5.56134e-22
1.00927e-20
-2.35171e-21
1.00969e-21
1.12523e-21
-2.86059e-22
3.13458e-21
-2.25077e-21
-2.18029e-21
1.34867e-21
1.12623e-21
1.11278e-22
-6.84435e-22
-1.78167e-20
-2.85965e-21
1.9492e-20
8.40778e-22
-5.58824e-23
9.13312e-23
-3.81563e-20
-2.53679e-21
1.1116e-20
2.85973e-22
-5.56525e-23
-1.1945e-20
-5.52565e-20
-2.38021e-21
2.42368e-20
8.09015e-23
-5.11352e-25
-1.98197e-21
-6.94949e-20
-6.57143e-14
-8.61033e-06
8.7884e-23
-1.59817e-15
-1.0065e-05
-6.97421e-20
-1.195e-14
-1.89347e-06
-0
-7.11997e-16
-2.16725e-06
-6.00897e-20
-9.46782e-17
-1.30383e-07
-0
-7.8738e-19
-1.18455e-07
-4.01195e-20
2.88859e-17
-6.95526e-08
-9.27234e-23
3.19087e-19
-5.07907e-08
-1.72729e-20
-7.94275e-18
-3.29729e-08
-1.79659e-22
-1.05088e-19
-7.05346e-09
2.48889e-21
2.23628e-18
-1.18004e-08
-5.96659e-22
3.30202e-20
1.99186e-08
1.36585e-20
-6.3805e-19
-2.87902e-10
-3.96342e-22
-1.0618e-20
3.45914e-08
1.38352e-20
1.8316e-19
5.20969e-09
-2.88908e-22
3.00254e-21
3.95684e-08
4.79978e-21
-5.23769e-20
6.94476e-09
-1.93184e-22
-6.55697e-22
3.6245e-08
-8.75545e-21
1.50572e-20
6.28812e-09
1.12063e-22
-5.79346e-22
2.5311e-08
-2.17289e-20
-4.45746e-21
4.07995e-09
4.73755e-22
2.14999e-22
7.16279e-09
-2.97116e-20
7.23099e-22
8.74314e-10
1.5459e-22
-4.75993e-22
-1.76926e-08
-3.12884e-20
-1.0375e-21
-2.87958e-09
4.80811e-22
6.27005e-22
-4.81261e-08
-2.68092e-20
-7.34718e-22
-6.6849e-09
-2.61257e-22
5.65199e-22
-8.15965e-08
-1.85757e-20
-8.1217e-22
-9.86376e-09
-5.59146e-23
-2.3778e-22
-1.12966e-07
-9.48996e-21
-7.25614e-22
-1.15581e-08
8.18197e-23
-3.57688e-22
-1.33946e-07
-2.27525e-21
-5.22433e-22
-1.11278e-08
1.61747e-24
-5.58336e-22
-1.36164e-07
1.66666e-21
-4.08417e-22
-8.76048e-09
3.11537e-23
1.82987e-21
-1.1738e-07
2.51766e-21
-2.01253e-22
-5.53662e-09
7.46294e-24
1.45e-21
-8.45404e-08
1.65457e-21
-2.15536e-22
-2.67497e-09
1.45911e-22
2.24622e-22
-4.91033e-08
5.95717e-22
-1.22004e-22
-7.87779e-10
-7.69039e-23
-1.95923e-22
-1.95861e-08
8.91347e-23
-1.39151e-22
1.55795e-10
6.86358e-23
-2.1203e-22
1.23792e-09
9.35147e-23
-1.75887e-22
4.52932e-10
-1.61574e-23
1.05951e-22
1.4446e-08
1.8188e-22
-1.31403e-22
3.86259e-10
5.74305e-23
1.16672e-23
2.21615e-08
2.52858e-23
-1.41611e-22
1.47479e-10
-8.99058e-24
-4.60269e-23
2.62448e-08
-5.26255e-22
-1.07854e-22
-1.51796e-10
-1.53881e-24
9.05167e-23
2.80389e-08
-1.4713e-21
-8.52841e-23
-4.53619e-10
-9.36458e-24
3.61932e-23
2.84413e-08
-2.6311e-21
-6.71079e-23
-7.31787e-10
-3.13526e-24
6.45084e-24
2.80286e-08
-3.62896e-21
-4.61221e-23
-9.7727e-10
-7.81146e-25
-1.40421e-24
2.71628e-08
-4.05217e-21
-2.6147e-23
-1.1895e-09
-3.86803e-25
-3.66634e-24
2.60677e-08
-3.71319e-21
-1.47986e-23
-1.37151e-09
1.33391e-24
-7.17769e-24
2.48794e-08
-2.76136e-21
-7.71425e-24
-1.52747e-09
-5.60914e-25
-1.95141e-24
2.36799e-08
-1.55416e-21
2.83414e-24
-1.66147e-09
-6.3985e-25
-1.01856e-24
2.25174e-08
-4.06776e-22
-2.98502e-24
-1.77706e-09
-9.8021e-25
1.99358e-24
2.14198e-08
4.80701e-22
3.06165e-24
-1.87712e-09
-1.73278e-25
-5.41868e-25
2.04025e-08
1.02807e-21
-1.58327e-25
-1.96391e-09
1.05017e-25
-1.16611e-24
1.94733e-08
1.25659e-21
4.21038e-24
-2.03916e-09
-6.09178e-26
1.15138e-25
1.86357e-08
1.252e-21
-1.84917e-24
-2.10417e-09
2.93314e-26
9.58987e-25
1.78908e-08
1.11188e-21
3.79381e-24
-2.15993e-09
-8.42442e-26
8.7498e-26
1.7238e-08
9.23702e-22
-6.86233e-25
-2.20716e-09
8.87863e-27
1.44271e-25
1.66761e-08
7.86607e-22
7.0448e-25
-2.24641e-09
4.14582e-27
5.20528e-26
1.62039e-08
6.4781e-22
1.06217e-24
-2.27808e-09
-1.31883e-26
-1.37692e-26
1.58198e-08
5.06251e-22
3.07883e-25
-2.30249e-09
-1.62861e-27
-1.57622e-26
1.55226e-08
3.52121e-22
7.768e-25
-2.31981e-09
-1.26961e-27
1.47675e-26
1.53111e-08
1.72296e-22
1.7298e-25
-2.33023e-09
5.64386e-28
1.3815e-27
1.51847e-08
0
0
-1.16688e-09
0
0
7.57137e-09
1.06612e-20
2.07577e-21
1.0465e-19
-6.98129e-22
-1.61965e-21
-3.5389e-20
0
0
1.15067e-19
0
0
-9.44699e-21
1.30241e-20
3.56939e-21
6.16109e-20
2.24637e-21
8.96707e-21
8.90543e-21
4.25519e-21
-1.75204e-22
2.05778e-20
1.21657e-21
-3.89618e-20
9.18488e-21
7.31763e-21
-8.58831e-21
-3.11615e-21
4.91241e-21
6.48462e-20
1.8197e-20
-2.46453e-22
-4.49595e-20
-3.24902e-20
-3.74752e-20
-1.96519e-20
-1.3609e-20
-1.0306e-19
-8.38564e-20
-1.20523e-19
5.73629e-20
-5.30249e-21
-3.24022e-21
-1.39974e-19
-3.05474e-20
-3.0866e-20
4.01974e-21
2.05562e-20
5.70539e-22
-1.46533e-19
-7.31936e-21
2.26905e-20
6.83903e-22
7.65066e-22
4.57493e-21
-9.17675e-20
1.68282e-22
3.79962e-20
2.93203e-21
-8.05282e-21
-1.58513e-21
-5.43295e-20
-9.59593e-23
3.29435e-20
4.4044e-21
1.72843e-20
-1.68792e-20
-0
-6.93637e-22
2.30804e-20
-1.50603e-21
-8.49014e-21
-1.23436e-21
-8.01145e-21
-1.67636e-21
1.3307e-20
-2.55494e-21
-2.45929e-20
-7.96489e-21
-1.73485e-20
-3.24162e-21
1.33708e-20
-4.13521e-21
-1.63603e-21
4.00405e-21
-4.84938e-20
-2.44589e-21
7.33586e-21
9.51103e-22
3.07915e-21
-1.25934e-21
-4.69285e-20
-5.74134e-21
9.16642e-21
-5.68121e-21
-1.41778e-21
6.65506e-21
-4.88387e-20
-1.63993e-21
7.79607e-21
-2.72228e-21
1.74665e-22
1.79553e-21
-4.84223e-20
4.09937e-21
5.57032e-21
-8.36128e-22
1.48497e-22
6.4301e-22
-3.88906e-20
6.50107e-21
5.62961e-21
7.37819e-22
1.30268e-21
-7.28059e-22
-2.38636e-20
1.40174e-20
3.61258e-21
6.18143e-22
-2.05745e-21
-1.57046e-22
-5.28569e-21
1.17005e-20
6.11041e-21
1.44903e-21
1.60692e-21
-0
1.42762e-20
1.04019e-20
1.25865e-20
1.01446e-21
9.98731e-23
4.52911e-22
3.13616e-20
6.47466e-21
2.15289e-20
2.64194e-21
-1.80001e-22
-6.78773e-22
4.79764e-20
1.3569e-21
1.64706e-20
5.45445e-22
3.84654e-22
-1.31002e-21
4.76306e-20
1.58003e-21
1.13687e-20
-6.45879e-22
2.1972e-22
1.55766e-21
3.64417e-20
6.4175e-22
-8.38371e-21
-1.79969e-21
1.70722e-22
3.23718e-21
2.60839e-21
-1.53654e-21
1.78727e-21
-1.14063e-21
4.43049e-24
1.85826e-21
-4.93782e-20
-2.63661e-21
-2.16839e-21
-0
9.43542e-23
2.0826e-21
-1.17512e-19
-3.77773e-21
2.53464e-20
4.56075e-22
1.24086e-23
-0
-1.84162e-19
-4.05905e-21
3.22377e-20
1.39679e-21
-3.17461e-25
1.10668e-20
-2.41006e-19
-4.26834e-21
3.55585e-20
-1.92145e-22
-1.11507e-22
1.16135e-21
-2.66203e-19
-3.71134e-14
-4.4125e-06
-0
-2.1139e-15
-5.1815e-06
-2.49827e-19
3.6706e-16
-1.52554e-07
1.04521e-22
3.29247e-18
-1.17099e-07
-1.98471e-19
-1.13463e-16
-7.97047e-08
-0
-1.34164e-18
-3.81726e-08
-1.24345e-19
3.12078e-17
-3.66699e-08
4.06472e-22
4.40314e-19
1.08085e-08
-4.92917e-20
-8.80039e-18
-1.22374e-08
-5.81507e-22
-1.39925e-19
3.93572e-08
6.10422e-21
2.51381e-18
7.50963e-10
2.71702e-22
4.31999e-20
5.32034e-08
2.96039e-20
-7.20886e-19
6.69635e-09
6.63371e-22
-1.32572e-20
5.55725e-08
2.25338e-20
2.08548e-19
8.2638e-09
-1.48616e-22
3.8657e-21
4.80973e-08
-3.20237e-21
-5.90138e-20
7.03479e-09
-9.10404e-22
-1.47921e-21
3.1442e-08
-3.22784e-20
1.70262e-20
3.94279e-09
1.10718e-22
1.76226e-21
5.75127e-09
-5.26157e-20
-5.47615e-21
-4.38537e-10
3.64416e-22
-2.03112e-21
-2.89764e-08
-5.93688e-20
1.38786e-22
-5.68905e-09
-0
-2.01062e-21
-7.24501e-08
-5.34243e-20
-1.95029e-21
-1.13582e-08
2.11548e-22
2.09265e-21
-1.23298e-07
-3.84066e-20
-1.49656e-21
-1.67113e-08
-0
-6.33759e-22
-1.77036e-07
-2.04188e-20
-1.51856e-21
-2.03158e-08
-3.74116e-23
-1.49634e-21
-2.21234e-07
-5.03309e-21
-1.06199e-21
-2.02009e-08
2.76979e-23
3.44789e-21
-2.34156e-07
3.64709e-21
-6.09264e-22
-1.59382e-08
4.47502e-23
-1.24116e-21
-2.03688e-07
5.42994e-21
-2.97796e-22
-9.78878e-09
3.99085e-23
-4.73409e-22
-1.43851e-07
3.18392e-21
-1.80649e-22
-4.59829e-09
1.01902e-22
-2.19317e-22
-8.22379e-08
5.22797e-22
-1.07028e-22
-1.47738e-09
-7.31458e-23
-1.30214e-21
-3.63454e-08
-5.3684e-22
-6.0688e-23
-7.45631e-12
-3.1882e-23
-3.14819e-23
-7.11905e-09
-3.0622e-22
-1.4824e-22
4.86134e-10
-3.53357e-23
8.19304e-23
1.02314e-08
1.04832e-22
-1.60352e-22
4.77373e-10
0
1.3985e-22
2.00045e-08
1.59888e-22
-1.30891e-22
2.42717e-10
1.32635e-23
8.66279e-23
2.51253e-08
-2.78287e-22
-1.40719e-22
-7.04807e-11
1.70981e-23
-7.04596e-23
2.74515e-08
-1.34472e-21
-1.20203e-22
-3.89926e-10
-1.04417e-23
-3.30244e-23
2.81309e-08
-2.89377e-21
-8.91754e-23
-6.84166e-10
7.0124e-24
1.19481e-23
2.78641e-08
-4.38177e-21
-6.34828e-23
-9.42676e-10
-1.75152e-24
-1.55673e-23
2.70759e-08
-5.03962e-21
-3.63099e-23
-1.16485e-09
8.69175e-25
2.02891e-24
2.6022e-08
-4.45015e-21
-2.10799e-23
-1.35421e-09
8.57979e-25
6.28193e-24
2.48557e-08
-3.02851e-21
-7.63212e-24
-1.51546e-09
8.43168e-25
-8.19149e-24
2.36677e-08
-1.34193e-21
-5.51482e-24
-1.65321e-09
1.03194e-24
-2.24917e-24
2.25113e-08
1.8411e-22
4.52021e-24
-1.77142e-09
8.0576e-25
1.55855e-24
2.14168e-08
1.30167e-21
9.61004e-24
-1.87329e-09
0
5.38119e-25
2.0401e-08
1.9184e-21
-2.38589e-24
-1.96133e-09
-1.42716e-25
1.24749e-24
1.94725e-08
2.0868e-21
4.67087e-24
-2.03743e-09
4.60302e-26
-7.36592e-25
1.86353e-08
1.94347e-21
2.83377e-24
-2.10302e-09
1.55265e-25
-3.30473e-26
1.78905e-08
1.63127e-21
1.96714e-24
-2.15917e-09
1.06266e-26
1.07165e-26
1.72377e-08
1.29072e-21
-1.24401e-24
-2.20666e-09
-5.04465e-27
-2.72923e-25
1.66759e-08
1.09296e-21
2.45648e-24
-2.24609e-09
-4.71702e-27
-9.91127e-26
1.62037e-08
8.97545e-22
1.55109e-24
-2.27789e-09
2.14737e-26
1.7777e-26
1.58196e-08
6.99087e-22
-9.67355e-26
-2.30237e-09
-2.79155e-27
1.88794e-26
1.55224e-08
4.82398e-22
5.40269e-25
-2.31975e-09
7.28275e-28
-2.49657e-26
1.5311e-08
2.32079e-22
5.19963e-26
-2.33021e-09
0
-2.22953e-27
1.51846e-08
0
0
-1.16688e-09
0
0
7.57129e-09
4.8039e-21
2.62491e-21
1.02195e-19
1.94617e-22
4.6615e-21
-1.71473e-20
0
0
1.62554e-19
0
0
1.58443e-20
-1.17147e-21
5.47778e-21
6.86451e-20
-1.9751e-21
0
2.48702e-21
6.38974e-22
6.44153e-21
4.78587e-20
-3.29127e-21
-1.19757e-20
-4.90598e-20
8.13155e-21
5.57938e-21
3.60778e-20
-3.61821e-22
2.64817e-21
1.49783e-20
-1.77989e-20
-1.05079e-20
1.16608e-20
1.72623e-20
-3.19964e-20
2.19262e-20
-3.21566e-19
-4.68501e-20
3.51198e-21
3.60574e-20
-1.68948e-20
-8.73282e-21
-3.69302e-19
-1.41199e-20
9.27264e-20
-2.00398e-21
-5.02329e-21
-8.49017e-21
-2.67533e-19
-1.38628e-22
1.15571e-19
0
-8.24739e-21
-1.50207e-20
-1.44463e-19
1.11057e-21
8.06329e-20
-2.19006e-21
6.61223e-21
1.69331e-21
2.88039e-20
-4.919e-22
3.81545e-20
0
-1.47878e-20
-6.46114e-21
9.98891e-20
-6.37837e-22
-1.14245e-20
2.44672e-21
-1.17055e-21
4.86794e-21
1.05408e-19
-8.50871e-22
5.03727e-21
3.6529e-21
1.55825e-20
8.87001e-21
3.16217e-20
-1.46853e-21
3.88688e-21
5.86813e-21
-9.35458e-21
-6.17283e-21
-3.09588e-20
-5.229e-21
5.87265e-21
2.51744e-21
-1.19584e-21
-1.13063e-21
-6.62465e-20
-1.27822e-20
7.63477e-21
1.09959e-20
5.38377e-22
-6.78093e-21
-8.42764e-20
-1.59352e-21
8.55079e-21
1.24496e-20
-2.46478e-22
-7.62977e-22
-9.07693e-20
-1.60668e-21
8.77735e-21
-1.76896e-21
0
0
-8.75825e-20
1.0116e-20
9.3719e-21
-4.70794e-21
-1.05589e-21
5.55958e-22
-7.04528e-20
1.9511e-20
1.11606e-20
-2.65375e-21
-1.04154e-21
5.15383e-23
-4.51169e-20
2.59023e-20
1.54122e-20
-8.42025e-21
1.44099e-21
-0
-9.67673e-21
2.31761e-20
2.19876e-20
-1.51352e-21
-1.36337e-21
1.33281e-21
2.95178e-20
2.01565e-20
2.74659e-20
-4.49066e-21
5.02347e-22
-0
6.27912e-20
1.40552e-20
2.98697e-20
8.25902e-22
5.90006e-22
-4.14772e-22
7.94281e-20
1.27397e-20
2.36867e-20
9.1644e-22
1.35389e-22
2.46702e-21
7.56338e-20
9.58176e-21
9.69351e-21
1.40775e-21
-2.34125e-22
8.41664e-22
2.85043e-20
6.43447e-21
-6.9593e-21
7.52851e-22
1.97061e-22
-2.39798e-21
-6.44312e-20
5.15626e-22
4.8902e-21
-0
6.00246e-24
5.00523e-22
-2.00783e-19
-2.66374e-21
3.62751e-21
-7.82069e-22
-4.42756e-23
1.41509e-21
-3.51087e-19
-5.16487e-21
3.27161e-20
-1.81716e-22
3.39393e-24
-1.8483e-21
-4.88602e-19
-5.68573e-21
3.98495e-20
-8.07952e-22
3.37898e-23
-3.06981e-21
-5.71492e-19
-7.13411e-14
-7.74509e-06
-3.24301e-22
-4.16586e-15
-9.30967e-06
-5.69059e-19
1.07436e-15
-1.7176e-07
-1.11672e-22
9.8897e-18
-1.1901e-07
-4.78112e-19
-2.15853e-16
-8.82609e-08
-0
-2.61814e-18
-2.98219e-08
-3.22191e-19
5.92992e-17
-3.97438e-08
-5.4807e-22
8.57411e-19
2.38062e-08
-1.46755e-19
-1.67228e-17
-1.26502e-08
-7.34456e-22
-2.70416e-19
5.37804e-08
-4.17843e-21
4.78048e-18
1.48875e-09
-5.90225e-22
8.43817e-20
6.70573e-08
7.00971e-20
-1.37272e-18
7.75054e-09
1.26501e-21
-2.52119e-20
6.74416e-08
7.15432e-20
3.97053e-19
9.14956e-09
3.24985e-22
6.5232e-21
5.67682e-08
2.47464e-20
-1.12516e-19
7.43263e-09
1.35601e-21
-2.48754e-21
3.56416e-08
-3.10992e-20
3.28517e-20
3.58982e-09
-6.71304e-22
2.92293e-21
3.88984e-09
-6.97523e-20
-1.00393e-20
-1.82748e-09
5.04987e-22
-1.32193e-22
-3.91674e-08
-8.42553e-20
1.07786e-21
-8.50244e-09
-9.60882e-22
7.13186e-22
-9.45649e-08
-7.90126e-20
-2.8539e-21
-1.62047e-08
4.78031e-22
-3.00427e-22
-1.63544e-07
-5.92604e-20
-2.03509e-21
-2.46147e-08
-6.47566e-22
-3.31344e-21
-2.46947e-07
-3.25797e-20
-1.67176e-21
-3.26236e-08
-3.61989e-22
8.00401e-22
-3.39015e-07
-8.18963e-21
-9.57624e-22
-3.58981e-08
-1.04659e-22
-2.18745e-21
-3.98875e-07
6.01613e-21
-3.1613e-22
-2.86104e-08
1.69849e-23
1.47413e-21
-3.51532e-07
8.29326e-21
2.75513e-23
-1.59116e-08
-3.32713e-22
-1.58673e-21
-2.24914e-07
3.75356e-21
3.02515e-22
-6.81339e-09
-1.47998e-22
8.67535e-22
-1.16932e-07
-1.2211e-21
2.26232e-22
-2.19434e-09
1.51183e-22
2.78544e-23
-5.11678e-08
-3.01806e-21
5.846e-23
-1.91644e-10
-2.21784e-23
-2.99488e-22
-1.37855e-08
-8.23981e-22
-1.2548e-23
4.84169e-10
-6.18565e-23
3.14698e-22
7.12853e-09
2.69629e-22
-1.13417e-22
5.28484e-10
-4.67031e-23
-3.42723e-22
1.85214e-08
-1.33132e-23
-1.25752e-22
3.00775e-10
2.10774e-23
-5.11792e-23
2.44027e-08
-4.90541e-23
-1.43123e-22
-2.02219e-11
1.09017e-23
8.87883e-23
2.70949e-08
-9.10948e-22
-1.29224e-22
-3.50588e-10
-1.1124e-23
5.26888e-23
2.79539e-08
-2.51899e-21
-1.00384e-22
-6.54883e-10
9.35816e-24
-2.91486e-23
2.77764e-08
-4.21404e-21
-6.43275e-23
-9.21507e-10
-9.36662e-24
-1.48328e-23
2.70328e-08
-4.75452e-21
-3.87501e-23
-1.14984e-09
5.58631e-24
-1.36754e-23
2.60013e-08
-3.87813e-21
-2.00356e-23
-1.34371e-09
4.60137e-25
1.03031e-23
2.4846e-08
-2.23945e-21
-4.34041e-24
-1.50819e-09
-1.13177e-24
5.00661e-24
2.36634e-08
-4.31513e-22
3.32564e-24
-1.64822e-09
1.5529e-24
-2.00261e-24
2.25094e-08
1.12387e-21
5.17531e-24
-1.76802e-09
-9.75189e-25
-2.12781e-24
2.1416e-08
2.18954e-21
6.56212e-24
-1.87099e-09
-3.69377e-25
1.2613e-25
2.04006e-08
2.69116e-21
4.6636e-24
-1.95978e-09
5.12494e-26
-9.45583e-25
1.94723e-08
2.7085e-21
7.07946e-24
-2.0364e-09
4.96185e-26
-8.16864e-25
1.86351e-08
2.39834e-21
4.07056e-24
-2.10234e-09
4.78479e-26
5.66141e-25
1.78902e-08
1.92364e-21
5.64297e-24
-2.15872e-09
-1.0322e-25
-1.15765e-25
1.72374e-08
1.46217e-21
4.01553e-25
-2.20637e-09
-3.26915e-26
1.18265e-25
1.66756e-08
1.23345e-21
3.01445e-24
-2.24591e-09
1.01994e-26
1.52969e-25
1.62034e-08
1.01003e-21
1.05537e-24
-2.27777e-09
0
-8.51704e-26
1.58193e-08
7.83366e-22
1.92785e-26
-2.3023e-09
4.03782e-27
5.15991e-26
1.55221e-08
5.36456e-22
5.44632e-25
-2.31972e-09
-7.92486e-28
-3.72008e-27
1.53107e-08
2.55167e-22
1.00298e-25
-2.33019e-09
-1.42453e-27
3.07969e-27
1.51843e-08
0
0
-1.16687e-09
0
0
7.57116e-09
-1.93141e-20
-9.47585e-22
-9.01302e-20
-0
5.15485e-21
2.87063e-20
0
0
-2.92513e-20
0
0
1.62105e-20
-3.5107e-20
-2.15224e-21
-6.60326e-20
3.91261e-22
-1.35883e-20
1.70247e-21
-3.08365e-20
6.90192e-22
-2.24705e-20
2.1436e-22
1.95335e-20
2.5116e-20
-5.51009e-21
3.84878e-21
1.2975e-20
1.19467e-22
-3.22434e-20
-6.25975e-21
-6.79867e-21
-6.60307e-22
2.12591e-20
-5.53248e-22
9.38161e-21
3.49794e-21
-1.38932e-19
-1.4226e-20
2.89998e-20
-1.38658e-21
-5.21756e-21
1.12957e-22
-2.03549e-19
-8.58083e-21
3.90739e-20
-3.63755e-21
-3.17523e-21
1.29161e-20
-1.35964e-19
-1.7649e-21
2.32843e-21
-2.69087e-21
2.24259e-21
1.26716e-20
-3.0146e-20
-2.31424e-22
-3.3915e-20
-2.3887e-21
-9.19509e-21
-1.44984e-20
8.51619e-20
1.26442e-21
-2.51085e-20
-7.36953e-22
-1.61503e-20
8.79709e-21
1.88827e-19
1.58231e-21
-2.50539e-20
-8.57031e-22
-2.10058e-20
-1.80511e-20
1.59355e-19
3.67513e-23
-8.53155e-21
1.89831e-21
-4.30658e-21
-6.09565e-21
4.11848e-20
-3.45353e-21
-4.55613e-21
-1.10886e-20
2.035e-20
6.94406e-21
-3.04456e-20
-4.46239e-21
4.63141e-21
-1.54707e-21
-4.32005e-21
-2.06642e-21
-7.02947e-20
-3.72079e-21
3.58989e-21
-1.63086e-20
4.36483e-21
0
-1.05333e-19
-3.27282e-21
2.18824e-21
-3.89558e-21
1.48956e-22
-6.60066e-22
-1.26266e-19
-4.12039e-21
1.65726e-21
3.59489e-21
4.65858e-22
-1.31483e-21
-1.33684e-19
6.0075e-21
1.43997e-21
0
2.16484e-21
-2.08376e-22
-1.24731e-19
2.65028e-20
2.49142e-21
9.48163e-21
-2.04184e-21
2.01704e-23
-1.01273e-19
3.57747e-20
4.91058e-21
-6.4899e-21
-2.60358e-22
-1.19888e-21
-6.18504e-20
3.25029e-20
9.24962e-21
9.44677e-21
6.03726e-22
3.55995e-21
-7.18856e-21
3.55304e-20
1.7045e-20
-4.79752e-22
2.08447e-22
-1.26531e-21
5.38249e-20
3.08804e-20
2.55915e-20
-2.33297e-21
-1.36234e-21
-0
1.06664e-19
3.22867e-20
2.97373e-20
1.00985e-21
6.71258e-23
-3.57085e-21
1.20135e-19
2.75866e-20
1.79962e-20
1.57788e-21
-2.56406e-23
5.49343e-21
7.60498e-20
1.75825e-20
5.14085e-22
-2.6011e-21
1.39101e-22
-4.20384e-21
-4.98328e-20
7.06744e-21
-7.54706e-21
-0
-2.07735e-23
-1.95135e-21
-2.42115e-19
2.80785e-22
-2.60556e-20
3.16008e-22
3.12899e-23
2.7705e-21
-4.9539e-19
-3.61583e-21
-1.0029e-21
-5.54624e-22
-3.64454e-25
2.18399e-21
-7.39691e-19
-5.2504e-21
2.21162e-20
6.20231e-22
-3.97652e-23
1.89807e-21
-9.1558e-19
-1.16837e-13
-1.1626e-05
4.4502e-22
-6.62466e-15
-1.42538e-05
-9.55718e-19
-1.39785e-14
-1.61714e-06
-4.61826e-22
-1.37246e-15
-1.87461e-06
-8.38066e-19
-2.8857e-16
-9.55652e-08
-2.32404e-22
-3.38842e-18
-2.74661e-08
-5.83678e-19
7.90568e-17
-4.25901e-08
-0
1.10848e-18
3.02434e-08
-2.64488e-19
-2.22751e-17
-1.33681e-08
3.2793e-22
-3.50683e-19
6.1714e-08
1.42055e-20
6.3687e-18
1.7018e-09
8.72512e-22
1.09033e-19
7.50053e-08
1.68231e-19
-1.83007e-18
8.2644e-09
-3.7772e-22
-3.42807e-20
7.44438e-08
1.80446e-19
5.2965e-19
9.61822e-09
3.40172e-22
1.00848e-20
6.20673e-08
9.16759e-20
-1.50615e-19
7.64155e-09
-9.72894e-22
-6.02915e-22
3.84741e-08
-2.8597e-20
4.37618e-20
3.36855e-09
-1.15438e-21
-3.10203e-23
3.29124e-09
-8.67471e-20
-1.32796e-20
-2.66911e-09
1.0643e-22
-7.05456e-23
-4.46465e-08
-9.44517e-20
1.81853e-21
-1.0248e-08
1.10113e-21
-1.61792e-21
-1.07421e-07
-9.31872e-20
-3.1638e-21
-1.93693e-08
-3.81421e-22
2.86923e-21
-1.88677e-07
-7.39339e-20
-1.94193e-21
-3.03085e-08
6.95798e-22
4.42448e-21
-2.95626e-07
-4.20752e-20
-1.89983e-21
-4.41065e-08
1.98947e-22
-4.03976e-21
-4.47046e-07
-1.08141e-20
-1.11041e-21
-5.68426e-08
-1.12385e-20
-3.97816e-21
-6.16747e-07
3.94746e-21
2.7019e-23
-4.60733e-08
9.37537e-21
1.87839e-21
-5.53397e-07
1.48988e-21
6.01499e-22
-2.18057e-08
-1.53524e-22
6.43534e-22
-3.01419e-07
-8.46405e-21
6.97489e-22
-8.38636e-09
8.90038e-23
7.68907e-22
-1.40205e-07
-1.51927e-20
5.77079e-22
-2.6638e-09
-2.48616e-22
-2.40101e-22
-6.01386e-08
-1.66051e-20
3.76647e-22
-3.12287e-10
4.51379e-23
5.59182e-22
-1.75467e-08
-1.07647e-20
1.66398e-22
4.75042e-10
-5.05435e-23
-2.76354e-22
5.46187e-09
-2.25495e-21
-3.96646e-24
5.51061e-10
3.41652e-23
-5.24692e-23
1.77556e-08
-1.00532e-21
-7.33755e-23
3.28143e-10
-3.60529e-23
3.36738e-23
2.40417e-08
-1.6054e-24
-8.49347e-23
3.65281e-12
2.98858e-23
2.63662e-23
2.69217e-08
-3.68012e-22
-9.22735e-23
-3.3195e-10
-1.90859e-24
2.90977e-23
2.78697e-08
-1.72011e-21
-8.97149e-23
-6.41076e-10
1.15738e-23
2.63507e-23
2.77351e-08
-2.96427e-21
-4.72309e-23
-9.11577e-10
-7.73034e-24
5.05021e-23
2.70124e-08
-3.13146e-21
-3.19148e-23
-1.14283e-09
-4.8065e-24
-1.8002e-23
2.5991e-08
-2.24354e-21
-1.58215e-23
-1.33882e-09
-3.80339e-24
1.27019e-23
2.48406e-08
-7.86642e-22
-3.73641e-24
-1.50482e-09
-1.17009e-24
-1.12451e-23
2.36604e-08
7.74079e-22
5.30794e-24
-1.64591e-09
0
6.9866e-24
2.25075e-08
2.07448e-21
1.35382e-23
-1.76645e-09
4.48527e-25
-3.24265e-24
2.14147e-08
2.90605e-21
1.18575e-23
-1.86994e-09
0
2.2755e-24
2.03996e-08
3.20893e-21
1.05083e-23
-1.95908e-09
5.83833e-25
6.36442e-25
1.94714e-08
3.06314e-21
1.07932e-23
-2.03593e-09
-1.5421e-25
6.16719e-26
1.86343e-08
2.61596e-21
2.7942e-24
-2.10203e-09
-1.73546e-25
-5.07478e-25
1.78895e-08
2.02864e-21
4.33872e-24
-2.15852e-09
0
-5.25048e-25
1.72368e-08
1.49587e-21
4.59009e-24
-2.20624e-09
5.65057e-27
4.09419e-26
1.6675e-08
1.25735e-21
2.74494e-24
-2.24583e-09
2.11663e-26
5.21266e-26
1.62029e-08
1.02576e-21
1.14157e-24
-2.27773e-09
1.68985e-26
-1.47445e-26
1.58189e-08
7.91483e-22
6.00967e-25
-2.30227e-09
-1.04938e-26
2.28048e-26
1.55217e-08
5.3819e-22
9.99175e-25
-2.31971e-09
0
-1.32491e-26
1.53103e-08
2.54009e-22
-5.59106e-26
-2.33019e-09
4.95631e-28
1.56152e-27
1.51839e-08
0
0
-1.16687e-09
0
0
7.57098e-09
-9.97781e-21
-5.86962e-22
-5.01302e-20
-2.18341e-23
1.84084e-21
-2.50575e-20
0
0
-3.87805e-20
0
0
1.17448e-20
-1.41614e-20
-7.53316e-22
-2.77378e-20
-2.70989e-22
4.62489e-21
-5.51676e-21
-5.15373e-21
-3.8509e-22
-1.72349e-21
-3.03393e-23
1.57019e-20
-2.82767e-20
1.79583e-21
-0
1.84957e-20
-1.36789e-21
-1.0348e-20
-3.04198e-21
-8.61892e-21
-0
3.18475e-21
9.60102e-22
-2.7339e-22
1.8373e-21
-4.01407e-20
-3.2559e-21
-1.16233e-20
-2.7001e-21
4.36431e-22
-4.46764e-21
-3.98963e-20
-2.54515e-21
-5.10095e-20
4.2231e-21
2.96533e-20
6.29306e-21
-7.61998e-21
-1.9284e-21
-6.04809e-20
4.9147e-21
-1.8777e-20
2.90794e-20
8.11459e-20
4.73951e-22
-6.72416e-20
-2.52948e-21
4.48598e-21
0
1.96158e-19
2.2138e-21
-7.23625e-20
-7.6316e-22
7.31636e-21
-1.88782e-20
1.9739e-19
1.36809e-21
-3.79185e-20
-8.73741e-22
1.97649e-20
1.41776e-20
1.99438e-19
4.35744e-22
-2.81012e-20
4.78238e-21
-1.35789e-20
1.98967e-20
5.15573e-20
-2.24239e-21
-1.4078e-21
4.5301e-21
3.44642e-21
-2.17727e-21
-5.1153e-21
-3.75106e-21
9.2788e-22
-2.55644e-21
-1.99798e-21
4.7615e-21
-6.17549e-20
-3.93069e-21
4.00603e-22
1.10524e-20
-6.21641e-22
0
-9.86955e-20
-5.12111e-21
-2.10184e-21
6.6897e-21
8.85264e-23
-5.79127e-22
-1.28809e-19
-6.39328e-21
-7.70336e-21
1.75782e-21
-1.59047e-21
-3.67857e-22
-1.50988e-19
3.21955e-21
-1.0842e-20
-2.10274e-20
4.52812e-22
-4.59305e-22
-1.63319e-19
8.23754e-21
-1.5554e-20
6.59889e-22
5.24867e-22
3.47693e-22
-1.57272e-19
2.69266e-20
-1.88688e-20
1.3694e-20
-1.58187e-21
7.79803e-22
-1.2577e-19
2.18754e-20
-1.97979e-20
-1.53343e-21
-3.59092e-22
-2.02176e-21
-6.57587e-20
4.32787e-20
-1.41732e-20
0
7.85855e-22
2.4966e-21
1.7778e-20
4.15735e-20
3.54919e-21
0
7.62328e-23
-7.25503e-21
1.01593e-19
4.13415e-20
2.70121e-20
-4.36916e-22
0
1.51201e-21
1.55229e-19
3.45873e-20
4.05726e-20
3.57944e-21
2.28714e-22
9.03372e-21
1.43705e-19
2.52882e-20
1.82928e-20
-5.16879e-21
-1.54793e-22
-1.77154e-21
1.35879e-20
1.31761e-20
3.59895e-21
1.51824e-21
-6.38804e-23
1.28501e-21
-2.23296e-19
4.82751e-21
-4.07468e-20
-0
-1.5786e-23
-6.87429e-22
-5.51775e-19
-6.6035e-22
-3.45363e-20
1.47969e-21
-9.47144e-24
-5.07753e-21
-9.07248e-19
-2.08584e-21
-2.92373e-20
1.03598e-21
4.6783e-23
9.06007e-21
-1.18678e-18
-2.98727e-21
4.56273e-21
2.23258e-22
-7.95711e-23
-3.39201e-21
-1.29167e-18
-3.17033e-14
-3.1273e-06
-3.48328e-22
-2.80877e-15
-3.76509e-06
-1.17223e-18
3.82905e-16
-1.01389e-07
-2.33983e-22
4.55079e-18
-3.20462e-08
-8.3327e-19
-1.04335e-16
-4.53024e-08
-0
-1.48854e-18
2.89981e-08
-3.45167e-19
2.93056e-17
-1.45209e-08
-4.95344e-22
4.70226e-19
6.2099e-08
1.1849e-19
-8.36304e-18
1.27808e-09
-3.61713e-22
-1.45672e-19
7.61605e-08
3.70497e-19
2.40552e-18
8.17877e-09
4.75242e-22
4.49207e-20
7.59408e-08
3.89317e-19
-6.90838e-19
9.67945e-09
-5.13478e-22
-1.21473e-20
6.36925e-08
2.3652e-19
2.00233e-19
7.76052e-09
4.14133e-22
2.71356e-21
4.01229e-08
-3.02823e-21
-5.68006e-20
3.50489e-09
-1.06458e-21
-1.9856e-21
4.91486e-09
-2.47573e-19
1.55642e-20
-2.53228e-09
-0
2.78252e-21
-4.30672e-08
-2.20845e-19
-6.12463e-21
-1.01166e-08
-7.67178e-22
-1.31471e-22
-1.05888e-07
-1.80979e-19
-5.11921e-22
-1.9244e-08
7.36189e-22
-3.41193e-21
-1.87178e-07
-1.33082e-19
-2.20309e-21
-3.0187e-08
-8.77091e-22
3.53563e-22
-2.94131e-07
-8.0979e-20
-1.15961e-21
-4.39832e-08
3.39786e-22
-4.30116e-21
-4.45488e-07
-2.796e-20
-3.79893e-22
-5.67199e-08
-1.1747e-20
4.51195e-21
-6.15168e-07
-1.78067e-20
7.7176e-22
-4.59864e-08
9.11836e-21
2.839e-21
-5.52289e-07
-6.52085e-20
1.11309e-21
-2.17646e-08
7.61109e-23
-3.09979e-21
-3.00922e-07
-8.56856e-20
1.08544e-21
-8.36822e-09
2.95358e-22
1.85413e-21
-1.4001e-07
-8.85756e-20
8.70684e-22
-2.65542e-09
0
-7.50344e-22
-6.00677e-08
-7.37095e-20
6.07884e-22
-3.08405e-10
4.50513e-23
5.96483e-22
-1.75291e-08
-3.66903e-20
3.65331e-22
4.76786e-10
-1.26184e-23
8.52614e-23
5.45702e-09
-1.17134e-20
1.78805e-22
5.51779e-10
0
-1.87397e-24
1.77423e-08
-3.30625e-21
4.92158e-23
3.28375e-10
7.20488e-24
-1.53942e-22
2.40263e-08
-2.26897e-24
-2.50217e-23
3.66277e-12
-5.2268e-23
-6.70807e-23
2.69069e-08
6.07001e-22
-3.30408e-23
-3.32033e-10
-1.1446e-23
-3.71257e-23
2.78566e-08
-7.70618e-23
-3.44086e-23
-6.4119e-10
1.34975e-23
-5.02628e-23
2.7724e-08
-7.83199e-22
-3.94855e-23
-9.11693e-10
-5.79596e-24
-1.92293e-23
2.70031e-08
-8.56631e-22
-1.77764e-23
-1.14294e-09
2.88318e-24
-1.64907e-23
2.59833e-08
-2.66181e-22
-4.8093e-24
-1.33892e-09
-4.75327e-25
5.00929e-24
2.48344e-08
7.56488e-22
6.19233e-24
-1.5049e-09
-1.63785e-24
-7.92415e-24
2.36553e-08
1.8814e-21
3.73144e-24
-1.64598e-09
1.37665e-24
5.46785e-24
2.25035e-08
2.80902e-21
9.50928e-24
-1.76651e-09
-5.60596e-25
-6.63389e-24
2.14114e-08
3.35608e-21
1.23037e-23
-1.86998e-09
-2.18497e-25
2.098e-24
2.03969e-08
3.46177e-21
7.16753e-24
-1.95911e-09
1.06143e-25
-2.11448e-24
1.94693e-08
3.18672e-21
5.4235e-24
-2.03596e-09
-2.313e-25
-1.19233e-24
1.86326e-08
2.6544e-21
7.25743e-24
-2.10205e-09
2.4791e-25
1.05173e-24
1.78881e-08
2.0117e-21
6.23535e-24
-2.15854e-09
-3.56662e-26
-1.32888e-25
1.72357e-08
1.45255e-21
2.74037e-24
-2.20626e-09
5.65036e-26
-3.34981e-26
1.66741e-08
1.2157e-21
2.77662e-24
-2.24584e-09
-4.76226e-26
-9.47762e-27
1.62021e-08
9.87026e-22
2.19998e-24
-2.27774e-09
0
6.78249e-26
1.58182e-08
7.57136e-22
6.26341e-25
-2.30228e-09
-2.0987e-27
-1.40338e-26
1.55211e-08
5.11382e-22
4.04049e-25
-2.31972e-09
8.25159e-28
-1.51419e-26
1.53098e-08
2.39885e-22
2.10644e-25
-2.3302e-09
0
7.80765e-27
1.51834e-08
0
0
-1.16688e-09
0
0
7.57075e-09
-3.51269e-21
-1.4964e-22
-2.81861e-20
-2.24994e-23
3.35211e-21
1.76189e-22
0
0
-2.81955e-20
0
0
-2.69741e-21
-1.93151e-21
-9.75623e-23
-1.2818e-20
-2.33556e-24
-5.25782e-21
1.42539e-20
2.45756e-21
5.84434e-23
0
-5.69885e-22
3.1921e-21
1.17907e-21
1.97534e-21
-2.35761e-22
4.56487e-21
1.54832e-21
-4.71413e-22
3.48977e-21
-6.27174e-21
-1.97898e-22
-5.73226e-21
2.98024e-21
7.39467e-23
2.08887e-21
-8.91309e-21
-9.1219e-22
-2.35794e-20
5.36337e-22
3.16971e-21
6.43828e-22
2.03938e-20
-8.47427e-22
-7.18914e-20
7.76616e-22
-1.92625e-20
-1.13593e-21
5.94652e-20
1.0238e-22
-1.03294e-19
-2.07049e-21
3.25221e-20
-4.46735e-20
1.1163e-19
1.05583e-21
-8.4658e-20
2.58429e-21
2.82667e-20
-7.85817e-21
2.11854e-19
1.24186e-21
-6.71289e-20
0
-6.07489e-21
-1.6513e-20
2.13789e-19
9.49248e-22
-5.42181e-20
4.30353e-22
3.21244e-20
9.15235e-21
1.42881e-19
-2.55146e-21
-1.40968e-20
-5.12138e-21
-1.46475e-20
-1.22508e-20
6.35132e-20
-7.32759e-21
-5.55957e-21
2.42704e-21
1.96416e-20
1.4287e-20
2.44018e-21
-3.34396e-21
-8.33613e-22
4.89194e-22
-3.18445e-21
-1.1434e-20
-4.04558e-20
-1.39109e-20
-1.17061e-21
-4.77413e-22
1.1113e-21
2.82494e-21
-6.46287e-20
-1.06946e-20
-3.14516e-21
-1.12837e-20
7.23467e-23
5.13768e-22
-9.06862e-20
-1.19315e-20
-1.00264e-20
-6.60488e-21
1.43135e-21
0
-1.08687e-19
-8.37165e-21
-1.2806e-20
9.45963e-21
8.75792e-22
-2.20497e-22
-1.30832e-19
-1.44252e-21
-2.13262e-20
6.13076e-21
-1.50412e-21
-3.92635e-22
-1.5885e-19
2.7816e-21
-3.5325e-20
-1.94341e-21
-1.24242e-21
1.65659e-21
-1.49979e-19
-1.20351e-21
-4.52519e-20
-5.59342e-21
8.83307e-22
-1.8159e-21
-1.0807e-19
1.77132e-20
-4.74379e-20
8.29565e-21
-1.2171e-21
9.29918e-22
-2.47806e-20
1.67105e-20
-3.2841e-20
-3.7659e-20
0
3.15803e-21
2.77171e-19
-3.96166e-20
1.12103e-20
3.17019e-20
-7.05606e-23
-1.37825e-21
2.94013e-19
-2.99151e-20
8.07797e-20
4.57705e-21
0
-4.21222e-21
3.22352e-19
-1.87221e-20
1.1135e-19
-2.95101e-21
5.24977e-23
-0
2.14749e-19
-1.16608e-20
9.97192e-20
-0
-2.81518e-23
2.57207e-21
-3.22393e-20
-1.06139e-20
7.84105e-20
-9.3333e-22
6.79555e-24
-2.07457e-21
-4.41293e-19
-3.44004e-21
-1.32731e-20
-7.28018e-22
-1.27321e-23
1.46604e-21
-9.0111e-19
1.70787e-21
-7.49036e-20
-1.22133e-21
8.81918e-23
2.29827e-21
-1.26157e-18
3.03528e-21
-6.62141e-20
4.37988e-22
9.23722e-23
-8.43031e-21
-1.41567e-18
-3.10492e-14
-3.17057e-06
-0
-2.66022e-15
-3.84255e-06
-1.30496e-18
3.71015e-16
-1.05102e-07
-5.71638e-23
4.31864e-18
-4.33947e-08
-9.14799e-19
-1.00317e-16
-4.75453e-08
-2.79867e-22
-1.41588e-18
1.98305e-08
-2.8318e-19
2.80517e-17
-1.60081e-08
8.57026e-22
4.47769e-19
5.45235e-08
3.74943e-19
-7.98114e-18
2.38684e-10
5.01873e-23
-1.39047e-19
7.00567e-08
7.16683e-19
2.29132e-18
7.47684e-09
-4.14579e-22
4.15707e-20
7.14589e-08
7.5379e-19
-6.57288e-19
9.30323e-09
-5.79469e-22
-1.24317e-20
6.11807e-08
5.76089e-19
1.89909e-19
7.75545e-09
1.30824e-21
2.30725e-21
4.01387e-08
2.73967e-19
-5.38432e-20
3.96426e-09
-6.67946e-22
7.16442e-22
8.31971e-09
-1.93899e-19
1.53053e-20
-1.45158e-09
4.17829e-22
-1.30593e-21
-3.48738e-08
-4.91645e-19
-5.19915e-21
-8.14386e-09
-4.43771e-22
-2.91003e-21
-9.04323e-08
-4.40332e-19
1.33596e-22
-1.58681e-08
6.86542e-22
2.23235e-21
-1.59572e-07
-2.96357e-19
-1.38997e-21
-2.42992e-08
-8.30381e-22
6.92508e-22
-2.43126e-07
-1.51098e-19
-4.51652e-22
-3.23302e-08
-3.28739e-22
3.65956e-21
-3.35387e-07
-2.08057e-20
1.89043e-22
-3.56459e-08
-2.6068e-22
1.7147e-21
-3.95727e-07
-1.41869e-20
9.33346e-22
-2.84346e-08
-1.6749e-22
-3.20276e-21
-3.49369e-07
-1.03186e-19
1.23853e-21
-1.5815e-08
-3.8216e-23
-1.65903e-21
-2.23787e-07
-1.28186e-19
1.17141e-21
-6.76599e-09
-2.92236e-23
1.42381e-21
-1.16443e-07
-1.17124e-19
9.50239e-22
-2.17164e-09
-1.12474e-22
-5.7108e-22
-5.0987e-08
-7.97783e-20
6.80507e-22
-1.80946e-10
-6.61658e-23
1.05714e-22
-1.37443e-08
-3.88826e-20
4.30413e-22
4.89005e-10
1.10894e-22
-3.48454e-22
7.1098e-09
-1.45985e-20
2.42018e-22
5.30468e-10
-3.99108e-23
8.65915e-23
1.84802e-08
-3.97467e-21
1.17382e-22
3.01398e-10
2.80384e-23
-6.28169e-23
2.43563e-08
4.90542e-22
1.17844e-23
-2.02219e-11
3.26463e-23
-1.50502e-24
2.70508e-08
1.90216e-21
8.41446e-24
-3.50847e-10
-1.11083e-23
-1.9516e-24
2.7915e-08
1.81175e-21
-8.9145e-24
-6.55226e-10
0
2.02788e-23
2.77433e-08
1.36433e-21
-5.68234e-24
-9.21853e-10
9.3581e-25
-3.54362e-23
2.70053e-08
1.16948e-21
-6.62125e-24
-1.15016e-09
-4.65183e-24
2.97659e-23
2.59787e-08
1.39859e-21
3.0259e-24
-1.34398e-09
-9.19723e-25
-2.13059e-23
2.48276e-08
1.9688e-21
8.37478e-24
-1.50842e-09
1.80995e-24
-2.04826e-24
2.36485e-08
2.65907e-21
1.124e-23
-1.64841e-09
4.43509e-25
3.78286e-24
2.24974e-08
3.23172e-21
1.40031e-23
-1.76817e-09
-7.5823e-25
1.25739e-24
2.14063e-08
3.52757e-21
1.1081e-23
-1.87112e-09
1.05507e-25
1.63974e-24
2.03928e-08
3.48003e-21
1.22419e-23
-1.95988e-09
5.12379e-26
1.85011e-25
1.9466e-08
3.12628e-21
2.90396e-24
-2.03648e-09
-1.48827e-25
6.42794e-25
1.863e-08
2.56263e-21
5.71713e-24
-2.1024e-09
7.17605e-26
1.56781e-25
1.78861e-08
1.91572e-21
3.04238e-24
-2.15877e-09
-1.14674e-25
5.64717e-26
1.72341e-08
1.36571e-21
6.14769e-25
-2.20642e-09
4.35838e-26
1.60115e-25
1.66728e-08
1.13726e-21
3.66944e-25
-2.24595e-09
-2.54961e-26
-7.41681e-26
1.62011e-08
9.18101e-22
2.51522e-24
-2.27781e-09
1.62722e-26
-7.79536e-26
1.58174e-08
6.99764e-22
1.08652e-25
-2.30233e-09
-4.03751e-27
-1.37599e-26
1.55204e-08
4.6946e-22
4.95018e-25
-2.31975e-09
7.9243e-28
9.30031e-27
1.53092e-08
2.18934e-22
7.30392e-26
-2.33022e-09
-1.42444e-27
-0
1.51829e-08
0
0
-1.16689e-09
0
0
7.57047e-09
-3.21882e-21
-4.01276e-23
-1.79825e-20
4.02595e-23
0
-5.59623e-21
0
0
-1.95395e-20
0
0
2.15683e-21
-2.3398e-21
-5.89794e-23
-5.9252e-21
-1.24103e-22
-1.3549e-21
-3.32813e-21
1.04585e-21
-2.00176e-23
-2.89116e-21
5.59857e-22
-3.36969e-21
6.70545e-22
1.38372e-21
6.46327e-23
-5.54582e-21
8.39137e-22
2.66778e-23
7.1434e-23
-1.48773e-21
-5.71873e-23
-1.56153e-20
-3.96136e-22
1.02443e-21
-5.86862e-21
8.33894e-21
-1.01168e-23
-2.3818e-20
2.35523e-21
-3.10143e-21
-2.22243e-21
4.35136e-20
5.70446e-23
-5.51102e-20
-4.84559e-21
3.75081e-20
-3.25047e-21
6.80906e-20
2.55913e-22
-9.05551e-20
-5.18918e-22
-2.59e-20
2.42686e-20
1.11599e-19
-1.96233e-22
-1.01396e-19
0
1.40483e-20
2.55333e-20
1.2232e-19
7.46437e-23
-6.71036e-20
0
-1.682e-20
-5.34607e-21
1.27158e-19
6.49409e-22
-3.39886e-20
-8.1303e-22
1.17134e-21
1.0907e-21
6.97421e-20
-2.15485e-21
-1.94392e-20
3.26057e-21
-1.22389e-20
-8.38568e-21
4.36287e-20
-2.16366e-21
1.67015e-22
-1.79574e-21
-1.25507e-20
-6.65573e-21
8.78348e-21
-9.05753e-21
-3.29841e-23
-1.03197e-20
5.79805e-21
4.05796e-21
-1.18919e-20
-8.34555e-21
-6.45268e-22
-1.30369e-21
-0
6.44108e-22
-2.03307e-20
-1.16846e-20
-4.13831e-22
4.07862e-21
-9.51832e-23
4.60215e-22
-3.64133e-20
-1.02514e-20
-9.27259e-22
7.77613e-21
-1.28488e-22
1.34619e-21
9.60529e-20
6.43912e-21
2.49146e-20
-2.58997e-21
-1.55816e-21
-3.90305e-23
1.52015e-19
3.32242e-20
4.58739e-20
-1.89076e-21
4.42811e-22
-7.59787e-22
1.89474e-19
6.46588e-20
5.10509e-20
4.96124e-21
3.04075e-21
-1.00653e-21
2.75068e-19
8.84394e-20
4.93544e-20
-6.85793e-21
5.70615e-22
-1.02955e-21
4.56906e-19
1.02741e-19
2.66421e-20
3.97736e-21
2.19349e-22
-1.35256e-22
1.76339e-19
4.21146e-20
-1.24884e-20
-4.59028e-21
1.46942e-22
3.27537e-21
4.18676e-20
-7.128e-20
1.08413e-21
7.41393e-21
-5.44109e-23
-0
2.72224e-19
-7.15142e-20
8.42956e-20
3.78646e-21
1.57189e-23
-8.43311e-21
3.11855e-19
-3.76686e-20
1.31522e-19
2.1996e-21
2.50729e-23
2.36786e-21
2.41228e-19
-1.37654e-20
1.12316e-19
-9.79426e-22
-6.32285e-24
-6.51728e-22
2.66768e-20
-3.62759e-21
5.66334e-20
-9.03559e-22
-1.96926e-23
1.41018e-21
-3.22837e-19
3.25559e-21
-3.9349e-20
3.50275e-22
8.07578e-24
-5.25979e-21
-7.2852e-19
1.06031e-20
-1.02708e-19
-1.17001e-21
3.59909e-23
1.58479e-21
-1.07165e-18
-1.23445e-13
-1.30674e-05
-1.04484e-22
-6.16046e-15
-1.66824e-05
-1.21424e-18
-1.32625e-14
-1.72212e-06
-4.31431e-22
-1.19397e-15
-2.06353e-06
-1.08534e-18
-2.89185e-16
-1.05373e-07
5.93537e-22
-3.29975e-18
-6.00576e-08
-6.61539e-19
7.74777e-17
-4.86015e-08
-2.10429e-22
1.08369e-18
3.541e-09
2.4337e-20
-2.1528e-17
-1.74573e-08
-1.75502e-22
-3.43337e-19
3.93839e-08
7.25956e-19
6.10108e-18
-1.24354e-09
-2.8083e-22
1.06698e-19
5.67958e-08
1.10655e-18
-1.74532e-18
6.20269e-09
-9.36254e-23
-3.19735e-20
6.0828e-08
1.18542e-18
5.01487e-19
8.43447e-09
-1.3888e-22
1.06379e-20
5.40422e-08
1.06177e-18
-1.42664e-19
7.47219e-09
-4.27138e-22
-4.00145e-21
3.75751e-08
7.81566e-19
4.15687e-20
4.46396e-09
5.70224e-23
-7.78023e-23
1.18113e-08
3.40282e-19
-1.14145e-20
8.60976e-11
1.17356e-22
1.48076e-21
-2.31295e-08
-8.48083e-20
3.02539e-21
-5.19372e-09
2.58971e-22
3.2447e-22
-6.68992e-08
-2.32019e-19
-1.42969e-21
-1.09047e-08
-5.20532e-22
2.16578e-21
-1.18109e-07
-1.80447e-19
-2.27528e-22
-1.63063e-08
9.53607e-22
-1.74347e-21
-1.72301e-07
-7.45215e-20
-2.24711e-22
-1.99702e-08
-0
-1.33048e-21
-2.17138e-07
-7.87069e-21
3.51391e-22
-1.99309e-08
3.00216e-23
2.16549e-21
-2.30961e-07
-8.26652e-21
7.65976e-22
-1.57518e-08
-1.4576e-22
1.72421e-21
-2.01536e-07
-5.37162e-20
9.76045e-22
-9.67598e-09
3.85237e-23
-5.78727e-22
-1.42629e-07
-8.71601e-20
9.65441e-22
-4.53714e-09
5.71064e-23
-8.40879e-22
-8.16616e-08
-7.85447e-20
8.00489e-22
-1.44638e-09
0
-8.20025e-22
-3.61322e-08
-5.20014e-20
5.94212e-22
7.55416e-12
-4.21415e-23
2.20414e-22
-7.08422e-09
-2.66307e-20
3.99544e-22
4.92978e-10
2.34086e-23
5.12154e-23
1.01876e-08
-1.0762e-20
2.38117e-22
4.80145e-10
-1.88747e-23
7.32666e-23
1.99318e-08
-2.45345e-21
1.31003e-22
2.4352e-10
6.60758e-24
-8.66411e-24
2.50474e-08
1.62513e-21
5.92654e-23
-7.05795e-11
-2.04593e-23
1.01476e-22
2.73788e-08
3.1728e-21
5.4911e-24
-3.90395e-10
-3.47272e-24
-0
2.80672e-08
3.29129e-21
-8.1364e-25
-6.84746e-10
-1.74994e-24
5.49675e-23
2.78102e-08
2.88462e-21
1.52026e-24
-9.43249e-10
-5.24694e-24
8.56291e-24
2.70312e-08
2.52728e-21
-4.08768e-24
-1.16537e-09
2.60446e-24
3.55093e-24
2.59854e-08
2.45742e-21
7.45022e-24
-1.35465e-09
3.42863e-24
1.02503e-23
2.48259e-08
2.66868e-21
9.75518e-24
-1.51583e-09
0
7.76095e-24
2.36436e-08
3.01144e-21
9.83811e-24
-1.65351e-09
4.12511e-25
8.43494e-25
2.24918e-08
3.30575e-21
8.84802e-24
-1.77167e-09
4.02666e-25
7.3348e-25
2.14011e-08
3.41608e-21
4.04687e-24
-1.8735e-09
9.79849e-26
-2.21238e-24
2.03883e-08
3.27382e-21
8.18957e-24
-1.9615e-09
1.90219e-25
-5.45801e-25
1.94623e-08
2.89561e-21
5.34911e-25
-2.03756e-09
2.30082e-26
1.19383e-24
1.86271e-08
2.35241e-21
5.6178e-24
-2.10313e-09
1.55226e-25
-1.98291e-25
1.78838e-08
1.74746e-21
1.54534e-24
-2.15926e-09
-8.49945e-26
-2.78639e-25
1.72323e-08
1.23836e-21
4.91933e-25
-2.20674e-09
8.06998e-26
3.04023e-25
1.66714e-08
1.02563e-21
3.23331e-24
-2.24615e-09
1.41488e-26
6.16716e-26
1.62e-08
8.22873e-22
2.84629e-26
-2.27794e-09
1.07354e-26
3.84748e-26
1.58165e-08
6.22911e-22
1.33316e-25
-2.30241e-09
1.48864e-26
-1.31337e-26
1.55197e-08
4.14934e-22
6.02867e-25
-2.31979e-09
-7.28192e-28
8.9165e-27
1.53085e-08
1.92222e-22
-1.13377e-25
-2.33025e-09
-4.34326e-28
2.97277e-27
1.51823e-08
0
0
-1.1669e-09
0
0
7.57017e-09
-4.04205e-21
1.99451e-23
-2.03194e-20
-2.29343e-23
-4.68349e-23
-3.52035e-21
0
0
-7.04071e-21
0
0
2.26658e-21
-5.17402e-21
8.79136e-24
-1.86202e-20
-2.59579e-22
4.01922e-22
2.48765e-22
-3.66664e-21
-1.27863e-23
-1.74101e-20
8.20462e-23
-2.69752e-22
3.52539e-21
-1.45869e-21
2.18493e-23
-2.68609e-20
0
-9.53754e-22
-4.02712e-22
1.6308e-21
2.10324e-22
-3.23482e-20
0
-5.59062e-21
7.09016e-22
1.38181e-20
-5.07819e-22
-5.48677e-21
-1.77932e-21
8.0465e-21
6.29894e-21
3.788e-20
-9.6099e-22
-4.6055e-20
3.91199e-22
-2.43435e-20
-1.66788e-20
7.13997e-20
-9.53794e-22
-2.84708e-20
1.71003e-21
-4.55377e-20
1.69039e-21
9.14335e-20
-1.49339e-21
-5.78266e-20
5.81584e-22
2.0668e-20
1.14952e-20
8.6856e-20
-2.68618e-21
-4.0705e-20
1.65782e-22
-3.88005e-20
-1.02035e-21
7.15969e-20
-3.22332e-21
-2.533e-20
-5.45335e-22
2.37485e-20
1.43717e-20
2.61867e-20
-5.76779e-21
4.24964e-22
9.61405e-22
-7.33743e-22
-8.8012e-21
8.18036e-21
-6.61489e-21
5.761e-22
2.3603e-21
-0
8.81718e-21
-9.23636e-21
-1.25435e-20
2.13383e-22
2.46071e-21
-1.85378e-21
-5.24057e-21
-1.56237e-20
-1.47677e-20
-1.76453e-21
-2.44579e-21
-6.42701e-22
1.77045e-21
-2.2419e-20
-2.08575e-20
-3.53159e-21
6.36131e-21
9.40333e-23
0
-2.0152e-20
-1.82035e-20
-0
-9.56549e-21
9.31534e-22
-4.72098e-22
-1.69176e-20
-1.3718e-20
6.41014e-21
9.49567e-22
-1.10628e-21
-1.37236e-22
-2.83492e-20
-3.61887e-21
7.10137e-21
3.79473e-21
5.38622e-22
1.35075e-21
2.70314e-20
9.06491e-21
1.88972e-20
-5.29495e-21
-7.01096e-22
8.10125e-22
1.40228e-19
4.72945e-20
3.76693e-20
3.45822e-21
2.29083e-22
-1.2637e-21
1.96676e-19
5.72055e-20
3.17126e-20
-6.91361e-22
6.0267e-23
-4.32489e-21
6.53347e-20
1.98938e-20
-9.34467e-22
-3.23961e-23
-1.78903e-22
-0
-5.70903e-22
-3.59315e-20
6.03989e-21
-1.45988e-21
6.66169e-23
1.01095e-20
1.08998e-19
-4.42683e-20
6.04554e-20
-0
-3.24625e-23
-5.31836e-22
2.13404e-19
-1.90929e-20
8.82529e-20
-3.55083e-21
-2.63624e-23
-0
1.96923e-19
-1.02541e-20
1.01e-19
-4.64438e-22
-8.57481e-24
-4.01065e-21
6.41685e-20
-1.64392e-21
2.3675e-20
-1.41087e-21
1.81149e-23
-0
-1.75744e-19
1.56748e-21
-3.50025e-20
3.57871e-21
1.36317e-24
-0
-4.68283e-19
2.82101e-21
-8.1132e-20
7.19016e-22
-2.48286e-23
3.29616e-21
-7.08787e-19
-7.85125e-14
-9.58694e-06
1.91146e-22
-3.75224e-15
-1.24181e-05
-7.74477e-19
1.07547e-15
-1.93265e-07
-9.78945e-23
8.74546e-18
-1.81321e-07
-6.02708e-19
-2.09247e-16
-1.00275e-07
-9.72591e-23
-2.40181e-18
-7.9442e-08
-1.87364e-19
5.5415e-17
-4.7424e-08
-1.41357e-22
7.90798e-19
-1.80755e-08
3.76836e-19
-1.52753e-17
-1.82326e-08
7.42461e-22
-2.5124e-19
1.79069e-08
8.88814e-19
4.30489e-18
-2.83062e-09
-5.49388e-22
7.74391e-20
3.7128e-08
1.1752e-18
-1.22701e-18
4.49449e-09
-5.28014e-22
-2.35729e-20
4.43334e-08
1.21372e-18
3.50958e-19
7.0492e-09
-4.70068e-22
7.32234e-21
4.20221e-08
1.07591e-18
-9.95591e-20
6.7285e-09
8.75618e-23
-1.54638e-21
3.14499e-08
8.16102e-19
2.89433e-20
4.63052e-09
-3.9477e-22
3.87355e-22
1.3302e-08
4.77738e-19
-7.77479e-21
1.4333e-09
4.83502e-22
-3.81113e-22
-1.17699e-08
1.67368e-19
2.19525e-21
-2.35647e-09
-7.53926e-22
-2.61442e-22
-4.25707e-08
-4.99352e-21
-8.55664e-22
-6.21725e-09
1.83162e-22
-5.65546e-23
-7.65411e-08
-4.10536e-20
-8.65041e-23
-9.46265e-09
-0
-1.42741e-21
-1.08558e-07
-2.02158e-20
-1.22288e-22
-1.12323e-08
-7.57308e-23
4.77123e-22
-1.30344e-07
-1.39238e-21
1.99813e-22
-1.0882e-08
2.04005e-23
2.23417e-22
-1.3348e-07
-3.83327e-21
4.31844e-22
-8.59109e-09
7.50613e-23
-1.54144e-21
-1.15604e-07
-2.17466e-20
5.72876e-22
-5.43049e-09
-9.5438e-23
1.71761e-21
-8.35237e-08
-3.65884e-20
5.88011e-22
-2.61412e-09
0
-4.77454e-22
-4.86222e-08
-3.63854e-20
5.12925e-22
-7.55443e-10
6.72913e-23
9.79867e-23
-1.94275e-08
-2.57124e-20
4.00498e-22
1.71843e-10
-3.87888e-23
1.59062e-22
1.22864e-09
-1.40872e-20
2.80537e-22
4.60247e-10
2.13689e-23
7.06501e-23
1.43618e-08
-5.54328e-21
1.81229e-22
3.89099e-10
-1.14158e-23
1.40036e-22
2.20522e-08
-1.82547e-22
1.04737e-22
1.48133e-10
2.38615e-23
-5.37088e-23
2.61348e-08
2.77991e-21
5.73665e-23
-1.52137e-10
-1.22648e-23
-4.02371e-23
2.79388e-08
3.96127e-21
2.34927e-23
-4.54351e-10
1.55616e-23
2.3036e-23
2.83547e-08
4.00365e-21
1.55122e-23
-7.32617e-10
4.69178e-24
-6.23677e-23
2.79558e-08
3.55295e-21
2.1133e-23
-9.78063e-10
1.24745e-23
-1.12352e-23
2.71027e-08
3.08372e-21
4.2942e-24
-1.1902e-09
-7.72409e-25
1.19171e-23
2.60185e-08
2.82396e-21
6.71903e-24
-1.37211e-09
-2.28381e-24
-7.17849e-24
2.48395e-08
2.79753e-21
6.42698e-24
-1.52797e-09
-3.73555e-25
-8.58707e-24
2.36476e-08
2.9046e-21
9.12651e-24
-1.66188e-09
0
-2.29197e-24
2.24913e-08
3.01029e-21
5.37542e-24
-1.7774e-09
-2.67142e-25
2.99061e-24
2.13988e-08
3.00674e-21
5.04551e-24
-1.87739e-09
-3.46354e-25
-1.7341e-24
2.03855e-08
2.82931e-21
6.51359e-24
-1.96413e-09
8.39731e-26
-4.94743e-25
1.94596e-08
2.4805e-21
2.92364e-24
-2.03934e-09
-2.43573e-25
-3.22404e-25
1.86247e-08
2.00832e-21
3.39986e-24
-2.10432e-09
7.81908e-26
-5.39456e-25
1.78818e-08
1.49076e-21
8.78201e-25
-2.16005e-09
1.87156e-26
-3.11117e-25
1.72307e-08
1.05577e-21
1.11028e-24
-2.20726e-09
0
2.50915e-26
1.66701e-08
8.69808e-22
1.41543e-24
-2.24649e-09
-2.07248e-26
-8.80922e-26
1.61989e-08
6.93482e-22
2.7229e-25
-2.27816e-09
-2.07207e-26
-9.51356e-26
1.58156e-08
5.21247e-22
1.48485e-25
-2.30254e-09
-8.14172e-27
3.30264e-26
1.55189e-08
3.44556e-22
1.40619e-25
-2.31987e-09
-1.90413e-27
-1.64087e-27
1.53079e-08
1.58357e-22
1.83123e-25
-2.33029e-09
5.64302e-28
-6.90765e-28
1.51817e-08
0
0
-1.16691e-09
0
0
7.56988e-09
-4.60572e-21
-2.041e-24
-2.64793e-21
1.04265e-23
2.99444e-24
-1.9494e-21
0
0
1.26525e-20
0
0
-6.51073e-22
-7.80139e-21
-1.35869e-23
-2.20965e-20
9.79112e-23
3.7436e-22
1.1756e-21
-7.82078e-21
-6.99852e-24
-1.57295e-20
1.31e-22
-2.90015e-22
1.70375e-21
-5.48242e-21
5.42951e-23
-2.81768e-20
2.06042e-22
-1.09233e-21
-8.71474e-22
-6.75998e-22
2.21538e-22
-4.59984e-20
1.98695e-22
-6.71524e-22
8.90579e-21
9.43799e-21
-1.29085e-21
1.79944e-20
-2.69229e-22
9.68999e-22
-3.97955e-21
2.28351e-20
-2.30733e-21
0
-5.17884e-22
1.11772e-20
-1.4182e-21
4.01217e-20
-2.7114e-21
7.00562e-21
8.43716e-22
1.2978e-20
-1.41153e-20
5.28462e-20
-1.87262e-21
-3.48518e-20
-6.16902e-22
7.65357e-21
-9.18231e-22
5.8045e-20
-2.87724e-21
-2.42632e-20
4.16152e-22
4.46668e-21
-1.05914e-20
5.12884e-20
-3.74449e-21
-7.45267e-21
7.51685e-23
2.64641e-21
0
2.95374e-20
-4.88263e-21
-1.32979e-21
9.34779e-23
-0
1.81848e-21
4.84571e-21
-8.56687e-21
1.30693e-21
7.98038e-23
-5.33709e-21
-1.63513e-21
-4.27316e-21
-1.39143e-20
-2.05714e-23
1.09778e-21
1.8479e-21
-2.77187e-21
-6.81584e-21
-1.38771e-20
-3.38676e-21
-4.48152e-22
-4.99351e-22
-1.08964e-21
-5.49326e-21
-1.89202e-20
-4.80463e-21
6.06307e-21
-2.48537e-23
3.81905e-22
-4.63176e-21
-1.40639e-20
-3.91645e-21
-2.94487e-21
-5.88069e-22
-1.05765e-22
-1.63311e-20
-2.7498e-20
-3.15274e-21
-2.305e-21
4.60631e-22
5.88319e-23
-2.46765e-20
-2.07866e-20
-2.35731e-21
5.75581e-21
3.95331e-22
-2.29739e-22
-5.54247e-21
-1.43863e-20
7.12296e-21
-5.02997e-22
-1.28914e-22
9.30765e-22
3.62181e-20
0
1.32139e-20
-6.3872e-22
0
-2.25567e-21
4.72329e-20
1.13078e-20
8.98066e-21
0
-1.36357e-22
3.55024e-21
1.0794e-20
-2.87414e-21
-1.80408e-21
-5.22144e-22
1.73429e-23
-4.63249e-21
7.74978e-21
-1.9213e-20
1.28203e-20
2.61563e-22
2.62019e-23
4.62618e-22
7.2155e-20
-2.18055e-20
4.99121e-20
4.57062e-22
5.02744e-24
-0
1.40574e-19
-1.19002e-20
7.90511e-20
-0
-1.19164e-23
8.62541e-21
1.46829e-19
-5.27798e-21
8.25518e-20
1.2453e-21
-2.61146e-24
2.77217e-21
7.54201e-20
-5.59378e-22
2.23312e-20
-1.24526e-21
1.15724e-23
-1.52916e-21
-6.89791e-20
8.99543e-22
-2.27456e-20
-5.68804e-22
-4.03307e-24
-3.30937e-21
-2.37283e-19
6.99345e-21
-5.7928e-20
4.66822e-22
-2.42665e-23
-2.57452e-21
-3.57842e-19
-3.94756e-14
-5.79133e-06
-4.9101e-22
-1.72833e-15
-7.53874e-06
-3.56273e-19
3.63386e-16
-1.66986e-07
2.48989e-22
2.79788e-18
-1.88028e-07
-1.96665e-19
-1.02154e-16
-8.79524e-08
-2.86137e-22
-1.12081e-18
-9.83722e-08
1.01323e-19
2.67396e-17
-4.27455e-08
1.27748e-22
3.70023e-19
-4.25413e-08
4.53071e-19
-7.31023e-18
-1.75463e-08
9.24923e-24
-1.17978e-19
-8.02791e-09
7.42826e-19
2.04822e-18
-4.04846e-09
-2.04731e-22
3.66247e-20
1.24013e-08
8.85793e-19
-5.81706e-19
2.59706e-09
3.69992e-22
-1.11973e-20
2.27941e-08
8.72577e-19
1.65845e-19
5.211e-09
5.72452e-22
3.38728e-21
2.53463e-08
7.45962e-19
-4.68574e-20
5.42197e-09
2.35163e-23
-1.84339e-21
2.12492e-08
5.54335e-19
1.36168e-20
4.1852e-09
-0
5.91836e-22
1.12766e-08
3.42737e-19
-3.64293e-21
2.10169e-09
1.27284e-22
7.2031e-22
-3.73981e-09
1.62622e-19
9.76203e-22
-3.77307e-10
-4.64311e-22
7.7836e-23
-2.24379e-08
5.15348e-20
-4.70854e-22
-2.81893e-09
3.13219e-22
1.56481e-21
-4.24267e-08
7.38232e-21
-1.25272e-22
-4.75231e-09
-8.67214e-23
-1.68795e-22
-5.99746e-08
-5.1455e-22
-1.42097e-22
-5.73466e-09
-7.77855e-23
-0
-7.05362e-08
5.4225e-22
7.12812e-24
-5.54886e-09
-2.73344e-24
-7.64634e-23
-7.05765e-08
-1.64373e-21
1.29235e-22
-4.38314e-09
1.01329e-23
-1.32499e-22
-5.9781e-08
-7.73813e-21
2.17666e-22
-2.77047e-09
-1.43419e-22
5.36812e-23
-4.15961e-08
-1.30332e-20
2.52288e-22
-1.28577e-09
6.08719e-23
-0
-2.13093e-08
-1.37808e-20
2.36578e-22
-2.6526e-10
7.37597e-23
-1.77783e-22
-3.32015e-09
-1.05002e-20
1.97721e-22
2.44657e-10
-5.02948e-23
2.48321e-22
1.02762e-08
-5.83165e-21
1.45999e-22
3.6375e-10
5.48622e-23
-2.82138e-23
1.93701e-08
-1.6479e-21
9.86402e-23
2.44553e-10
-4.84796e-24
-9.47174e-24
2.48219e-08
1.38142e-21
6.09769e-23
7.49132e-12
0
-5.66768e-23
2.76709e-08
3.14844e-21
3.93624e-23
-2.70524e-10
-1.28801e-23
-2.08002e-23
2.8793e-08
3.80761e-21
2.51995e-23
-5.47087e-10
-1.17184e-23
1.64183e-23
2.88298e-08
3.70642e-21
1.13577e-23
-8.0223e-10
2.60801e-24
1.61533e-23
2.82193e-08
3.25968e-21
3.45052e-24
-1.02887e-09
-2.59263e-24
2.35001e-24
2.72477e-08
2.796e-21
8.30626e-24
-1.22655e-09
2.56201e-24
-2.30486e-24
2.60972e-08
2.48321e-21
4.60896e-24
-1.39773e-09
-1.25977e-24
4.51753e-24
2.48812e-08
2.34737e-21
3.21701e-24
-1.54582e-09
-7.71253e-25
9.83323e-25
2.3669e-08
2.32459e-21
4.48761e-24
-1.6742e-09
6.02415e-25
1.49779e-24
2.25017e-08
2.32483e-21
1.99658e-24
-1.78583e-09
5.13222e-25
5.58583e-25
2.14033e-08
2.27107e-21
1.91588e-24
-1.88313e-09
1.42413e-25
-6.37822e-25
2.0387e-08
2.11219e-21
6.999e-27
-1.96801e-09
-1.03474e-25
-1.18862e-25
1.94596e-08
1.84286e-21
5.71434e-25
-2.04194e-09
1.66587e-26
3.87357e-25
1.8624e-08
1.49088e-21
6.56957e-25
-2.10606e-09
-3.20583e-26
4.28597e-25
1.78809e-08
1.10791e-21
5.8042e-25
-2.1612e-09
3.0667e-26
1.30915e-25
1.72298e-08
7.84903e-22
-2.97342e-26
-2.20802e-09
-3.26946e-26
-1.05661e-26
1.66693e-08
6.43866e-22
8.05798e-26
-2.24699e-09
1.01661e-26
2.70148e-26
1.61982e-08
5.10369e-22
-4.27285e-25
-2.27847e-09
7.68805e-27
5.07928e-26
1.5815e-08
3.80972e-22
6.57381e-26
-2.30274e-09
-2.65245e-27
-1.5292e-26
1.55184e-08
2.49959e-22
8.34644e-26
-2.31998e-09
3.60659e-27
7.01468e-27
1.53073e-08
1.14049e-22
-4.75228e-26
-2.33034e-09
1.5189e-28
2.39092e-27
1.51811e-08
0
0
-1.16692e-09
0
0
7.56961e-09
-3.86775e-21
-3.0677e-23
1.07821e-20
-2.53999e-23
6.53226e-23
1.54305e-21
0
0
3.19179e-20
0
0
2.02249e-21
-7.18259e-21
-8.35594e-23
1.86558e-21
1.12544e-23
2.16068e-22
2.54455e-22
-7.79477e-21
-9.23699e-23
-1.32254e-20
-1.13306e-22
6.84148e-22
-3.66994e-21
-6.40296e-21
-5.66608e-23
-2.68915e-20
1.70444e-22
2.91945e-21
4.3039e-21
-3.3801e-21
8.98587e-23
-2.24769e-20
0
-2.73644e-21
-1.15301e-20
1.81453e-21
-1.44197e-21
6.08542e-20
4.19934e-22
6.79015e-22
-9.94425e-21
1.00217e-20
-2.39154e-21
5.25601e-20
1.31932e-22
-8.40443e-22
1.33611e-20
1.87329e-20
-2.31341e-21
1.13129e-20
1.58587e-22
8.58419e-21
-1.68685e-20
2.44573e-20
-2.40374e-21
1.15654e-20
1.83038e-22
-3.99061e-21
1.04865e-20
2.73799e-20
-2.23169e-21
5.31814e-21
-1.78026e-22
-3.85026e-21
-6.34896e-21
2.3053e-20
-3.1817e-21
2.5235e-21
-1.36458e-22
8.53927e-22
1.07848e-20
1.36655e-20
-4.06131e-21
9.99886e-21
6.7988e-22
-2.07213e-21
0
5.27459e-21
-5.34759e-21
4.58765e-21
-4.55711e-22
1.49989e-21
-1.52748e-21
9.59256e-22
-7.0877e-21
-4.93281e-23
-5.55155e-22
-3.09267e-22
-1.94357e-21
1.59399e-21
-8.87391e-21
-3.93277e-21
1.88749e-21
-2.80747e-22
-5.09587e-22
3.56169e-21
-1.23402e-20
-4.25074e-21
-2.10768e-21
-6.27152e-24
7.12803e-22
4.80004e-21
-1.46853e-20
-2.73886e-21
2.69839e-21
2.2084e-22
0
1.03445e-21
-1.58252e-20
-2.93645e-21
-1.13446e-21
-1.44806e-22
0
-1.69428e-21
-1.63341e-20
-1.93007e-21
4.47909e-22
1.262e-22
-4.0612e-22
1.75535e-21
-1.33264e-20
3.06943e-21
-4.79552e-22
-4.1522e-23
6.71303e-22
8.66165e-21
-7.95484e-21
4.16403e-21
1.85065e-22
7.3504e-23
-1.71983e-22
5.55897e-21
-4.76266e-21
-2.61018e-22
-2.75436e-22
7.51058e-23
2.77481e-21
-1.36592e-21
-9.90291e-21
-7.15728e-22
-0
1.16806e-23
3.86855e-22
1.06226e-20
-1.30246e-20
1.6874e-20
-7.19634e-22
0
-4.65955e-22
4.65131e-20
-1.16083e-20
4.6977e-20
1.53325e-21
4.70595e-24
2.73464e-21
8.24576e-20
-5.02827e-21
5.78149e-20
-5.24221e-22
-7.08434e-24
-1.26287e-21
8.68144e-20
-3.2001e-21
6.68738e-20
6.59248e-22
-5.28364e-24
-1.44212e-21
5.74459e-20
-6.57521e-22
1.59622e-20
1.1745e-21
-4.8379e-24
-3.27477e-21
-1.01515e-20
-3.15751e-22
-2.05125e-20
7.75729e-22
-1.31586e-25
3.55133e-21
-8.70374e-20
-7.54879e-14
-1.28456e-05
-2.39879e-22
-1.23953e-15
-1.72922e-05
-1.32006e-19
-1.12472e-14
-2.57009e-06
-1.865e-22
-4.95821e-16
-3.38742e-06
-1.09692e-19
-9.98096e-17
-1.25378e-07
2.80342e-22
-7.19836e-19
-1.853e-07
-1.21039e-20
2.66909e-17
-6.71546e-08
-1.89905e-22
2.79011e-19
-1.14113e-07
1.41112e-19
-6.91152e-18
-3.36291e-08
-6.51789e-23
-9.23482e-20
-6.74234e-08
3.04789e-19
1.87358e-18
-1.47299e-08
2.84037e-22
2.93218e-20
-3.63563e-08
4.27293e-19
-5.22762e-19
-4.44238e-09
-2.47596e-23
-9.20055e-21
-1.5713e-08
4.76136e-19
1.47748e-19
7.9771e-10
-0
2.63769e-21
-2.54157e-09
4.50705e-19
-4.19359e-20
3.06929e-09
-1.1681e-22
-2.5275e-22
4.78921e-09
3.72974e-19
1.2026e-20
3.58049e-09
1.66412e-22
-4.01262e-23
7.19944e-09
2.70638e-19
-3.29619e-21
3.04361e-09
-1.65487e-22
-4.85631e-22
5.32539e-09
1.68567e-19
9.42638e-22
1.90765e-09
2.19592e-23
2.39925e-22
-1.38685e-10
8.67349e-20
-3.33234e-22
5.02382e-10
-1.65299e-23
-1.02578e-22
-8.13724e-09
3.5116e-20
-4.90873e-23
-8.79488e-10
9.11538e-23
2.67668e-22
-1.70235e-08
1.07239e-20
-1.53484e-22
-1.96025e-09
7.96753e-23
-2.1632e-22
-2.45676e-08
2.60424e-21
-1.05607e-22
-2.52022e-09
-1.40218e-23
3.14249e-22
-2.84209e-08
5.83551e-22
-6.62834e-23
-2.48084e-09
-5.85454e-24
2.41124e-22
-2.70073e-08
-6.9982e-22
-1.13529e-23
-1.95568e-09
9.47321e-24
-4.19885e-23
-2.03347e-08
-2.50239e-21
3.28085e-23
-1.20328e-09
-7.48216e-24
-3.45217e-23
-1.00588e-08
-4.00941e-21
5.75042e-23
-4.98953e-10
-9.72398e-24
-2.41929e-22
1.33707e-09
-4.28705e-21
6.66788e-23
-1.83761e-11
2.30071e-23
-1.39716e-22
1.16549e-08
-3.26196e-21
6.14215e-23
1.94942e-10
6.43645e-24
-4.27888e-23
1.9655e-08
-1.55399e-21
5.01221e-23
1.88106e-10
6.94398e-24
4.95248e-23
2.507e-08
1.71671e-22
3.70437e-23
3.89894e-11
1.09525e-23
4.71896e-23
2.82346e-08
1.49851e-21
2.45677e-23
-1.82713e-10
-1.88367e-24
4.52546e-24
2.96987e-08
2.26252e-21
1.58037e-23
-4.28723e-10
1.91636e-24
-9.02887e-24
2.99925e-08
2.49661e-21
9.88654e-24
-6.70888e-10
-3.85666e-24
-1.78998e-23
2.95368e-08
2.36294e-21
3.89694e-24
-8.95374e-10
1.92371e-24
3.92608e-24
2.86345e-08
2.0644e-21
7.85874e-25
-1.09705e-09
-4.76498e-25
-4.29321e-24
2.74905e-08
1.76399e-21
2.02818e-24
-1.27546e-09
9.39044e-25
3.37364e-24
2.62385e-08
1.54489e-21
1.34851e-24
-1.43227e-09
-9.21204e-25
3.67728e-25
2.49629e-08
1.4213e-21
8.46975e-25
-1.56992e-09
4.50226e-25
-4.80587e-25
2.37158e-08
1.36238e-21
1.19387e-24
-1.69084e-09
2.1939e-25
1.56934e-25
2.25282e-08
1.32404e-21
2.86072e-25
-1.79723e-09
-1.06638e-25
9.22083e-25
2.1418e-08
1.26773e-21
5.16729e-25
-1.89088e-09
-1.03429e-25
-2.00591e-25
2.0395e-08
1.16402e-21
-3.71838e-25
-1.97325e-09
0
1.74473e-25
1.94639e-08
1.00702e-21
6.89183e-28
-2.04546e-09
3.62198e-26
-3.41206e-25
1.86262e-08
8.08387e-22
1.41438e-24
-2.10841e-09
-1.16073e-26
7.40417e-26
1.78819e-08
5.93899e-22
3.12771e-25
-2.16276e-09
-1.66431e-26
4.80766e-26
1.72301e-08
4.13979e-22
7.36174e-25
-2.20904e-09
-7.88056e-27
7.76561e-27
1.66693e-08
3.38702e-22
4.72892e-25
-2.24765e-09
1.22436e-26
-3.47882e-26
1.6198e-08
2.67263e-22
-1.42655e-25
-2.27889e-09
-1.11031e-27
3.12166e-27
1.58147e-08
1.98354e-22
4.13986e-25
-2.303e-09
-2.87105e-27
3.7746e-27
1.5518e-08
1.29475e-22
-7.226e-26
-2.32013e-09
0
-2.09308e-27
1.5307e-08
5.90033e-23
2.71966e-26
-2.33041e-09
3.28572e-28
-0
1.51808e-08
0
0
-1.16694e-09
0
0
7.5694e-09
-2.02509e-21
-3.86309e-23
4.60168e-20
3.56867e-24
-6.06301e-23
-9.9882e-22
0
0
5.86055e-20
0
0
-3.22257e-22
-3.76542e-21
-8.59026e-23
2.51209e-20
2.14351e-23
5.48935e-23
5.24981e-23
-4.32883e-21
-1.01237e-22
2.04695e-21
-2.29646e-23
-3.70776e-22
7.55014e-21
-3.90454e-21
-1.34716e-22
8.34633e-21
-1.67757e-22
-1.75768e-22
-3.70678e-22
-2.85999e-21
-8.17016e-23
-8.84737e-21
-9.18882e-23
5.1717e-22
-1.166e-20
-1.19634e-21
-1.09317e-21
9.31051e-20
-3.2818e-22
-1.71899e-21
-5.85917e-21
1.39759e-21
-1.46904e-21
9.74395e-20
-1.84922e-22
-4.18362e-22
3.44923e-21
4.1583e-21
-1.43404e-21
5.74917e-20
-2.19749e-23
4.69573e-22
-1.24286e-20
6.2689e-21
-1.37021e-21
3.75829e-20
-2.5113e-23
1.46383e-21
3.3487e-21
7.88401e-21
-1.36949e-21
2.61486e-20
-2.76705e-23
-1.40863e-21
1.12329e-20
7.01992e-21
-1.51149e-21
1.69515e-20
-5.89128e-23
8.34183e-22
5.9778e-21
4.58713e-21
-2.18506e-21
1.04904e-20
1.21378e-22
-6.78459e-22
-8.06974e-21
1.57126e-21
-2.25156e-21
6.35561e-21
-2.42256e-22
7.44437e-22
-7.26291e-22
8.38703e-22
-3.4639e-21
1.5923e-22
-2.34272e-22
-4.69233e-22
0
1.30949e-21
-3.98457e-21
-4.92611e-21
-2.19374e-22
1.11395e-22
-9.73117e-22
1.93436e-21
-4.17636e-21
-6.12309e-21
-9.92145e-23
-4.0996e-24
0
2.15656e-21
-5.31543e-21
-7.64776e-21
1.72453e-22
1.95349e-23
-3.70196e-22
1.51813e-21
-5.65611e-21
-6.65969e-21
-5.69904e-22
6.7824e-23
4.99142e-23
7.88248e-22
-5.62238e-21
-6.37208e-21
-2.18886e-22
2.00941e-23
-4.43741e-22
-0
-4.51786e-21
-4.41678e-21
7.41512e-23
-3.01183e-23
-3.71743e-23
-6.19843e-22
-3.45287e-21
-4.70859e-21
-3.72277e-23
3.59686e-23
-1.22795e-21
-2.19797e-21
-3.4877e-21
-3.69982e-21
-1.70581e-24
1.49058e-23
2.23124e-21
-1.24141e-21
-4.78441e-21
2.64367e-21
-1.58876e-22
1.46938e-24
-5.80985e-22
6.20804e-21
-5.06643e-21
1.92078e-20
-0
-2.83391e-25
-5.62055e-21
2.08893e-20
-1.62054e-21
2.30198e-20
-3.55218e-22
-1.95461e-24
-6.08066e-21
3.14702e-20
-2.33344e-21
4.88159e-20
-3.14668e-22
8.93579e-25
-2.5736e-21
3.55592e-20
-4.49066e-22
2.23097e-20
-9.75308e-23
-1.32601e-24
-0
2.54168e-20
-1.49791e-23
1.76863e-20
-0
4.42233e-25
3.45647e-21
4.80233e-21
-1.03353e-13
-2.60692e-05
-3.24786e-22
-8.74941e-17
-3.71235e-05
-1.70779e-20
-1.14945e-14
-4.25396e-06
-1.03723e-22
-2.01765e-16
-5.88488e-06
-2.73438e-20
-5.72839e-18
-1.22197e-07
-0
-2.96844e-20
-2.40602e-07
-1.70869e-20
2.17429e-17
-6.94537e-08
-3.49149e-23
1.61772e-19
-1.72782e-07
1.48704e-20
-5.59551e-18
-3.82101e-08
2.47524e-23
-6.08086e-20
-1.25353e-07
6.09164e-20
1.43573e-18
-2.00015e-08
7.96035e-24
2.0148e-20
-9.10255e-08
1.07096e-19
-3.86769e-19
-9.58974e-09
-4.42236e-23
-6.40763e-21
-6.53013e-08
1.39161e-19
1.07356e-19
-3.78315e-09
-1.2043e-22
2.05176e-21
-4.55158e-08
1.4905e-19
-3.02458e-20
-6.87845e-10
-4.75879e-23
-6.79921e-22
-3.01501e-08
1.37466e-19
8.60705e-21
8.07084e-10
-2.06739e-23
1.6341e-22
-1.83639e-08
1.11361e-19
-2.40394e-21
1.34841e-09
1.74858e-23
-8.05694e-23
-9.68409e-09
7.95999e-20
7.06256e-22
1.31778e-09
1.43034e-23
-2.20961e-23
-3.7838e-09
4.97012e-20
-1.8199e-22
9.54271e-10
-4.47709e-23
-7.17328e-23
-3.07724e-10
2.65741e-20
4.71966e-23
4.29288e-10
-4.92751e-23
1.0163e-22
1.27163e-09
1.18654e-20
-3.02278e-23
-1.13073e-10
4.33201e-23
-2.63391e-22
1.74052e-09
4.31423e-21
-1.8573e-23
-5.46228e-10
-1.1379e-23
-1.85045e-22
2.10404e-09
1.22621e-21
-2.39042e-23
-7.7824e-10
2.68409e-24
-5.09747e-23
3.36449e-09
1.86408e-22
-1.76309e-23
-7.80424e-10
8.91156e-24
-1.6416e-22
6.17391e-09
-1.86072e-22
-1.00842e-23
-6.004e-10
6.42263e-24
-1.02517e-22
1.05585e-08
-3.96111e-22
-1.52843e-24
-3.40337e-10
2.32241e-23
5.10278e-23
1.59215e-08
-5.11865e-22
5.06056e-24
-1.09061e-10
5.8015e-24
-4.02413e-23
2.13451e-08
-4.87756e-22
1.00798e-23
2.1418e-11
-6.70615e-24
-5.05222e-23
2.59947e-08
-3.23924e-22
1.14356e-23
3.08097e-11
7.38895e-24
-1.46441e-23
2.93865e-08
-8.02052e-23
1.10027e-23
-6.22427e-11
1.97044e-24
5.14543e-24
3.14237e-08
1.66686e-22
9.22674e-24
-2.22998e-10
0
-1.41362e-23
3.22761e-08
3.60722e-22
7.24951e-24
-4.18071e-10
1.05226e-24
4.77609e-24
3.22248e-08
4.77436e-22
5.29319e-24
-6.23002e-10
-1.06432e-24
1.75506e-23
3.15524e-08
5.2153e-22
3.51451e-24
-8.22843e-10
-1.06576e-24
-2.1155e-24
3.0492e-08
5.14455e-22
2.31938e-24
-1.00989e-09
-1.32353e-24
-5.58036e-24
2.92158e-08
4.82152e-22
2.15019e-24
-1.18105e-09
0
2.75014e-24
2.78426e-08
4.43619e-22
1.42928e-24
-1.33582e-09
-2.56736e-25
-1.80275e-24
2.64509e-08
4.08145e-22
3.72296e-25
-1.47497e-09
1.25601e-25
3.93276e-25
2.50907e-08
3.77419e-22
5.56188e-25
-1.59973e-09
-1.83746e-25
-1.79975e-24
2.37924e-08
3.49041e-22
3.34611e-25
-1.71145e-09
-2.97887e-26
5.03903e-25
2.2574e-08
3.20264e-22
1.20327e-25
-1.81134e-09
-8.67342e-26
-3.29037e-25
2.14453e-08
2.88116e-22
-1.20845e-25
-1.90048e-09
-1.40018e-26
-7.15889e-26
2.04113e-08
2.47886e-22
4.37812e-26
-1.97973e-09
-6.76704e-27
9.34111e-26
1.94734e-08
1.98439e-22
-7.25165e-26
-2.04982e-09
0
-1.52247e-26
1.86318e-08
1.41695e-22
-3.25165e-25
-2.11132e-09
0
-2.97383e-26
1.78852e-08
8.36268e-23
-3.36987e-25
-2.16469e-09
5.99e-27
1.28765e-26
1.72319e-08
3.96962e-23
4.102e-26
-2.21031e-09
0
-2.08091e-26
1.66703e-08
3.23517e-23
2.25866e-26
-2.24848e-09
1.98335e-27
-2.66591e-27
1.61985e-08
2.55081e-23
-4.64284e-26
-2.27942e-09
6.00123e-28
-1.67748e-27
1.58149e-08
1.90162e-23
-2.64522e-26
-2.30332e-09
-7.77736e-28
-4.0701e-27
1.55181e-08
1.26657e-23
2.34384e-28
-2.32031e-09
5.06263e-28
1.1357e-27
1.53069e-08
6.29831e-24
-1.84443e-26
-2.3305e-09
-9.10627e-29
6.21281e-28
1.51806e-08
0
0
-1.16695e-09
0
0
7.56927e-09
0
0
5.84642e-20
0
0
4.73609e-22
0
0
8.35093e-20
0
0
1.71196e-22
0
0
4.04928e-20
0
0
-3.34086e-21
0
0
3.41926e-20
0
0
3.62664e-22
0
0
1.847e-20
0
0
-1.51118e-21
0
0
1.18614e-20
0
0
1.1487e-20
0
0
5.77329e-20
0
0
9.92039e-21
0
0
2.08076e-20
0
0
2.72932e-21
0
0
7.41829e-21
0
0
9.17628e-21
0
0
1.17402e-21
0
0
-1.06814e-20
0
0
-3.53304e-21
0
0
-8.4665e-22
0
0
1.13706e-21
0
0
-5.01778e-21
0
0
2.14457e-21
0
0
6.32403e-21
0
0
-4.44265e-22
0
0
2.84841e-21
0
0
5.94999e-24
0
0
1.21203e-21
0
0
-5.34859e-23
0
0
9.56555e-22
0
0
1.3471e-21
0
0
-3.35077e-22
0
0
2.89083e-22
0
0
-1.82041e-22
0
0
1.38092e-21
0
0
3.56321e-23
0
0
-1.83435e-22
0
0
1.36462e-22
0
0
-1.7193e-21
0
0
7.4152e-22
0
0
-3.31891e-21
0
0
-2.27967e-22
0
0
-2.4697e-21
0
0
-1.40741e-21
0
0
2.61672e-21
0
0
-1.937e-21
0
0
8.05482e-22
0
0
2.58066e-21
0
0
1.98612e-20
0
0
3.32956e-21
0
0
8.21278e-21
0
0
-0
0
0
2.08124e-20
0
0
1.50857e-21
0
0
-1.11958e-20
0
0
-0
0
0
-9.82789e-06
0
0
-1.43272e-05
0
0
-3.72628e-08
0
0
-1.22091e-07
0
0
-2.24993e-08
0
0
-9.85824e-08
0
0
-1.33103e-08
0
0
-8.02162e-08
0
0
-7.81366e-09
0
0
-6.53674e-08
0
0
-4.52956e-09
0
0
-5.29244e-08
0
0
-2.58237e-09
0
0
-4.22073e-08
0
0
-1.42868e-09
0
0
-3.28163e-08
0
0
-7.47556e-10
0
0
-2.45299e-08
0
0
-3.50429e-10
0
0
-1.7233e-08
0
0
-1.27953e-10
0
0
-1.08687e-08
0
0
-1.60835e-11
0
0
-5.40432e-09
0
0
2.47226e-11
0
0
-8.02479e-10
0
0
2.2206e-11
0
0
3.00241e-09
0
0
-8.39726e-13
0
0
6.11957e-09
0
0
-2.47528e-11
0
0
8.69761e-09
0
0
-3.53431e-11
0
0
1.08936e-08
0
0
-2.7823e-11
0
0
1.28245e-08
0
0
-8.3602e-12
0
0
1.45294e-08
0
0
9.33102e-12
0
0
1.59697e-08
0
0
1.09918e-11
0
0
1.70698e-08
0
0
-1.1914e-11
0
0
1.77705e-08
0
0
-6.00816e-11
0
0
1.80631e-08
0
0
-1.28344e-10
0
0
1.79916e-08
0
0
-2.09241e-10
0
0
1.76323e-08
0
0
-2.95828e-10
0
0
1.707e-08
0
0
-3.82946e-10
0
0
1.63802e-08
0
0
-4.67311e-10
0
0
1.56227e-08
0
0
-5.47106e-10
0
0
1.4841e-08
0
0
-6.21485e-10
0
0
1.40648e-08
0
0
-6.90183e-10
0
0
1.33135e-08
0
0
-7.53249e-10
0
0
1.25992e-08
0
0
-8.10882e-10
0
0
1.19291e-08
0
0
-8.6334e-10
0
0
1.13071e-08
0
0
-9.10891e-10
0
0
1.07349e-08
0
0
-9.53789e-10
0
0
1.02131e-08
0
0
-9.92264e-10
0
0
9.74129e-09
0
0
-1.02652e-09
0
0
9.31868e-09
0
0
-1.05673e-09
0
0
8.94428e-09
0
0
-1.08306e-09
0
0
8.617e-09
0
0
-1.10563e-09
0
0
8.33579e-09
0
0
-1.12454e-09
0
0
8.09963e-09
0
0
-1.1399e-09
0
0
7.90767e-09
0
0
-1.15178e-09
0
0
7.75915e-09
0
0
-1.16022e-09
0
0
7.65349e-09
0
0
-1.16528e-09
0
0
7.59027e-09
0
0
-5.83483e-10
0
0
3.78462e-09
