0.0333333 0.0333333 4.32613e-06
0.1 0.0333333 3.40279e-06
0.166667 0.0333333 7.13806e-06
0.233333 0.0333333 1.88217e-05
0.3 0.0333333 7.97986e-06
0.366667 0.0333333 4.14916e-05
0.433333 0.0333333 0.000121593
0.5 0.0333333 0.000203936
0.566667 0.0333333 0.000262067
0.633333 0.0333333 0.0002873
0.7 0.0333333 0.000284491
0.766667 0.0333333 0.000263401
0.833333 0.0333333 0.000233299
0.9 0.0333333 0.000200118
0.966667 0.0333333 0.000167193
1.03333 0.0333333 0.000136335
1.1 0.0333333 0.000108602
1.16667 0.0333333 8.44559e-05
1.23333 0.0333333 6.39292e-05
1.3 0.0333333 4.68946e-05
1.36667 0.0333333 3.27457e-05
1.43333 0.0333333 2.05105e-05
1.5 0.0333333 9.38142e-06
1.56667 0.0333333 9.00197e-07
1.63333 0.0333333 9.91175e-06
1.7 0.0333333 1.67713e-05
1.76667 0.0333333 2.05674e-05
1.83333 0.0333333 2.07629e-05
1.9 0.0333333 1.7391e-05
1.96667 0.0333333 1.10131e-05
2.03333 0.0333333 2.5293e-06
2.1 0.0333333 7.03703e-06
2.16667 0.0333333 1.66989e-05
2.23333 0.0333333 2.55893e-05
2.3 0.0333333 3.29833e-05
2.36667 0.0333333 3.82905e-05
2.43333 0.0333333 4.10427e-05
2.5 0.0333333 4.09024e-05
2.56667 0.0333333 3.77093e-05
2.63333 0.0333333 3.15783e-05
2.7 0.0333333 2.30534e-05
2.76667 0.0333333 1.32838e-05
2.83333 0.0333333 4.12188e-06
2.9 0.0333333 2.03675e-06
2.96667 0.0333333 2.8258e-06
3.03333 0.0333333 3.18078e-06
3.1 0.0333333 1.56569e-05
3.16667 0.0333333 3.2389e-05
3.23333 0.0333333 5.0031e-05
3.3 0.0333333 6.53756e-05
3.36667 0.0333333 7.63633e-05
3.43333 0.0333333 8.23256e-05
3.5 0.0333333 8.37869e-05
3.56667 0.0333333 8.19428e-05
3.63333 0.0333333 7.78916e-05
3.7 0.0333333 7.24271e-05
3.76667 0.0333333 6.62417e-05
3.83333 0.0333333 5.98631e-05
3.9 0.0333333 5.36017e-05
3.96667 0.0333333 4.76437e-05
4.03333 0.0333333 4.20911e-05
4.1 0.0333333 3.69822e-05
4.16667 0.0333333 3.23189e-05
4.23333 0.0333333 2.80822e-05
4.3 0.0333333 2.42414e-05
4.36667 0.0333333 2.07592e-05
4.43333 0.0333333 1.75957e-05
4.5 0.0333333 1.47095e-05
4.56667 0.0333333 1.20597e-05
4.63333 0.0333333 9.60804e-06
4.7 0.0333333 7.32274e-06
4.76667 0.0333333 5.18892e-06
4.83333 0.0333333 3.22966e-06
4.9 0.0333333 1.55397e-06
4.96667 0.0333333 4.81368e-07
0.0333333 0.1 7.54688e-08
0.1 0.1 3.91922e-05
0.166667 0.1 7.86384e-05
0.233333 0.1 0.000110438
0.3 0.1 0.000119343
0.366667 0.1 9.32321e-05
0.433333 0.1 3.40806e-05
0.5 0.1 4.09964e-05
0.566667 0.1 0.000108789
0.633333 0.1 0.000150394
0.7 0.1 0.00016412
0.766667 0.1 0.000160908
0.833333 0.1 0.000148041
0.9 0.1 0.000129554
0.966667 0.1 0.000109554
1.03333 0.1 8.98344e-05
1.1 0.1 7.06247e-05
1.16667 0.1 5.3168e-05
1.23333 0.1 3.8509e-05
1.3 0.1 2.68095e-05
1.36667 0.1 1.77021e-05
1.43333 0.1 1.03946e-05
1.5 0.1 4.07417e-06
1.56667 0.1 1.75224e-06
1.63333 0.1 7.06852e-06
1.7 0.1 1.13906e-05
1.76667 0.1 1.40308e-05
1.83333 0.1 1.44357e-05
1.9 0.1 1.24231e-05
1.96667 0.1 8.23473e-06
2.03333 0.1 2.43803e-06
2.1 0.1 4.23129e-06
2.16667 0.1 1.10086e-05
2.23333 0.1 1.71877e-05
2.3 0.1 2.21585e-05
2.36667 0.1 2.54147e-05
2.43333 0.1 2.65533e-05
2.5 0.1 2.5283e-05
2.56667 0.1 2.14589e-05
2.63333 0.1 1.51524e-05
2.7 0.1 6.76464e-06
2.76667 0.1 2.82753e-06
2.83333 0.1 1.21465e-05
2.9 0.1 1.9151e-05
2.96667 0.1 2.16231e-05
3.03333 0.1 1.79475e-05
3.1 0.1 7.95692e-06
3.16667 0.1 6.72694e-06
3.23333 0.1 2.32159e-05
3.3 0.1 3.84595e-05
3.36667 0.1 5.02688e-05
3.43333 0.1 5.77604e-05
3.5 0.1 6.11928e-05
3.56667 0.1 6.14406e-05
3.63333 0.1 5.94277e-05
3.7 0.1 5.59311e-05
3.76667 0.1 5.15988e-05
3.83333 0.1 4.69091e-05
3.9 0.1 4.21796e-05
3.96667 0.1 3.75993e-05
4.03333 0.1 3.32704e-05
4.1 0.1 2.9246e-05
4.16667 0.1 2.5544e-05
4.23333 0.1 2.21608e-05
4.3 0.1 1.90798e-05
4.36667 0.1 1.62778e-05
4.43333 0.1 1.37277e-05
4.5 0.1 1.14017e-05
4.56667 0.1 9.2733e-06
4.63333 0.1 7.32097e-06
4.7 0.1 5.53434e-06
4.76667 0.1 3.9272e-06
4.83333 0.1 2.56423e-06
4.9 0.1 1.6169e-06
4.96667 0.1 1.47925e-06
0.0333333 0.166667 2.70909e-05
0.1 0.166667 8.60521e-05
0.166667 0.166667 0.000138012
0.233333 0.166667 0.000164538
0.3 0.166667 0.000180598
0.366667 0.166667 0.000189048
0.433333 0.166667 0.000172053
0.5 0.166667 0.000116737
0.566667 0.166667 3.97726e-05
0.633333 0.166667 2.32719e-05
0.7 0.166667 6.04307e-05
0.766667 0.166667 7.7117e-05
0.833333 0.166667 7.94739e-05
0.9 0.166667 7.30733e-05
0.966667 0.166667 6.26648e-05
1.03333 0.166667 5.02664e-05
1.1 0.166667 3.71089e-05
1.16667 0.166667 2.50025e-05
1.23333 0.166667 1.49538e-05
1.3 0.166667 7.29209e-06
1.36667 0.166667 2.02386e-06
1.43333 0.166667 1.02182e-06
1.5 0.166667 2.35357e-06
1.56667 0.166667 2.75782e-06
1.63333 0.166667 3.02547e-06
1.7 0.166667 3.60474e-06
1.76667 0.166667 4.43545e-06
1.83333 0.166667 5.08782e-06
1.9 0.166667 5.07593e-06
1.96667 0.166667 4.12004e-06
2.03333 0.166667 2.2382e-06
2.1 0.166667 3.04337e-07
2.16667 0.166667 3.10111e-06
2.23333 0.166667 5.70151e-06
2.3 0.166667 7.67502e-06
2.36667 0.166667 8.6451e-06
2.43333 0.166667 8.30556e-06
2.5 0.166667 6.43223e-06
2.56667 0.166667 2.89945e-06
2.63333 0.166667 2.29367e-06
2.7 0.166667 8.98436e-06
2.76667 0.166667 1.67851e-05
2.83333 0.166667 2.49617e-05
2.9 0.166667 3.23089e-05
2.96667 0.166667 3.71611e-05
3.03333 0.166667 3.77572e-05
3.1 0.166667 3.29651e-05
3.16667 0.166667 2.29636e-05
3.23333 0.166667 9.48037e-06
3.3 0.166667 4.76599e-06
3.36667 0.166667 1.72412e-05
3.43333 0.166667 2.65743e-05
3.5 0.166667 3.25344e-05
3.56667 0.166667 3.54419e-05
3.63333 0.166667 3.59834e-05
3.7 0.166667 3.49837e-05
3.76667 0.166667 3.30337e-05
3.83333 0.166667 3.05268e-05
3.9 0.166667 2.77632e-05
3.96667 0.166667 2.49418e-05
4.03333 0.166667 2.21853e-05
4.1 0.166667 1.95642e-05
4.16667 0.166667 1.71143e-05
4.23333 0.166667 1.48493e-05
4.3 0.166667 1.27689e-05
4.36667 0.166667 1.08645e-05
4.43333 0.166667 9.12364e-06
4.5 0.166667 7.53303e-06
4.56667 0.166667 6.08231e-06
4.63333 0.166667 4.7695e-06
4.7 0.166667 3.6107e-06
4.76667 0.166667 2.65817e-06
4.83333 0.166667 2.03396e-06
4.9 0.166667 1.98669e-06
4.96667 0.166667 2.90342e-06
0.0333333 0.233333 7.71398e-05
0.1 0.233333 0.000137759
0.166667 0.233333 0.000169137
0.233333 0.233333 0.00016672
0.3 0.233333 8.17429e-05
0.366667 0.233333 0.000143086
0.433333 0.233333 0.000259244
0.5 0.233333 0.000232488
0.566667 0.233333 0.000148384
0.633333 0.233333 7.05785e-05
0.7 0.233333 1.21611e-05
0.766667 0.233333 2.03019e-05
0.833333 0.233333 3.33248e-05
0.9 0.233333 3.60193e-05
0.966667 0.233333 3.28478e-05
1.03333 0.233333 2.61446e-05
1.1 0.233333 1.82995e-05
1.16667 0.233333 1.07103e-05
1.23333 0.233333 3.56842e-06
1.3 0.233333 2.70876e-06
1.36667 0.233333 7.32019e-06
1.43333 0.233333 9.18552e-06
1.5 0.233333 7.68984e-06
1.56667 0.233333 3.46127e-06
1.63333 0.233333 1.64271e-06
1.7 0.233333 5.52847e-06
1.76667 0.233333 6.99617e-06
1.83333 0.233333 6.10914e-06
1.9 0.233333 3.73212e-06
1.96667 0.233333 8.54418e-07
2.03333 0.233333 1.82338e-06
2.1 0.233333 3.98114e-06
2.16667 0.233333 5.59718e-06
2.23333 0.233333 6.82544e-06
2.3 0.233333 7.89284e-06
2.36667 0.233333 9.03144e-06
2.43333 0.233333 1.0439e-05
2.5 0.233333 1.22585e-05
2.56667 0.233333 1.45711e-05
2.63333 0.233333 1.74055e-05
2.7 0.233333 2.07737e-05
2.76667 0.233333 2.47424e-05
2.83333 0.233333 2.95139e-05
2.9 0.233333 3.5165e-05
2.96667 0.233333 4.14971e-05
3.03333 0.233333 4.75345e-05
3.1 0.233333 5.11021e-05
3.16667 0.233333 4.96712e-05
3.23333 0.233333 4.18665e-05
3.3 0.233333 2.96868e-05
3.36667 0.233333 1.67944e-05
3.43333 0.233333 5.65147e-06
3.5 0.233333 2.74282e-06
3.56667 0.233333 8.37026e-06
3.63333 0.233333 1.16863e-05
3.7 0.233333 1.32806e-05
3.76667 0.233333 1.36987e-05
3.83333 0.233333 1.33647e-05
3.9 0.233333 1.25808e-05
3.96667 0.233333 1.15557e-05
4.03333 0.233333 1.04259e-05
4.1 0.233333 9.27678e-06
4.16667 0.233333 8.15837e-06
4.23333 0.233333 7.09762e-06
4.3 0.233333 6.10658e-06
4.36667 0.233333 5.18838e-06
4.43333 0.233333 4.34175e-06
4.5 0.233333 3.56505e-06
4.56667 0.233333 2.8612e-06
4.63333 0.233333 2.24516e-06
4.7 0.233333 1.75673e-06
4.76667 0.233333 1.48313e-06
4.83333 0.233333 1.59659e-06
4.9 0.233333 2.40233e-06
4.96667 0.233333 4.36361e-06
0.0333333 0.3 0.000118127
0.1 0.3 0.000176328
0.166667 0.3 0.000178997
0.233333 0.3 1.33463e-05
0.3 0.3 0.00030404
0.366667 0.3 0.000371318
0.433333 0.3 0.000198983
0.5 0.3 0.000270796
0.566667 0.3 0.000206959
0.633333 0.3 0.000118807
0.7 0.3 4.89053e-05
0.766667 0.3 1.20534e-05
0.833333 0.3 7.40594e-06
0.9 0.3 1.7589e-05
0.966667 0.3 2.15684e-05
1.03333 0.3 2.14044e-05
1.1 0.3 1.92492e-05
1.16667 0.3 1.62171e-05
1.23333 0.3 1.1787e-05
1.3 0.3 5.40677e-06
1.36667 0.3 2.03279e-06
1.43333 0.3 7.77181e-06
1.5 0.3 8.37557e-06
1.56667 0.3 2.63882e-06
1.63333 0.3 6.85511e-06
1.7 0.3 1.53695e-05
1.76667 0.3 1.94066e-05
1.83333 0.3 1.82807e-05
1.9 0.3 1.33339e-05
1.96667 0.3 6.4418e-06
2.03333 0.3 8.84159e-07
2.1 0.3 7.71766e-06
2.16667 0.3 1.36218e-05
2.23333 0.3 1.84735e-05
2.3 0.3 2.23144e-05
2.36667 0.3 2.52462e-05
2.43333 0.3 2.73654e-05
2.5 0.3 2.8726e-05
2.56667 0.3 2.93234e-05
2.63333 0.3 2.91034e-05
2.7 0.3 2.80154e-05
2.76667 0.3 2.61581e-05
2.83333 0.3 2.41093e-05
2.9 0.3 2.36785e-05
2.96667 0.3 2.64861e-05
3.03333 0.3 3.58082e-05
3.1 0.3 5.14664e-05
3.16667 0.3 6.58082e-05
3.23333 0.3 6.84973e-05
3.3 0.3 6.00862e-05
3.36667 0.3 4.71479e-05
3.43333 0.3 3.42851e-05
3.5 0.3 2.36787e-05
3.56667 0.3 1.57362e-05
3.63333 0.3 1.01885e-05
3.7 0.3 6.48993e-06
3.76667 0.3 4.10033e-06
3.83333 0.3 2.59667e-06
3.9 0.3 1.67134e-06
3.96667 0.3 1.11143e-06
4.03333 0.3 7.7487e-07
4.1 0.3 5.70281e-07
4.16667 0.3 4.41265e-07
4.23333 0.3 3.54816e-07
4.3 0.3 2.93012e-07
4.36667 0.3 2.47029e-07
4.43333 0.3 2.12413e-07
4.5 0.3 1.84521e-07
4.56667 0.3 1.52739e-07
4.63333 0.3 9.14931e-08
4.7 0.3 5.50403e-08
4.76667 0.3 3.9911e-07
4.83333 0.3 1.15187e-06
4.9 0.3 2.68557e-06
4.96667 0.3 5.60882e-06
0.0333333 0.366667 0.000111329
0.1 0.366667 0.00018011
0.166667 0.366667 0.000189652
0.233333 0.366667 4.71623e-07
0.3 0.366667 0.000596458
0.366667 0.366667 0.000867483
0.433333 0.366667 7.51027e-05
0.5 0.366667 0.000279502
0.566667 0.366667 0.000221919
0.633333 0.366667 0.000132218
0.7 0.366667 6.14082e-05
0.766667 0.366667 2.34563e-05
0.833333 0.366667 9.96964e-07
0.9 0.366667 1.92371e-05
0.966667 0.366667 2.97711e-05
1.03333 0.366667 3.35772e-05
1.1 0.366667 3.79289e-05
1.16667 0.366667 4.19102e-05
1.23333 0.366667 4.24113e-05
1.3 0.366667 3.76463e-05
1.36667 0.366667 2.60905e-05
1.43333 0.366667 1.06638e-05
1.5 0.366667 3.56169e-07
1.56667 0.366667 8.01591e-07
1.63333 0.366667 1.25085e-05
1.7 0.366667 2.58754e-05
1.76667 0.366667 3.28806e-05
1.83333 0.366667 3.14734e-05
1.9 0.366667 2.37727e-05
1.96667 0.366667 1.28168e-05
2.03333 0.366667 1.02204e-06
2.1 0.366667 1.01272e-05
2.16667 0.366667 1.98589e-05
2.23333 0.366667 2.78493e-05
2.3 0.366667 3.40164e-05
2.36667 0.366667 3.83793e-05
2.43333 0.366667 4.09678e-05
2.5 0.366667 4.17636e-05
2.56667 0.366667 4.06588e-05
2.63333 0.366667 3.74241e-05
2.7 0.366667 3.169e-05
2.76667 0.366667 2.29643e-05
2.83333 0.366667 1.07941e-05
2.9 0.366667 4.48996e-06
2.96667 0.366667 1.52665e-05
3.03333 0.366667 1.63194e-05
3.1 0.366667 1.3373e-05
3.16667 0.366667 6.02489e-05
3.23333 0.366667 8.54093e-05
3.3 0.366667 8.10823e-05
3.36667 0.366667 6.9928e-05
3.43333 0.366667 5.59647e-05
3.5 0.366667 4.36211e-05
3.56667 0.366667 3.40834e-05
3.63333 0.366667 2.70597e-05
3.7 0.366667 2.19144e-05
3.76667 0.366667 1.81234e-05
3.83333 0.366667 1.52771e-05
3.9 0.366667 1.30747e-05
3.96667 0.366667 1.13062e-05
4.03333 0.366667 9.83066e-06
4.1 0.366667 8.55663e-06
4.16667 0.366667 7.42715e-06
4.23333 0.366667 6.40828e-06
4.3 0.366667 5.48098e-06
4.36667 0.366667 4.6352e-06
4.43333 0.366667 3.86503e-06
4.5 0.366667 3.16404e-06
4.56667 0.366667 2.51893e-06
4.63333 0.366667 1.8997e-06
4.7 0.366667 1.2426e-06
4.76667 0.366667 4.20763e-07
4.83333 0.366667 8.05838e-07
4.9 0.366667 2.8732e-06
4.96667 0.366667 6.54551e-06
0.0333333 0.433333 4.56227e-05
0.1 0.433333 0.000139304
0.166667 0.433333 0.000197786
0.233333 0.433333 0.000177964
0.3 0.433333 8.30116e-05
0.366667 0.433333 3.88211e-05
0.433333 0.433333 0.000264199
0.5 0.433333 0.000281069
0.566667 0.433333 0.000200553
0.633333 0.433333 0.000119119
0.7 0.433333 6.23469e-05
0.766667 0.433333 2.35364e-05
0.833333 0.433333 4.76718e-06
0.9 0.433333 2.88655e-05
0.966667 0.433333 4.46023e-05
1.03333 0.433333 5.32415e-05
1.1 0.433333 6.45459e-05
1.16667 0.433333 7.55214e-05
1.23333 0.433333 8.31156e-05
1.3 0.433333 8.4559e-05
1.36667 0.433333 7.57625e-05
1.43333 0.433333 4.89283e-05
1.5 0.433333 1.66711e-05
1.56667 0.433333 8.05171e-07
1.63333 0.433333 1.21068e-05
1.7 0.433333 3.30372e-05
1.76667 0.433333 4.54228e-05
1.83333 0.433333 4.46802e-05
1.9 0.433333 3.44352e-05
1.96667 0.433333 1.97529e-05
2.03333 0.433333 4.08377e-06
2.1 0.433333 1.06099e-05
2.16667 0.433333 2.33433e-05
2.23333 0.433333 3.37019e-05
2.3 0.433333 4.15667e-05
2.36667 0.433333 4.69406e-05
2.43333 0.433333 4.98381e-05
2.5 0.433333 5.02076e-05
2.56667 0.433333 4.78649e-05
2.63333 0.433333 4.24085e-05
2.7 0.433333 3.30844e-05
2.76667 0.433333 1.85271e-05
2.83333 0.433333 3.80393e-06
2.9 0.433333 3.91856e-05
2.96667 0.433333 8.47985e-05
3.03333 0.433333 0.000119966
3.1 0.433333 0.000107729
3.16667 0.433333 2.33128e-05
3.23333 0.433333 7.85851e-05
3.3 0.433333 9.21953e-05
3.36667 0.433333 8.38493e-05
3.43333 0.433333 6.90178e-05
3.5 0.433333 5.52662e-05
3.56667 0.433333 4.52157e-05
3.63333 0.433333 3.74508e-05
3.7 0.433333 3.14952e-05
3.76667 0.433333 2.68843e-05
3.83333 0.433333 2.32337e-05
3.9 0.433333 2.02541e-05
3.96667 0.433333 1.77408e-05
4.03333 0.433333 1.55557e-05
4.1 0.433333 1.36089e-05
4.16667 0.433333 1.18446e-05
4.23333 0.433333 1.02296e-05
4.3 0.433333 8.74536e-06
4.36667 0.433333 7.38222e-06
4.43333 0.433333 6.13468e-06
4.5 0.433333 4.99651e-06
4.56667 0.433333 3.95435e-06
4.63333 0.433333 2.97729e-06
4.7 0.433333 1.99887e-06
4.76667 0.433333 8.85154e-07
4.83333 0.433333 6.21445e-07
4.9 0.433333 3.00118e-06
4.96667 0.433333 7.13208e-06
0.0333333 0.5 5.14952e-05
0.1 0.5 6.55465e-05
0.166667 0.5 0.000170443
0.233333 0.5 0.000227692
0.3 0.5 0.000238143
0.366667 0.5 0.000270057
0.433333 0.5 0.000288217
0.5 0.5 0.000237573
0.566667 0.5 0.000151253
0.633333 0.5 9.08344e-05
0.7 0.5 5.50937e-05
0.766667 0.5 1.93538e-05
0.833333 0.5 9.34684e-06
0.9 0.5 3.39806e-05
0.966667 0.5 5.30152e-05
1.03333 0.5 6.82989e-05
1.1 0.5 8.49484e-05
1.16667 0.5 0.000101704
1.23333 0.5 0.000116503
1.3 0.5 0.000126239
1.36667 0.5 0.000127371
1.43333 0.5 0.000120531
1.5 0.5 4.29185e-05
1.56667 0.5 1.72337e-05
1.63333 0.5 1.50319e-05
1.7 0.5 2.50605e-05
1.76667 0.5 5.25724e-05
1.83333 0.5 5.48434e-05
1.9 0.5 4.31809e-05
1.96667 0.5 2.59782e-05
2.03333 0.5 7.80283e-06
2.1 0.5 9.02598e-06
2.16667 0.5 2.34478e-05
2.23333 0.5 3.5067e-05
2.3 0.5 4.38084e-05
2.36667 0.5 4.97166e-05
2.43333 0.5 5.28358e-05
2.5 0.5 5.31269e-05
2.56667 0.5 5.03912e-05
2.63333 0.5 4.41641e-05
2.7 0.5 3.3523e-05
2.76667 0.5 1.66797e-05
2.83333 0.5 1.00413e-05
2.9 0.5 5.54873e-05
2.96667 0.5 0.000122769
3.03333 0.5 0.000232325
3.1 0.5 0.000299505
3.16667 0.5 5.16389e-05
3.23333 0.5 7.06681e-05
3.3 0.5 9.51295e-05
3.36667 0.5 8.85725e-05
3.43333 0.5 7.34242e-05
3.5 0.5 5.90661e-05
3.56667 0.5 4.89919e-05
3.63333 0.5 4.10332e-05
3.7 0.5 3.48289e-05
3.76667 0.5 2.99539e-05
3.83333 0.5 2.60375e-05
3.9 0.5 2.27963e-05
3.96667 0.5 2.00286e-05
4.03333 0.5 1.75981e-05
4.1 0.5 1.54164e-05
4.16667 0.5 1.34286e-05
4.23333 0.5 1.16022e-05
4.3 0.5 9.91931e-06
4.36667 0.5 8.37093e-06
4.43333 0.5 6.95202e-06
4.5 0.5 5.65684e-06
4.56667 0.5 4.47238e-06
4.63333 0.5 3.36786e-06
4.7 0.5 2.2762e-06
4.76667 0.5 1.06117e-06
4.83333 0.5 5.41388e-07
4.9 0.5 3.02897e-06
4.96667 0.5 7.32362e-06
0.0333333 0.566667 0.000136881
0.1 0.566667 1.34466e-05
0.166667 0.566667 0.000107947
0.233333 0.566667 0.000181378
0.3 0.566667 0.00021773
0.366667 0.566667 0.00022996
0.433333 0.566667 0.000212634
0.5 0.566667 0.000158215
0.566667 0.566667 9.27572e-05
0.633333 0.566667 6.0637e-05
0.7 0.566667 3.99207e-05
0.766667 0.566667 1.0749e-05
0.833333 0.566667 1.56144e-05
0.9 0.566667 3.63681e-05
0.966667 0.566667 5.44336e-05
1.03333 0.566667 7.31492e-05
1.1 0.566667 9.25859e-05
1.16667 0.566667 0.000112421
1.23333 0.566667 0.000129997
1.3 0.566667 0.000141964
1.36667 0.566667 0.00014582
1.43333 0.566667 0.000144026
1.5 0.566667 0.000236529
1.56667 0.566667 0.000106044
1.63333 0.566667 0.00013851
1.7 0.566667 5.68111e-07
1.76667 0.566667 5.29732e-05
1.83333 0.566667 5.9452e-05
1.9 0.566667 4.78693e-05
1.96667 0.566667 2.99286e-05
2.03333 0.566667 1.11575e-05
2.1 0.566667 5.95777e-06
2.16667 0.566667 2.04188e-05
2.23333 0.566667 3.19445e-05
2.3 0.566667 4.05671e-05
2.36667 0.566667 4.64169e-05
2.43333 0.566667 4.96033e-05
2.5 0.566667 5.01419e-05
2.56667 0.566667 4.78939e-05
2.63333 0.566667 4.24877e-05
2.7 0.566667 3.31891e-05
2.76667 0.566667 1.86459e-05
2.83333 0.566667 3.67159e-06
2.9 0.566667 3.90283e-05
2.96667 0.566667 8.45874e-05
3.03333 0.566667 0.000119601
3.1 0.566667 0.000107358
3.16667 0.566667 2.3406e-05
3.23333 0.566667 7.85306e-05
3.3 0.566667 9.18704e-05
3.36667 0.566667 8.37114e-05
3.43333 0.566667 6.92895e-05
3.5 0.566667 5.54519e-05
3.56667 0.566667 4.53392e-05
3.63333 0.566667 3.75328e-05
3.7 0.566667 3.15513e-05
3.76667 0.566667 2.69235e-05
3.83333 0.566667 2.32616e-05
3.9 0.566667 2.02741e-05
3.96667 0.566667 1.77553e-05
4.03333 0.566667 1.55661e-05
4.1 0.566667 1.36164e-05
4.16667 0.566667 1.18499e-05
4.23333 0.566667 1.02333e-05
4.3 0.566667 8.74796e-06
4.36667 0.566667 7.384e-06
4.43333 0.566667 6.13587e-06
4.5 0.566667 4.99729e-06
4.56667 0.566667 3.95484e-06
4.63333 0.566667 2.97759e-06
4.7 0.566667 1.99904e-06
4.76667 0.566667 8.85238e-07
4.83333 0.566667 6.21415e-07
4.9 0.566667 3.00119e-06
4.96667 0.566667 7.13213e-06
0.0333333 0.633333 0.000182006
0.1 0.633333 7.20168e-05
0.166667 0.633333 4.26946e-05
0.233333 0.633333 0.000117455
0.3 0.633333 0.000147
0.366667 0.633333 0.000148892
0.433333 0.633333 0.000124694
0.5 0.633333 8.07159e-05
0.566667 0.633333 4.3904e-05
0.633333 0.633333 3.23757e-05
0.7 0.633333 2.11658e-05
0.766667 0.633333 9.13766e-07
0.833333 0.633333 2.23164e-05
0.9 0.633333 3.71259e-05
0.966667 0.633333 5.13045e-05
1.03333 0.633333 6.82561e-05
1.1 0.633333 8.62038e-05
1.16667 0.633333 0.000103189
1.23333 0.633333 0.000116393
1.3 0.633333 0.00012088
1.36667 0.633333 0.0001107
1.43333 0.633333 8.38523e-05
1.5 0.633333 1.38059e-05
1.56667 0.633333 0.000415613
1.63333 0.633333 0.00025796
1.7 0.633333 1.17755e-05
1.76667 0.633333 4.72076e-05
1.83333 0.633333 5.63691e-05
1.9 0.633333 4.61334e-05
1.96667 0.633333 2.97087e-05
2.03333 0.633333 1.27386e-05
2.1 0.633333 2.43987e-06
2.16667 0.633333 1.50366e-05
2.23333 0.633333 2.49547e-05
2.3 0.633333 3.23681e-05
2.36667 0.633333 3.751e-05
2.43333 0.633333 4.05697e-05
2.5 0.633333 4.16401e-05
2.56667 0.633333 4.06879e-05
2.63333 0.633333 3.7533e-05
2.7 0.633333 3.18378e-05
2.76667 0.633333 2.31309e-05
2.83333 0.633333 1.09745e-05
2.9 0.633333 4.28771e-06
2.96667 0.633333 1.50231e-05
3.03333 0.633333 1.60404e-05
3.1 0.633333 1.36316e-05
3.16667 0.633333 6.04004e-05
3.23333 0.633333 8.5337e-05
3.3 0.633333 8.0455e-05
3.36667 0.633333 6.95247e-05
3.43333 0.633333 5.62904e-05
3.5 0.633333 4.38287e-05
3.56667 0.633333 3.42337e-05
3.63333 0.633333 2.71681e-05
3.7 0.633333 2.19926e-05
3.76667 0.633333 1.81802e-05
3.83333 0.633333 1.53185e-05
3.9 0.633333 1.31049e-05
3.96667 0.633333 1.13282e-05
4.03333 0.633333 9.84657e-06
4.1 0.633333 8.56808e-06
4.16667 0.633333 7.43531e-06
4.23333 0.633333 6.41403e-06
4.3 0.633333 5.48499e-06
4.36667 0.633333 4.63794e-06
4.43333 0.633333 3.86687e-06
4.5 0.633333 3.16524e-06
4.56667 0.633333 2.5197e-06
4.63333 0.633333 1.90016e-06
4.7 0.633333 1.24286e-06
4.76667 0.633333 4.20886e-07
4.83333 0.633333 8.058e-07
4.9 0.633333 2.87322e-06
4.96667 0.633333 6.54561e-06
0.0333333 0.7 0.000182822
0.1 0.7 9.72365e-05
0.166667 0.7 7.17255e-06
0.233333 0.7 5.50596e-05
0.3 0.7 7.52281e-05
0.366667 0.7 6.94834e-05
0.433333 0.7 4.87719e-05
0.5 0.7 2.10882e-05
0.566667 0.7 3.47915e-06
0.633333 0.7 4.04515e-08
0.7 0.7 4.26433e-06
0.766667 0.7 1.68932e-05
0.833333 0.7 3.00274e-05
0.9 0.7 3.86498e-05
0.966667 0.7 4.66079e-05
1.03333 0.7 5.66466e-05
1.1 0.7 6.82858e-05
1.16667 0.7 7.78571e-05
1.23333 0.7 8.2148e-05
1.3 0.7 7.49569e-05
1.36667 0.7 4.88946e-05
1.43333 0.7 8.25532e-06
1.5 0.7 0.000122742
1.56667 0.7 0.000208247
1.63333 0.7 0.000121262
1.7 0.7 7.97579e-06
1.76667 0.7 3.86457e-05
1.83333 0.7 4.56498e-05
1.9 0.7 3.73573e-05
1.96667 0.7 2.43852e-05
2.03333 0.7 1.14272e-05
2.1 0.7 2.63083e-07
2.16667 0.7 8.67989e-06
2.23333 0.7 1.55468e-05
2.3 0.7 2.06703e-05
2.36667 0.7 2.43907e-05
2.43333 0.7 2.69784e-05
2.5 0.7 2.86064e-05
2.56667 0.7 2.93483e-05
2.63333 0.7 2.92002e-05
2.7 0.7 2.81432e-05
2.76667 0.7 2.62962e-05
2.83333 0.7 2.425e-05
2.9 0.7 2.38224e-05
2.96667 0.7 2.66356e-05
3.03333 0.7 3.59587e-05
3.1 0.7 5.15957e-05
3.16667 0.7 6.58637e-05
3.23333 0.7 6.83652e-05
3.3 0.7 5.94547e-05
3.36667 0.7 4.64397e-05
3.43333 0.7 3.41126e-05
3.5 0.7 2.3722e-05
3.56667 0.7 1.58058e-05
3.63333 0.7 1.0255e-05
3.7 0.7 6.54539e-06
3.76667 0.7 4.14412e-06
3.83333 0.7 2.63029e-06
3.9 0.7 1.69666e-06
3.96667 0.7 1.13024e-06
4.03333 0.7 7.88672e-07
4.1 0.7 5.80286e-07
4.16667 0.7 4.48428e-07
4.23333 0.7 3.59874e-07
4.3 0.7 2.9653e-07
4.36667 0.7 2.49431e-07
4.43333 0.7 2.14016e-07
4.5 0.7 1.85559e-07
4.56667 0.7 1.53385e-07
4.63333 0.7 9.18707e-08
4.7 0.7 5.48412e-08
4.76667 0.7 3.99026e-07
4.83333 0.7 1.15186e-06
4.9 0.7 2.68562e-06
4.96667 0.7 5.60894e-06
0.0333333 0.766667 0.000150205
0.1 0.766667 9.26831e-05
0.166667 0.766667 3.60771e-05
0.233333 0.766667 6.07471e-07
0.3 0.766667 9.84963e-06
0.366667 0.766667 1.55119e-06
0.433333 0.766667 1.91939e-05
0.5 0.766667 3.44256e-05
0.566667 0.766667 4.03383e-05
0.633333 0.766667 3.83262e-05
0.7 0.766667 3.7781e-05
0.766667 0.766667 4.1438e-05
0.833333 0.766667 4.48962e-05
0.9 0.766667 4.54838e-05
0.966667 0.766667 4.44905e-05
1.03333 0.766667 4.43795e-05
1.1 0.766667 4.57637e-05
1.16667 0.766667 4.61677e-05
1.23333 0.766667 4.22024e-05
1.3 0.766667 2.92296e-05
1.36667 0.766667 2.60553e-06
1.43333 0.766667 3.88269e-05
1.5 0.766667 7.76447e-05
1.56667 0.766667 7.73428e-05
1.63333 0.766667 3.80978e-05
1.7 0.766667 4.51582e-06
1.76667 0.766667 2.56547e-05
1.83333 0.766667 2.80648e-05
1.9 0.766667 2.20219e-05
1.96667 0.766667 1.39851e-05
2.03333 0.766667 6.80236e-06
2.1 0.766667 1.33177e-06
2.16667 0.766667 2.50355e-06
2.23333 0.766667 5.12933e-06
2.3 0.766667 7.03559e-06
2.36667 0.766667 8.65594e-06
2.43333 0.766667 1.03267e-05
2.5 0.766667 1.22801e-05
2.56667 0.766667 1.46528e-05
2.63333 0.766667 1.75068e-05
2.7 0.766667 2.08735e-05
2.76667 0.766667 2.48314e-05
2.83333 0.766667 2.95892e-05
2.9 0.766667 3.52277e-05
2.96667 0.766667 4.15487e-05
3.03333 0.766667 4.75723e-05
3.1 0.766667 5.11122e-05
3.16667 0.766667 4.96165e-05
3.23333 0.766667 4.16695e-05
3.3 0.766667 2.93209e-05
3.36667 0.766667 1.63766e-05
3.43333 0.766667 5.34941e-06
3.5 0.766667 2.87855e-06
3.56667 0.766667 8.41396e-06
3.63333 0.766667 1.16944e-05
3.7 0.766667 1.32752e-05
3.76667 0.766667 1.36891e-05
3.83333 0.766667 1.33549e-05
3.9 0.766667 1.25723e-05
3.96667 0.766667 1.15488e-05
4.03333 0.766667 1.04206e-05
4.1 0.766667 9.27284e-06
4.16667 0.766667 8.15552e-06
4.23333 0.766667 7.0956e-06
4.3 0.766667 6.10519e-06
4.36667 0.766667 5.18746e-06
4.43333 0.766667 4.34116e-06
4.5 0.766667 3.5647e-06
4.56667 0.766667 2.86101e-06
4.63333 0.766667 2.24508e-06
4.7 0.766667 1.75672e-06
4.76667 0.766667 1.48316e-06
4.83333 0.766667 1.59664e-06
4.9 0.766667 2.40241e-06
4.96667 0.766667 4.36374e-06
0.0333333 0.833333 9.9942e-05
0.1 0.833333 7.21404e-05
0.166667 0.833333 5.23625e-05
0.233333 0.833333 4.72098e-05
0.3 0.833333 5.34337e-05
0.366667 0.833333 6.6934e-05
0.433333 0.833333 8.20167e-05
0.5 0.833333 9.18684e-05
0.566667 0.833333 9.21459e-05
0.633333 0.833333 8.57329e-05
0.7 0.833333 8.02873e-05
0.766667 0.833333 7.58196e-05
0.833333 0.833333 6.89107e-05
0.9 0.833333 5.98614e-05
0.966667 0.833333 4.93663e-05
1.03333 0.833333 3.87594e-05
1.1 0.833333 2.94088e-05
1.16667 0.833333 2.11003e-05
1.23333 0.833333 1.25759e-05
1.3 0.833333 2.29938e-06
1.36667 0.833333 1.03657e-05
1.43333 0.833333 2.24674e-05
1.5 0.833333 2.70963e-05
1.56667 0.833333 2.01598e-05
1.63333 0.833333 6.3224e-06
1.7 0.833333 4.67855e-06
1.76667 0.833333 8.08496e-06
1.83333 0.833333 6.01618e-06
1.9 0.833333 2.52798e-06
1.96667 0.833333 1.60455e-07
2.03333 0.833333 3.26379e-07
2.1 0.833333 8.01181e-07
2.16667 0.833333 2.8799e-06
2.23333 0.833333 5.19236e-06
2.3 0.833333 7.1101e-06
2.36667 0.833333 8.13218e-06
2.43333 0.833333 7.88301e-06
2.5 0.833333 6.10407e-06
2.56667 0.833333 2.65528e-06
2.63333 0.833333 2.46843e-06
2.7 0.833333 9.1037e-06
2.76667 0.833333 1.68607e-05
2.83333 0.833333 2.50028e-05
2.9 0.833333 3.2322e-05
2.96667 0.833333 3.71495e-05
3.03333 0.833333 3.77192e-05
3.1 0.833333 3.28906e-05
3.16667 0.833333 2.28313e-05
3.23333 0.833333 9.26848e-06
3.3 0.833333 5.05188e-06
3.36667 0.833333 1.75525e-05
3.43333 0.833333 2.68459e-05
3.5 0.833333 3.27298e-05
3.56667 0.833333 3.55649e-05
3.63333 0.833333 3.60571e-05
3.7 0.833333 3.50285e-05
3.76667 0.833333 3.30616e-05
3.83333 0.833333 3.05446e-05
3.9 0.833333 2.77749e-05
3.96667 0.833333 2.49496e-05
4.03333 0.833333 2.21906e-05
4.1 0.833333 1.95678e-05
4.16667 0.833333 1.71168e-05
4.23333 0.833333 1.48511e-05
4.3 0.833333 1.27702e-05
4.36667 0.833333 1.08654e-05
4.43333 0.833333 9.12434e-06
4.5 0.833333 7.53354e-06
4.56667 0.833333 6.08268e-06
4.63333 0.833333 4.76977e-06
4.7 0.833333 3.6109e-06
4.76667 0.833333 2.65832e-06
4.83333 0.833333 2.03407e-06
4.9 0.833333 1.98679e-06
4.96667 0.833333 2.90352e-06
0.0333333 0.9 4.84587e-05
0.1 0.9 5.10929e-05
0.166667 0.9 6.87367e-05
0.233333 0.9 9.3959e-05
0.3 0.9 0.000118787
0.366667 0.9 0.000139114
0.433333 0.9 0.000153995
0.5 0.9 0.000161595
0.566667 0.9 0.000160643
0.633333 0.9 0.000152606
0.7 0.9 0.000140048
0.766667 0.9 0.000124704
0.833333 0.9 0.000107057
0.9 0.9 8.78086e-05
0.966667 0.9 6.76406e-05
1.03333 0.9 4.71639e-05
1.1 0.9 2.82013e-05
1.16667 0.9 1.27841e-05
1.23333 0.9 2.09082e-06
1.3 0.9 3.47123e-06
1.36667 0.9 4.22297e-06
1.43333 0.9 1.41742e-06
1.5 0.9 2.53047e-06
1.56667 0.9 4.55469e-06
1.63333 0.9 2.46357e-06
1.7 0.9 3.42691e-06
1.76667 0.9 1.04104e-05
1.83333 0.9 1.53363e-05
1.9 0.9 1.64354e-05
1.96667 0.9 1.36469e-05
2.03333 0.9 7.95063e-06
2.1 0.9 6.4885e-07
2.16667 0.9 7.04478e-06
2.23333 0.9 1.41506e-05
2.3 0.9 1.99272e-05
2.36667 0.9 2.38269e-05
2.43333 0.9 2.54516e-05
2.5 0.9 2.45352e-05
2.56667 0.9 2.09621e-05
2.63333 0.9 1.4831e-05
2.7 0.9 6.56505e-06
2.76667 0.9 2.94166e-06
2.83333 0.9 1.21988e-05
2.9 0.9 1.91554e-05
2.96667 0.9 2.15866e-05
3.03333 0.9 1.78709e-05
3.1 0.9 7.83615e-06
3.16667 0.9 6.89778e-06
3.23333 0.9 2.34379e-05
3.3 0.9 3.87204e-05
3.36667 0.9 5.05417e-05
3.43333 0.9 5.80129e-05
3.5 0.9 6.1402e-05
3.56667 0.9 6.16e-05
3.63333 0.9 5.95431e-05
3.7 0.9 5.60128e-05
3.76667 0.9 5.16563e-05
3.83333 0.9 4.69496e-05
3.9 0.9 4.22082e-05
3.96667 0.9 3.76195e-05
4.03333 0.9 3.32848e-05
4.1 0.9 2.92562e-05
4.16667 0.9 2.55513e-05
4.23333 0.9 2.21659e-05
4.3 0.9 1.90835e-05
4.36667 0.9 1.62804e-05
4.43333 0.9 1.37295e-05
4.5 0.9 1.14029e-05
4.56667 0.9 9.27417e-06
4.63333 0.9 7.32157e-06
4.7 0.9 5.53474e-06
4.76667 0.9 3.92746e-06
4.83333 0.9 2.56439e-06
4.9 0.9 1.61699e-06
4.96667 0.9 1.47931e-06
0.0333333 0.966667 1.46721e-05
0.1 0.966667 4.71974e-05
0.166667 0.966667 9.60513e-05
0.233333 0.966667 0.000146202
0.3 0.966667 0.000188914
0.366667 0.966667 0.000220352
0.433333 0.966667 0.000239721
0.5 0.966667 0.000247381
0.566667 0.966667 0.000244183
0.633333 0.966667 0.000231747
0.7 0.966667 0.000212292
0.766667 0.966667 0.000187866
0.833333 0.966667 0.000160059
0.9 0.966667 0.000130177
0.966667 0.966667 9.9617e-05
1.03333 0.966667 6.99343e-05
1.1 0.966667 4.30934e-05
1.16667 0.966667 2.17738e-05
1.23333 0.966667 8.41977e-06
1.3 0.966667 3.96136e-06
1.36667 0.966667 6.93964e-06
1.43333 0.966667 1.31043e-05
1.5 0.966667 1.66142e-05
1.56667 0.966667 1.30342e-05
1.63333 0.966667 2.12956e-06
1.7 0.966667 1.20931e-05
1.76667 0.966667 2.4188e-05
1.83333 0.966667 3.03762e-05
1.9 0.966667 2.97193e-05
1.96667 0.966667 2.33975e-05
2.03333 0.966667 1.34298e-05
2.1 0.966667 1.78871e-06
2.16667 0.966667 9.94924e-06
2.23333 0.966667 2.06345e-05
2.3 0.966667 2.94559e-05
2.36667 0.966667 3.58382e-05
2.43333 0.966667 3.93705e-05
2.5 0.966667 3.97811e-05
2.56667 0.966667 3.69698e-05
2.63333 0.966667 3.11001e-05
2.7 0.966667 2.27535e-05
2.76667 0.966667 1.3107e-05
2.83333 0.966667 4.03276e-06
2.9 0.966667 2.05895e-06
2.96667 0.966667 2.79175e-06
3.03333 0.966667 3.26708e-06
3.1 0.966667 1.57946e-05
3.16667 0.966667 3.25766e-05
3.23333 0.966667 5.02615e-05
3.3 0.966667 6.56341e-05
3.36667 0.966667 7.66282e-05
3.43333 0.966667 8.25737e-05
3.5 0.966667 8.40007e-05
3.56667 0.966667 8.21153e-05
3.63333 0.966667 7.80242e-05
3.7 0.966667 7.25256e-05
3.76667 0.966667 6.63133e-05
3.83333 0.966667 5.99147e-05
3.9 0.966667 5.36386e-05
3.96667 0.966667 4.767e-05
4.03333 0.966667 4.21098e-05
4.1 0.966667 3.69955e-05
4.16667 0.966667 3.23284e-05
4.23333 0.966667 2.80889e-05
4.3 0.966667 2.42461e-05
4.36667 0.966667 2.07625e-05
4.43333 0.966667 1.7598e-05
4.5 0.966667 1.47111e-05
4.56667 0.966667 1.20609e-05
4.63333 0.966667 9.60878e-06
4.7 0.966667 7.32323e-06
4.76667 0.966667 5.18922e-06
4.83333 0.966667 3.22983e-06
4.9 0.966667 1.55405e-06
4.96667 0.966667 4.81392e-07
