0.0333333 0.0333333 4.68235e-07
0.1 0.0333333 1.6314e-06
0.166667 0.0333333 3.21402e-06
0.233333 0.0333333 4.02501e-06
0.3 0.0333333 3.01918e-06
0.366667 0.0333333 1.01175e-08
0.433333 0.0333333 4.17032e-06
0.5 0.0333333 7.99419e-06
0.566667 0.0333333 1.03396e-05
0.633333 0.0333333 1.08879e-05
0.7 0.0333333 9.99465e-06
0.766667 0.0333333 8.27198e-06
0.833333 0.0333333 6.28045e-06
0.9 0.0333333 4.40624e-06
0.966667 0.0333333 2.85422e-06
1.03333 0.0333333 1.68983e-06
1.1 0.0333333 8.91881e-07
1.16667 0.0333333 3.96993e-07
1.23333 0.0333333 1.29309e-07
1.3 0.0333333 1.66823e-08
1.36667 0.0333333 2.16371e-09
1.43333 0.0333333 2.48742e-08
1.5 0.0333333 6.38654e-08
1.56667 0.0333333 9.43253e-08
1.63333 0.0333333 1.07446e-07
1.7 0.0333333 1.03064e-07
1.76667 0.0333333 8.59652e-08
1.83333 0.0333333 6.24877e-08
1.9 0.0333333 3.81963e-08
1.96667 0.0333333 1.6833e-08
2.03333 0.0333333 2.6042e-10
2.1 0.0333333 1.10796e-08
2.16667 0.0333333 1.75943e-08
2.23333 0.0333333 2.00718e-08
2.3 0.0333333 1.93776e-08
2.36667 0.0333333 1.62984e-08
2.43333 0.0333333 1.14859e-08
2.5 0.0333333 5.46103e-09
2.56667 0.0333333 1.34907e-09
2.63333 0.0333333 8.55996e-09
2.7 0.0333333 1.5775e-08
2.76667 0.0333333 2.25401e-08
2.83333 0.0333333 2.83288e-08
2.9 0.0333333 3.25818e-08
2.96667 0.0333333 3.48172e-08
3.03333 0.0333333 3.47875e-08
3.1 0.0333333 3.26075e-08
3.16667 0.0333333 2.87668e-08
3.23333 0.0333333 2.39941e-08
3.3 0.0333333 1.90377e-08
3.36667 0.0333333 1.44752e-08
3.43333 0.0333333 1.06301e-08
3.5 0.0333333 7.59617e-09
3.56667 0.0333333 5.31639e-09
3.63333 0.0333333 3.66329e-09
3.7 0.0333333 2.49513e-09
3.76667 0.0333333 1.68486e-09
3.83333 0.0333333 1.13034e-09
3.9 0.0333333 7.54553e-10
3.96667 0.0333333 5.01714e-10
4.03333 0.0333333 3.32506e-10
4.1 0.0333333 2.19723e-10
4.16667 0.0333333 1.4478e-10
4.23333 0.0333333 9.50985e-11
4.3 0.0333333 6.22258e-11
4.36667 0.0333333 4.05078e-11
4.43333 0.0333333 2.61783e-11
4.5 0.0333333 1.67361e-11
4.56667 0.0333333 1.05246e-11
4.63333 0.0333333 6.44954e-12
4.7 0.0333333 3.7905e-12
4.76667 0.0333333 2.07626e-12
4.83333 0.0333333 1.00234e-12
4.9 0.0333333 3.77636e-13
4.96667 0.0333333 9.08569e-14
0.0333333 0.1 1.81377e-06
0.1 0.1 2.5464e-06
0.166667 0.1 3.53682e-06
0.233333 0.1 3.95142e-06
0.3 0.1 3.00985e-06
0.366667 0.1 4.97982e-07
0.433333 0.1 3.00193e-06
0.5 0.1 6.41046e-06
0.566667 0.1 8.76408e-06
0.633333 0.1 9.64587e-06
0.7 0.1 9.20007e-06
0.766667 0.1 7.87017e-06
0.833333 0.1 6.14882e-06
0.9 0.1 4.43029e-06
0.966667 0.1 2.95461e-06
1.03333 0.1 1.81884e-06
1.1 0.1 1.02214e-06
1.16667 0.1 5.13081e-07
1.23333 0.1 2.23369e-07
1.3 0.1 8.63777e-08
1.36667 0.1 4.48986e-08
1.43333 0.1 5.35994e-08
1.5 0.1 7.95889e-08
1.56667 0.1 1.02132e-07
1.63333 0.1 1.11358e-07
1.7 0.1 1.05763e-07
1.76667 0.1 8.89312e-08
1.83333 0.1 6.63226e-08
1.9 0.1 4.2961e-08
1.96667 0.1 2.23082e-08
2.03333 0.1 6.12148e-09
2.1 0.1 5.16084e-09
2.16667 0.1 1.18993e-08
2.23333 0.1 1.48188e-08
2.3 0.1 1.47246e-08
2.36667 0.1 1.23534e-08
2.43333 0.1 8.31788e-09
2.5 0.1 3.10776e-09
2.56667 0.1 2.87918e-09
2.63333 0.1 9.29169e-09
2.7 0.1 1.57756e-08
2.76667 0.1 2.19294e-08
2.83333 0.1 2.72805e-08
2.9 0.1 3.13057e-08
2.96667 0.1 3.35204e-08
3.03333 0.1 3.36279e-08
3.1 0.1 3.16659e-08
3.16667 0.1 2.80507e-08
3.23333 0.1 2.34684e-08
3.3 0.1 1.8658e-08
3.36667 0.1 1.4205e-08
3.43333 0.1 1.04432e-08
3.5 0.1 7.47176e-09
3.56667 0.1 5.23684e-09
3.63333 0.1 3.61421e-09
3.7 0.1 2.4657e-09
3.76667 0.1 1.66761e-09
3.83333 0.1 1.12041e-09
3.9 0.1 7.48935e-10
3.96667 0.1 4.98599e-10
4.03333 0.1 3.30832e-10
4.1 0.1 2.18873e-10
4.16667 0.1 1.44401e-10
4.23333 0.1 9.49896e-11
4.3 0.1 6.22716e-11
4.36667 0.1 4.06427e-11
4.43333 0.1 2.63649e-11
4.5 0.1 1.69529e-11
4.56667 0.1 1.07591e-11
4.63333 0.1 6.6945e-12
4.7 0.1 4.04172e-12
4.76667 0.1 2.33119e-12
4.83333 0.1 1.25943e-12
4.9 0.1 6.35926e-13
4.96667 0.1 3.49674e-13
0.0333333 0.166667 4.21418e-06
0.1 0.166667 4.15042e-06
0.166667 0.166667 3.99917e-06
0.233333 0.166667 3.56232e-06
0.3 0.166667 2.71482e-06
0.366667 0.166667 1.49615e-06
0.433333 0.166667 2.91404e-07
0.5 0.166667 2.76675e-06
0.566667 0.166667 5.2784e-06
0.633333 0.166667 6.99283e-06
0.7 0.166667 7.55285e-06
0.766667 0.166667 7.06518e-06
0.833333 0.166667 5.90276e-06
0.9 0.166667 4.49313e-06
0.966667 0.166667 3.16118e-06
1.03333 0.166667 2.07533e-06
1.1 0.166667 1.27767e-06
1.16667 0.166667 7.3981e-07
1.23333 0.166667 4.07045e-07
1.3 0.166667 2.22563e-07
1.36667 0.166667 1.36687e-07
1.43333 0.166667 1.09197e-07
1.5 0.166667 1.0955e-07
1.56667 0.166667 1.16715e-07
1.63333 0.166667 1.1867e-07
1.7 0.166667 1.11078e-07
1.76667 0.166667 9.49896e-08
1.83333 0.166667 7.41019e-08
1.9 0.166667 5.24341e-08
1.96667 0.166667 3.29857e-08
2.03333 0.166667 1.73741e-08
2.1 0.166667 6.06787e-09
2.16667 0.166667 1.1898e-09
2.23333 0.166667 5.0032e-09
2.3 0.166667 6.06903e-09
2.36667 0.166667 5.03726e-09
2.43333 0.166667 2.45488e-09
2.5 0.166667 1.23973e-09
2.56667 0.166667 5.69537e-09
2.63333 0.166667 1.06138e-08
2.7 0.166667 1.57111e-08
2.76667 0.166667 2.06794e-08
2.83333 0.166667 2.51536e-08
2.9 0.166667 2.86996e-08
2.96667 0.166667 3.08554e-08
3.03333 0.166667 3.12493e-08
3.1 0.166667 2.97628e-08
3.16667 0.166667 2.66434e-08
3.23333 0.166667 2.24689e-08
3.3 0.166667 1.7955e-08
3.36667 0.166667 1.37137e-08
3.43333 0.166667 1.01072e-08
3.5 0.166667 7.25028e-09
3.56667 0.166667 5.09632e-09
3.63333 0.166667 3.52795e-09
3.7 0.166667 2.41413e-09
3.76667 0.166667 1.63741e-09
3.83333 0.166667 1.10303e-09
3.9 0.166667 7.39101e-10
3.96667 0.166667 4.93146e-10
4.03333 0.166667 3.27903e-10
4.1 0.166667 2.17391e-10
4.16667 0.166667 1.43748e-10
4.23333 0.166667 9.48111e-11
4.3 0.166667 6.23661e-11
4.36667 0.166667 4.08949e-11
4.43333 0.166667 2.67088e-11
4.5 0.166667 1.73504e-11
4.56667 0.166667 1.11883e-11
4.63333 0.166667 7.14243e-12
4.7 0.166667 4.50085e-12
4.76667 0.166667 2.79699e-12
4.83333 0.166667 1.72914e-12
4.9 0.166667 1.10779e-12
4.96667 0.166667 8.22481e-13
0.0333333 0.233333 6.91153e-06
0.1 0.233333 5.8669e-06
0.166667 0.233333 4.18096e-06
0.233333 0.233333 2.32895e-06
0.3 0.233333 1.30158e-06
0.366667 0.233333 2.80756e-06
0.433333 0.233333 4.70141e-06
0.5 0.233333 3.6076e-06
0.566667 0.233333 4.94594e-07
0.633333 0.233333 2.72676e-06
0.7 0.233333 4.96627e-06
0.766667 0.233333 5.84845e-06
0.833333 0.233333 5.56586e-06
0.9 0.233333 4.61506e-06
0.966667 0.233333 3.47621e-06
1.03333 0.233333 2.44757e-06
1.1 0.233333 1.64192e-06
1.16667 0.233333 1.0619e-06
1.23333 0.233333 6.68822e-07
1.3 0.233333 4.17485e-07
1.36667 0.233333 2.67901e-07
1.43333 0.233333 1.87555e-07
1.5 0.233333 1.50358e-07
1.56667 0.233333 1.35577e-07
1.63333 0.233333 1.27989e-07
1.7 0.233333 1.18541e-07
1.76667 0.233333 1.04122e-07
1.83333 0.233333 8.57819e-08
1.9 0.233333 6.62684e-08
1.96667 0.233333 4.81398e-08
2.03333 0.233333 3.29701e-08
2.1 0.233333 2.13474e-08
2.16667 0.233333 1.31842e-08
2.23333 0.233333 8.03967e-09
2.3 0.233333 5.35125e-09
2.36667 0.233333 4.5697e-09
2.43333 0.233333 5.22023e-09
2.5 0.233333 6.91752e-09
2.56667 0.233333 9.35568e-09
2.63333 0.233333 1.22873e-08
2.7 0.233333 1.54994e-08
2.76667 0.233333 1.87901e-08
2.83333 0.233333 2.1942e-08
2.9 0.233333 2.46848e-08
2.96667 0.233333 2.66642e-08
3.03333 0.233333 2.74773e-08
3.1 0.233333 2.67945e-08
3.16667 0.233333 2.45442e-08
3.23333 0.233333 2.1061e-08
3.3 0.233333 1.70093e-08
3.36667 0.233333 1.30715e-08
3.43333 0.233333 9.67828e-09
3.5 0.233333 6.9731e-09
3.56667 0.233333 4.92303e-09
3.63333 0.233333 3.42257e-09
3.7 0.233333 2.35146e-09
3.76667 0.233333 1.60081e-09
3.83333 0.233333 1.08199e-09
3.9 0.233333 7.27195e-10
3.96667 0.233333 4.86546e-10
4.03333 0.233333 3.24361e-10
4.1 0.233333 2.15607e-10
4.16667 0.233333 1.42972e-10
4.23333 0.233333 9.46152e-11
4.3 0.233333 6.25044e-11
4.36667 0.233333 4.12269e-11
4.43333 0.233333 2.71536e-11
4.5 0.233333 1.78615e-11
4.56667 0.233333 1.17387e-11
4.63333 0.233333 7.71621e-12
4.7 0.233333 5.08863e-12
4.76667 0.233333 3.39314e-12
4.83333 0.233333 2.3302e-12
4.9 0.233333 1.71154e-12
4.96667 0.233333 1.42743e-12
0.0333333 0.3 8.72238e-06
0.1 0.3 6.85469e-06
0.166667 0.3 3.74035e-06
0.233333 0.3 8.37816e-09
0.3 0.3 2.73993e-06
0.366667 0.3 3.40519e-06
0.433333 0.3 1.20002e-05
0.5 0.3 1.22534e-05
0.566667 0.3 8.09156e-06
0.633333 0.3 2.95275e-06
0.7 0.3 1.49336e-06
0.766667 0.3 4.24231e-06
0.833333 0.3 5.16947e-06
0.9 0.3 4.81219e-06
0.966667 0.3 3.88313e-06
1.03333 0.3 2.90107e-06
1.1 0.3 2.07764e-06
1.16667 0.3 1.44746e-06
1.23333 0.3 9.85446e-07
1.3 0.3 6.56066e-07
1.36667 0.3 4.2881e-07
1.43333 0.3 2.8136e-07
1.5 0.3 1.95823e-07
1.56667 0.3 1.53947e-07
1.63333 0.3 1.3647e-07
1.7 0.3 1.26943e-07
1.76667 0.3 1.15853e-07
1.83333 0.3 1.0083e-07
1.9 0.3 8.35093e-08
1.96667 0.3 6.63611e-08
2.03333 0.3 5.11607e-08
2.1 0.3 3.8747e-08
2.16667 0.3 2.92583e-08
2.23333 0.3 2.24313e-08
2.3 0.3 1.78328e-08
2.36667 0.3 1.50018e-08
2.43333 0.3 1.35209e-08
2.5 0.3 1.30419e-08
2.56667 0.3 1.32861e-08
2.63333 0.3 1.40336e-08
2.7 0.3 1.51134e-08
2.76667 0.3 1.6398e-08
2.83333 0.3 1.78055e-08
2.9 0.3 1.92886e-08
2.96667 0.3 2.07629e-08
3.03333 0.3 2.19942e-08
3.1 0.3 2.25167e-08
3.16667 0.3 2.1706e-08
3.23333 0.3 1.93177e-08
3.3 0.3 1.59061e-08
3.36667 0.3 1.23542e-08
3.43333 0.3 9.21879e-09
3.5 0.3 6.68576e-09
3.56667 0.3 4.74727e-09
3.63333 0.3 3.31712e-09
3.7 0.3 2.28922e-09
3.76667 0.3 1.5646e-09
3.83333 0.3 1.06121e-09
3.9 0.3 7.15441e-10
3.96667 0.3 4.80032e-10
4.03333 0.3 3.20871e-10
4.1 0.3 2.13858e-10
4.16667 0.3 1.42224e-10
4.23333 0.3 9.44441e-11
4.3 0.3 6.2667e-11
4.36667 0.3 4.15835e-11
4.43333 0.3 2.76237e-11
4.5 0.3 1.83986e-11
4.56667 0.3 1.23154e-11
4.63333 0.3 8.31677e-12
4.7 0.3 5.70346e-12
4.76667 0.3 4.01653e-12
4.83333 0.3 2.95863e-12
4.9 0.3 2.34275e-12
4.96667 0.3 2.05986e-12
0.0333333 0.366667 8.62813e-06
0.1 0.366667 6.45863e-06
0.166667 0.366667 2.95668e-06
0.233333 0.366667 1.05236e-06
0.3 0.366667 3.56222e-06
0.366667 0.366667 6.36698e-06
0.433333 0.366667 1.89791e-05
0.5 0.366667 1.98479e-05
0.566667 0.366667 1.51117e-05
0.633333 0.366667 8.67034e-06
0.7 0.366667 2.21067e-06
0.766667 0.366667 2.46627e-06
0.833333 0.366667 4.76563e-06
0.9 0.366667 5.06855e-06
0.966667 0.366667 4.32312e-06
1.03333 0.366667 3.36713e-06
1.1 0.366667 2.52023e-06
1.16667 0.366667 1.84247e-06
1.23333 0.366667 1.31663e-06
1.3 0.366667 9.11584e-07
1.36667 0.366667 6.02726e-07
1.43333 0.366667 3.78715e-07
1.5 0.366667 2.35712e-07
1.56667 0.366667 1.63614e-07
1.63333 0.366667 1.39224e-07
1.7 0.366667 1.34135e-07
1.76667 0.366667 1.29013e-07
1.83333 0.366667 1.17875e-07
1.9 0.366667 1.023e-07
1.96667 0.366667 8.53927e-08
2.03333 0.366667 6.94681e-08
2.1 0.366667 5.57431e-08
2.16667 0.366667 4.46014e-08
2.23333 0.366667 3.59329e-08
2.3 0.366667 2.93962e-08
2.36667 0.366667 2.45832e-08
2.43333 0.366667 2.11037e-08
2.5 0.366667 1.86208e-08
2.56667 0.366667 1.68568e-08
2.63333 0.366667 1.55889e-08
2.7 0.366667 1.46437e-08
2.76667 0.366667 1.39024e-08
2.83333 0.366667 1.33256e-08
2.9 0.366667 1.30128e-08
2.96667 0.366667 1.32578e-08
3.03333 0.366667 1.44431e-08
3.1 0.366667 1.65594e-08
3.16667 0.366667 1.81155e-08
3.23333 0.366667 1.73441e-08
3.3 0.366667 1.47446e-08
3.36667 0.366667 1.16557e-08
3.43333 0.366667 8.79913e-09
3.5 0.366667 6.43402e-09
3.56667 0.366667 4.5972e-09
3.63333 0.366667 3.22844e-09
3.7 0.366667 2.23733e-09
3.76667 0.366667 1.53454e-09
3.83333 0.366667 1.04399e-09
3.9 0.366667 7.05713e-10
3.96667 0.366667 4.74644e-10
4.03333 0.366667 3.1799e-10
4.1 0.366667 2.12421e-10
4.16667 0.366667 1.41619e-10
4.23333 0.366667 9.43201e-11
4.3 0.366667 6.28219e-11
4.36667 0.366667 4.19011e-11
4.43333 0.366667 2.80368e-11
4.5 0.366667 1.88681e-11
4.56667 0.366667 1.28186e-11
4.63333 0.366667 8.84011e-12
4.7 0.366667 6.23898e-12
4.76667 0.366667 4.55938e-12
4.83333 0.366667 3.50579e-12
4.9 0.366667 2.8923e-12
4.96667 0.366667 2.61046e-12
0.0333333 0.433333 6.55078e-06
0.1 0.433333 4.67659e-06
0.166667 0.433333 2.02087e-06
0.233333 0.433333 1.18824e-07
0.3 0.433333 1.82019e-06
0.366667 0.433333 1.1082e-05
0.433333 0.433333 2.03365e-05
0.5 0.433333 2.17096e-05
0.566667 0.433333 1.79107e-05
0.633333 0.433333 1.16546e-05
0.7 0.433333 4.45541e-06
0.766667 0.433333 1.29353e-06
0.833333 0.433333 4.52679e-06
0.9 0.433333 5.31504e-06
0.966667 0.433333 4.69112e-06
1.03333 0.433333 3.74441e-06
1.1 0.433333 2.88018e-06
1.16667 0.433333 2.17165e-06
1.23333 0.433333 1.60257e-06
1.3 0.433333 1.14084e-06
1.36667 0.433333 7.62508e-07
1.43333 0.433333 4.62605e-07
1.5 0.433333 2.55048e-07
1.56667 0.433333 1.51969e-07
1.63333 0.433333 1.2948e-07
1.7 0.433333 1.37577e-07
1.76667 0.433333 1.41708e-07
1.83333 0.433333 1.34546e-07
1.9 0.433333 1.19845e-07
1.96667 0.433333 1.0223e-07
2.03333 0.433333 8.48902e-08
2.1 0.433333 6.94874e-08
2.16667 0.433333 5.66113e-08
2.23333 0.433333 4.62382e-08
2.3 0.433333 3.80572e-08
2.36667 0.433333 3.16639e-08
2.43333 0.433333 2.66599e-08
2.5 0.433333 2.26933e-08
2.56667 0.433333 1.94673e-08
2.63333 0.433333 1.67351e-08
2.7 0.433333 1.42921e-08
2.76667 0.433333 1.1977e-08
2.83333 0.433333 9.69101e-09
2.9 0.433333 7.46377e-09
2.96667 0.433333 5.6414e-09
3.03333 0.433333 5.28159e-09
3.1 0.433333 8.55247e-09
3.16667 0.433333 1.39843e-08
3.23333 0.433333 1.54127e-08
3.3 0.433333 1.37497e-08
3.36667 0.433333 1.11208e-08
3.43333 0.433333 8.49838e-09
3.5 0.433333 6.2607e-09
3.56667 0.433333 4.49628e-09
3.63333 0.433333 3.1696e-09
3.7 0.433333 2.20316e-09
3.76667 0.433333 1.51483e-09
3.83333 0.433333 1.03272e-09
3.9 0.433333 6.99351e-10
3.96667 0.433333 4.71123e-10
4.03333 0.433333 3.16109e-10
4.1 0.433333 2.11486e-10
4.16667 0.433333 1.41231e-10
4.23333 0.433333 9.42479e-11
4.3 0.433333 6.29334e-11
4.36667 0.433333 4.212e-11
4.43333 0.433333 2.83189e-11
4.5 0.433333 1.91876e-11
4.56667 0.433333 1.31605e-11
4.63333 0.433333 9.1955e-12
4.7 0.433333 6.6025e-12
4.76667 0.433333 4.9278e-12
4.83333 0.433333 3.87711e-12
4.9 0.433333 3.26523e-12
4.96667 0.433333 2.9841e-12
0.0333333 0.5 3.4697e-06
0.1 0.5 2.19242e-06
0.166667 0.5 7.07616e-07
0.233333 0.5 4.92606e-07
0.3 0.5 3.27807e-06
0.366667 0.5 9.3664e-06
0.433333 0.5 1.52109e-05
0.5 0.5 1.711e-05
0.566667 0.5 1.50474e-05
0.633333 0.5 1.02192e-05
0.7 0.5 3.89501e-06
0.766667 0.5 1.49244e-06
0.833333 0.5 4.66798e-06
0.9 0.5 5.47997e-06
0.966667 0.5 4.86596e-06
1.03333 0.5 3.92263e-06
1.1 0.5 3.06162e-06
1.16667 0.5 2.35134e-06
1.23333 0.5 1.77135e-06
1.3 0.5 1.28588e-06
1.36667 0.5 8.67979e-07
1.43333 0.5 5.11701e-07
1.5 0.5 2.38478e-07
1.56667 0.5 1.03673e-07
1.63333 0.5 1.02006e-07
1.7 0.5 1.36221e-07
1.76667 0.5 1.52052e-07
1.83333 0.5 1.48131e-07
1.9 0.5 1.32995e-07
1.96667 0.5 1.13685e-07
2.03333 0.5 9.44472e-08
2.1 0.5 7.73165e-08
2.16667 0.5 6.29715e-08
2.23333 0.5 5.13739e-08
2.3 0.5 4.2168e-08
2.36667 0.5 3.49025e-08
2.43333 0.5 2.91385e-08
2.5 0.5 2.44911e-08
2.56667 0.5 2.0636e-08
2.63333 0.5 1.73016e-08
2.7 0.5 1.42579e-08
2.76667 0.5 1.13105e-08
2.83333 0.5 8.30975e-09
2.9 0.5 5.19146e-09
2.96667 0.5 2.11272e-09
3.03333 0.5 4.05916e-11
3.1 0.5 3.05938e-09
3.16667 0.5 1.14265e-08
3.23333 0.5 1.44957e-08
3.3 0.5 1.33384e-08
3.36667 0.5 1.09159e-08
3.43333 0.5 8.38798e-09
3.5 0.5 6.19862e-09
3.56667 0.5 4.46064e-09
3.63333 0.5 3.14899e-09
3.7 0.5 2.19125e-09
3.76667 0.5 1.50797e-09
3.83333 0.5 1.02881e-09
3.9 0.5 6.97142e-10
3.96667 0.5 4.69902e-10
4.03333 0.5 3.15457e-10
4.1 0.5 2.11163e-10
4.16667 0.5 1.41097e-10
4.23333 0.5 9.42245e-11
4.3 0.5 6.2974e-11
4.36667 0.5 4.2198e-11
4.43333 0.5 2.84189e-11
4.5 0.5 1.93008e-11
4.56667 0.5 1.32815e-11
4.63333 0.5 9.32123e-12
4.7 0.5 6.7311e-12
4.76667 0.5 5.05812e-12
4.83333 0.5 4.00845e-12
4.9 0.5 3.39713e-12
4.96667 0.5 3.11625e-12
0.0333333 0.566667 6.7827e-07
0.1 0.566667 5.46487e-08
0.166667 0.566667 7.40731e-07
0.233333 0.566667 4.07068e-07
0.3 0.566667 1.6614e-06
0.366667 0.566667 5.11716e-06
0.433333 0.566667 8.36191e-06
0.5 0.566667 9.75231e-06
0.566667 0.566667 8.72744e-06
0.633333 0.566667 5.54763e-06
0.7 0.566667 1.04388e-06
0.766667 0.566667 2.85298e-06
0.833333 0.566667 5.08194e-06
0.9 0.566667 5.47372e-06
0.966667 0.566667 4.76119e-06
1.03333 0.566667 3.82781e-06
1.1 0.566667 2.99802e-06
1.16667 0.566667 2.31869e-06
1.23333 0.566667 1.76385e-06
1.3 0.566667 1.29454e-06
1.36667 0.566667 8.79147e-07
1.43333 0.566667 5.05972e-07
1.5 0.566667 1.84215e-07
1.56667 0.566667 1.26816e-08
1.63333 0.566667 6.62489e-08
1.7 0.566667 1.364e-07
1.76667 0.566667 1.61246e-07
1.83333 0.566667 1.57185e-07
1.9 0.566667 1.39389e-07
1.96667 0.566667 1.17353e-07
2.03333 0.566667 9.59938e-08
2.1 0.566667 7.74189e-08
2.16667 0.566667 6.21947e-08
2.23333 0.566667 5.01394e-08
2.3 0.566667 4.0773e-08
2.36667 0.566667 3.35505e-08
2.43333 0.566667 2.7968e-08
2.5 0.566667 2.35978e-08
2.56667 0.566667 2.009e-08
2.63333 0.566667 1.71611e-08
2.7 0.566667 1.4581e-08
2.76667 0.566667 1.21705e-08
2.83333 0.566667 9.81873e-09
2.9 0.566667 7.5463e-09
2.96667 0.566667 5.69309e-09
3.03333 0.566667 5.31144e-09
3.1 0.566667 8.5656e-09
3.16667 0.566667 1.39874e-08
3.23333 0.566667 1.54123e-08
3.3 0.566667 1.37488e-08
3.36667 0.566667 1.112e-08
3.43333 0.566667 8.49791e-09
3.5 0.566667 6.26042e-09
3.56667 0.566667 4.49612e-09
3.63333 0.566667 3.16952e-09
3.7 0.566667 2.20312e-09
3.76667 0.566667 1.51481e-09
3.83333 0.566667 1.03271e-09
3.9 0.566667 6.99344e-10
3.96667 0.566667 4.7112e-10
4.03333 0.566667 3.16108e-10
4.1 0.566667 2.11485e-10
4.16667 0.566667 1.4123e-10
4.23333 0.566667 9.42477e-11
4.3 0.566667 6.29333e-11
4.36667 0.566667 4.21199e-11
4.43333 0.566667 2.83188e-11
4.5 0.566667 1.91876e-11
4.56667 0.566667 1.31605e-11
4.63333 0.566667 9.19549e-12
4.7 0.566667 6.6025e-12
4.76667 0.566667 4.9278e-12
4.83333 0.566667 3.87711e-12
4.9 0.566667 3.26522e-12
4.96667 0.566667 2.98409e-12
0.0333333 0.633333 1.04146e-06
0.1 0.633333 1.43914e-06
0.166667 0.633333 1.78283e-06
0.233333 0.633333 1.5584e-06
0.3 0.633333 5.12429e-07
0.366667 0.633333 1.08372e-06
0.433333 0.633333 2.49853e-06
0.5 0.633333 2.99111e-06
0.566667 0.633333 2.19139e-06
0.633333 0.633333 1.68583e-07
0.7 0.633333 2.45703e-06
0.766667 0.633333 4.52249e-06
0.833333 0.633333 5.43946e-06
0.9 0.633333 5.21467e-06
0.966667 0.633333 4.37306e-06
1.03333 0.633333 3.46373e-06
1.1 0.633333 2.68675e-06
1.16667 0.633333 2.06425e-06
1.23333 0.633333 1.56599e-06
1.3 0.633333 1.15222e-06
1.36667 0.633333 7.8975e-07
1.43333 0.633333 4.62889e-07
1.5 0.633333 1.73702e-07
1.56667 0.633333 2.26665e-08
1.63333 0.633333 9.1564e-08
1.7 0.633333 1.5866e-07
1.76667 0.633333 1.74491e-07
1.83333 0.633333 1.62336e-07
1.9 0.633333 1.38533e-07
1.96667 0.633333 1.12582e-07
2.03333 0.633333 8.90005e-08
2.1 0.633333 6.94436e-08
2.16667 0.633333 5.40908e-08
2.23333 0.633333 4.24663e-08
2.3 0.633333 3.38838e-08
2.36667 0.633333 2.76629e-08
2.43333 0.633333 2.32152e-08
2.5 0.633333 2.00652e-08
2.56667 0.633333 1.78406e-08
2.63333 0.633333 1.62539e-08
2.7 0.633333 1.50882e-08
2.76667 0.633333 1.41945e-08
2.83333 0.633333 1.35129e-08
2.9 0.633333 1.31283e-08
2.96667 0.633333 1.33242e-08
3.03333 0.633333 1.4476e-08
3.1 0.633333 1.65711e-08
3.16667 0.633333 1.81166e-08
3.23333 0.633333 1.7342e-08
3.3 0.633333 1.47424e-08
3.36667 0.633333 1.16542e-08
3.43333 0.633333 8.79818e-09
3.5 0.633333 6.43347e-09
3.56667 0.633333 4.59689e-09
3.63333 0.633333 3.22827e-09
3.7 0.633333 2.23724e-09
3.76667 0.633333 1.5345e-09
3.83333 0.633333 1.04397e-09
3.9 0.633333 7.057e-10
3.96667 0.633333 4.74637e-10
4.03333 0.633333 3.17986e-10
4.1 0.633333 2.12419e-10
4.16667 0.633333 1.41618e-10
4.23333 0.633333 9.43196e-11
4.3 0.633333 6.28216e-11
4.36667 0.633333 4.19009e-11
4.43333 0.633333 2.80367e-11
4.5 0.633333 1.8868e-11
4.56667 0.633333 1.28186e-11
4.63333 0.633333 8.8401e-12
4.7 0.633333 6.23897e-12
4.76667 0.633333 4.55937e-12
4.83333 0.633333 3.50578e-12
4.9 0.633333 2.8923e-12
4.96667 0.633333 2.61046e-12
0.0333333 0.7 1.62741e-06
0.1 0.7 1.88853e-06
0.166667 0.7 2.19769e-06
0.233333 0.7 2.32325e-06
0.3 0.7 2.16966e-06
0.366667 0.7 1.85213e-06
0.433333 0.7 1.65162e-06
0.5 0.7 1.85891e-06
0.566667 0.7 2.60583e-06
0.633333 0.7 3.76283e-06
0.7 0.7 4.90441e-06
0.766667 0.7 5.52252e-06
0.833333 0.7 5.41326e-06
0.9 0.7 4.72419e-06
0.966667 0.7 3.7956e-06
1.03333 0.7 2.91465e-06
1.1 0.7 2.19534e-06
1.16667 0.7 1.64217e-06
1.23333 0.7 1.22205e-06
1.3 0.7 8.95953e-07
1.36667 0.7 6.31739e-07
1.43333 0.7 4.12957e-07
1.5 0.7 2.45191e-07
1.56667 0.7 1.70989e-07
1.63333 0.7 1.88984e-07
1.7 0.7 2.06068e-07
1.76667 0.7 1.93867e-07
1.83333 0.7 1.65271e-07
1.9 0.7 1.31985e-07
1.96667 0.7 1.00861e-07
2.03333 0.7 7.49081e-08
2.1 0.7 5.47768e-08
2.16667 0.7 3.99687e-08
2.23333 0.7 2.95589e-08
2.3 0.7 2.25748e-08
2.36667 0.7 1.81607e-08
2.43333 0.7 1.56274e-08
2.5 0.7 1.44455e-08
2.56667 0.7 1.42173e-08
2.63333 0.7 1.46457e-08
2.7 0.7 1.55093e-08
2.76667 0.7 1.66474e-08
2.83333 0.7 1.79559e-08
2.9 0.7 1.93727e-08
2.96667 0.7 2.08037e-08
3.03333 0.7 2.20085e-08
3.1 0.7 2.2517e-08
3.16667 0.7 2.17012e-08
3.23333 0.7 1.93125e-08
3.3 0.7 1.59022e-08
3.36667 0.7 1.23517e-08
3.43333 0.7 9.21733e-09
3.5 0.7 6.68493e-09
3.56667 0.7 4.74681e-09
3.63333 0.7 3.31687e-09
3.7 0.7 2.28909e-09
3.76667 0.7 1.56453e-09
3.83333 0.7 1.06117e-09
3.9 0.7 7.15422e-10
3.96667 0.7 4.80022e-10
4.03333 0.7 3.20866e-10
4.1 0.7 2.13855e-10
4.16667 0.7 1.42223e-10
4.23333 0.7 9.44433e-11
4.3 0.7 6.26666e-11
4.36667 0.7 4.15833e-11
4.43333 0.7 2.76236e-11
4.5 0.7 1.83985e-11
4.56667 0.7 1.23154e-11
4.63333 0.7 8.31675e-12
4.7 0.7 5.70345e-12
4.76667 0.7 4.01653e-12
4.83333 0.7 2.95862e-12
4.9 0.7 2.34275e-12
4.96667 0.7 2.05986e-12
0.0333333 0.766667 1.44152e-06
0.1 0.766667 1.68796e-06
0.166667 0.766667 2.10057e-06
0.233333 0.766667 2.58747e-06
0.3 0.766667 3.0933e-06
0.366667 0.766667 3.6115e-06
0.433333 0.766667 4.1713e-06
0.5 0.766667 4.79612e-06
0.566667 0.766667 5.44434e-06
0.633333 0.766667 5.97019e-06
0.7 0.766667 6.1638e-06
0.766667 0.766667 5.88216e-06
0.833333 0.766667 5.15702e-06
0.9 0.766667 4.17839e-06
0.966667 0.766667 3.17502e-06
1.03333 0.766667 2.30656e-06
1.1 0.766667 1.63374e-06
1.16667 0.766667 1.14882e-06
1.23333 0.766667 8.16157e-07
1.3 0.766667 5.9546e-07
1.36667 0.766667 4.51445e-07
1.43333 0.766667 3.58856e-07
1.5 0.766667 3.0508e-07
1.56667 0.766667 2.84944e-07
1.63333 0.766667 2.77871e-07
1.7 0.766667 2.5595e-07
1.76667 0.766667 2.15029e-07
1.83333 0.766667 1.67301e-07
1.9 0.766667 1.2257e-07
1.96667 0.766667 8.53612e-08
2.03333 0.766667 5.68299e-08
2.1 0.766667 3.63224e-08
2.16667 0.766667 2.24569e-08
2.23333 0.766667 1.3738e-08
2.3 0.766667 8.84154e-09
2.36667 0.766667 6.70568e-09
2.43333 0.766667 6.52648e-09
2.5 0.766667 7.71365e-09
2.56667 0.766667 9.83615e-09
2.63333 0.766667 1.25709e-08
2.7 0.766667 1.56597e-08
2.76667 0.766667 1.88731e-08
2.83333 0.766667 2.1977e-08
2.9 0.766667 2.46911e-08
2.96667 0.766667 2.66551e-08
3.03333 0.766667 2.7462e-08
3.1 0.766667 2.67789e-08
3.16667 0.766667 2.45315e-08
3.23333 0.766667 2.10519e-08
3.3 0.766667 1.70035e-08
3.36667 0.766667 1.3068e-08
3.43333 0.766667 9.67631e-09
3.5 0.766667 6.97201e-09
3.56667 0.766667 4.92244e-09
3.63333 0.766667 3.42226e-09
3.7 0.766667 2.35129e-09
3.76667 0.766667 1.60072e-09
3.83333 0.766667 1.08195e-09
3.9 0.766667 7.27171e-10
3.96667 0.766667 4.86532e-10
4.03333 0.766667 3.24354e-10
4.1 0.766667 2.15603e-10
4.16667 0.766667 1.4297e-10
4.23333 0.766667 9.46142e-11
4.3 0.766667 6.25038e-11
4.36667 0.766667 4.12266e-11
4.43333 0.766667 2.71535e-11
4.5 0.766667 1.78615e-11
4.56667 0.766667 1.17386e-11
4.63333 0.766667 7.71619e-12
4.7 0.766667 5.08861e-12
4.76667 0.766667 3.39313e-12
4.83333 0.766667 2.33019e-12
4.9 0.766667 1.71154e-12
4.96667 0.766667 1.42743e-12
0.0333333 0.833333 9.22867e-07
0.1 0.833333 1.20212e-06
0.166667 0.833333 1.74258e-06
0.233333 0.833333 2.5125e-06
0.3 0.833333 3.45869e-06
0.366667 0.833333 4.49544e-06
0.433333 0.833333 5.50783e-06
0.5 0.833333 6.36299e-06
0.566667 0.833333 6.92279e-06
0.633333 0.833333 7.06517e-06
0.7 0.833333 6.7265e-06
0.766667 0.833333 5.94658e-06
0.833333 0.833333 4.87328e-06
0.9 0.833333 3.70931e-06
0.966667 0.833333 2.63478e-06
1.03333 0.833333 1.75835e-06
1.1 0.833333 1.11441e-06
1.16667 0.833333 6.87091e-07
1.23333 0.833333 4.37322e-07
1.3 0.833333 3.1974e-07
1.36667 0.833333 2.89957e-07
1.43333 0.833333 3.07438e-07
1.5 0.833333 3.37622e-07
1.56667 0.833333 3.5393e-07
1.63333 0.833333 3.40397e-07
1.7 0.833333 2.95967e-07
1.76667 0.833333 2.33421e-07
1.83333 0.833333 1.69012e-07
1.9 0.833333 1.13242e-07
1.96667 0.833333 6.98772e-08
2.03333 0.833333 3.87065e-08
2.1 0.833333 1.78354e-08
2.16667 0.833333 4.96693e-09
2.23333 0.833333 2.0004e-09
2.3 0.833333 4.76326e-09
2.36667 0.833333 4.59859e-09
2.43333 0.833333 2.42835e-09
2.5 0.833333 1.09339e-09
2.56667 0.833333 5.4956e-09
2.63333 0.833333 1.04158e-08
2.7 0.833333 1.55372e-08
2.76667 0.833333 2.05358e-08
2.83333 0.833333 2.50396e-08
2.9 0.833333 2.86118e-08
2.96667 0.833333 3.07899e-08
3.03333 0.833333 3.12022e-08
3.1 0.833333 2.97305e-08
3.16667 0.833333 2.66224e-08
3.23333 0.833333 2.24559e-08
3.3 0.833333 1.79473e-08
3.36667 0.833333 1.37093e-08
3.43333 0.833333 1.01048e-08
3.5 0.833333 7.24896e-09
3.56667 0.833333 5.09561e-09
3.63333 0.833333 3.52757e-09
3.7 0.833333 2.41393e-09
3.76667 0.833333 1.6373e-09
3.83333 0.833333 1.10298e-09
3.9 0.833333 7.39072e-10
3.96667 0.833333 4.93131e-10
4.03333 0.833333 3.27894e-10
4.1 0.833333 2.17387e-10
4.16667 0.833333 1.43745e-10
4.23333 0.833333 9.48099e-11
4.3 0.833333 6.23654e-11
4.36667 0.833333 4.08946e-11
4.43333 0.833333 2.67086e-11
4.5 0.833333 1.73503e-11
4.56667 0.833333 1.11882e-11
4.63333 0.833333 7.1424e-12
4.7 0.833333 4.50083e-12
4.76667 0.833333 2.79699e-12
4.83333 0.833333 1.72914e-12
4.9 0.833333 1.10778e-12
4.96667 0.833333 8.22479e-13
0.0333333 0.9 4.10493e-07
0.1 0.9 7.25693e-07
0.166667 0.9 1.36508e-06
0.233333 0.9 2.32135e-06
0.3 0.9 3.53494e-06
0.366667 0.9 4.87256e-06
0.433333 0.9 6.13889e-06
0.5 0.9 7.11798e-06
0.566667 0.9 7.62745e-06
0.633333 0.9 7.56841e-06
0.7 0.9 6.95628e-06
0.766667 0.9 5.91882e-06
0.833333 0.9 4.65619e-06
0.9 0.9 3.37793e-06
0.966667 0.9 2.24693e-06
1.03333 0.9 1.35427e-06
1.1 0.9 7.2479e-07
1.16667 0.9 3.38643e-07
1.23333 0.9 1.53076e-07
1.3 0.9 1.16074e-07
1.36667 0.9 1.72436e-07
1.43333 0.9 2.67231e-07
1.5 0.9 3.51702e-07
1.56667 0.9 3.9255e-07
1.63333 0.9 3.79381e-07
1.7 0.9 3.23447e-07
1.76667 0.9 2.46997e-07
1.83333 0.9 1.70567e-07
1.9 0.9 1.06192e-07
1.96667 0.9 5.7745e-08
2.03333 0.9 2.42966e-08
2.1 0.9 3.04832e-09
2.16667 0.9 9.04521e-09
2.23333 0.9 1.46016e-08
2.3 0.9 1.56382e-08
2.36667 0.9 1.36167e-08
2.43333 0.9 9.56033e-09
2.5 0.9 4.17866e-09
2.56667 0.9 2.01979e-09
2.63333 0.9 8.63303e-09
2.7 0.9 1.52874e-08
2.76667 0.9 2.15774e-08
2.83333 0.9 2.7033e-08
2.9 0.9 3.11361e-08
2.96667 0.9 3.34072e-08
3.03333 0.9 3.35547e-08
3.1 0.9 3.16201e-08
3.16667 0.9 2.8023e-08
3.23333 0.9 2.34522e-08
3.3 0.9 1.86487e-08
3.36667 0.9 1.41999e-08
3.43333 0.9 1.04404e-08
3.5 0.9 7.47026e-09
3.56667 0.9 5.23605e-09
3.63333 0.9 3.61379e-09
3.7 0.9 2.46548e-09
3.76667 0.9 1.66749e-09
3.83333 0.9 1.12035e-09
3.9 0.9 7.48903e-10
3.96667 0.9 4.98582e-10
4.03333 0.9 3.30823e-10
4.1 0.9 2.18869e-10
4.16667 0.9 1.44399e-10
4.23333 0.9 9.49883e-11
4.3 0.9 6.22709e-11
4.36667 0.9 4.06423e-11
4.43333 0.9 2.63647e-11
4.5 0.9 1.69528e-11
4.56667 0.9 1.07591e-11
4.63333 0.9 6.69448e-12
4.7 0.9 4.0417e-12
4.76667 0.9 2.33118e-12
4.83333 0.9 1.25943e-12
4.9 0.9 6.35925e-13
4.96667 0.9 3.49674e-13
0.0333333 0.966667 1.08709e-07
0.1 0.966667 4.44423e-07
0.166667 0.966667 1.13536e-06
0.233333 0.966667 2.18325e-06
0.3 0.966667 3.5238e-06
0.366667 0.966667 5.0008e-06
0.433333 0.966667 6.38259e-06
0.5 0.966667 7.41766e-06
0.566667 0.966667 7.90695e-06
0.633333 0.966667 7.76369e-06
0.7 0.966667 7.03687e-06
0.766667 0.966667 5.88953e-06
0.833333 0.966667 4.54237e-06
0.9 0.966667 3.20855e-06
0.966667 0.966667 2.0464e-06
1.03333 0.966667 1.14218e-06
1.1 0.966667 5.18268e-07
1.16667 0.966667 1.53443e-07
1.23333 0.966667 2.63859e-09
1.3 0.966667 9.25917e-09
1.36667 0.966667 1.11079e-07
1.43333 0.966667 2.45093e-07
1.5 0.966667 3.56328e-07
1.56667 0.966667 4.09809e-07
1.63333 0.966667 3.98123e-07
1.7 0.966667 3.375e-07
1.76667 0.966667 2.54342e-07
1.83333 0.966667 1.71627e-07
1.9 0.966667 1.02529e-07
1.96667 0.966667 5.11814e-08
2.03333 0.966667 1.63831e-08
2.1 0.966667 5.12698e-09
2.16667 0.966667 1.68129e-08
2.23333 0.966667 2.15915e-08
2.3 0.966667 2.1668e-08
2.36667 0.966667 1.86129e-08
2.43333 0.966667 1.35085e-08
2.5 0.966667 7.09756e-09
2.56667 0.966667 8.84545e-11
2.63333 0.966667 7.62311e-09
2.7 0.966667 1.50988e-08
2.76667 0.966667 2.2065e-08
2.83333 0.966667 2.80036e-08
2.9 0.966667 3.23651e-08
2.96667 0.966667 3.4677e-08
3.03333 0.966667 3.46995e-08
3.1 0.966667 3.2554e-08
3.16667 0.966667 2.87353e-08
3.23333 0.966667 2.3976e-08
3.3 0.966667 1.90276e-08
3.36667 0.966667 1.44697e-08
3.43333 0.966667 1.06271e-08
3.5 0.966667 7.59458e-09
3.56667 0.966667 5.31555e-09
3.63333 0.966667 3.66284e-09
3.7 0.966667 2.49489e-09
3.76667 0.966667 1.68473e-09
3.83333 0.966667 1.13028e-09
3.9 0.966667 7.5452e-10
3.96667 0.966667 5.01696e-10
4.03333 0.966667 3.32497e-10
4.1 0.966667 2.19718e-10
4.16667 0.966667 1.44777e-10
4.23333 0.966667 9.50971e-11
4.3 0.966667 6.22251e-11
4.36667 0.966667 4.05074e-11
4.43333 0.966667 2.61781e-11
4.5 0.966667 1.6736e-11
4.56667 0.966667 1.05246e-11
4.63333 0.966667 6.44951e-12
4.7 0.966667 3.79049e-12
4.76667 0.966667 2.07626e-12
4.83333 0.966667 1.00233e-12
4.9 0.966667 3.77635e-13
4.96667 0.966667 9.08567e-14
