0.0333333 0.0333333 5.64018e-06
0.1 0.0333333 2.0061e-05
0.166667 0.0333333 4.23696e-05
0.233333 0.0333333 6.15302e-05
0.3 0.0333333 6.64633e-05
0.366667 0.0333333 5.20771e-05
0.433333 0.0333333 2.27295e-05
0.5 0.0333333 1.05229e-05
0.566667 0.0333333 3.68343e-05
0.633333 0.0333333 5.07281e-05
0.7 0.0333333 5.25035e-05
0.766667 0.0333333 4.57188e-05
0.833333 0.0333333 3.46493e-05
0.9 0.0333333 2.28345e-05
0.966667 0.0333333 1.25683e-05
1.03333 0.0333333 4.91617e-06
1.1 0.0333333 1.7486e-08
1.16667 0.0333333 2.52447e-06
1.23333 0.0333333 3.3195e-06
1.3 0.0333333 2.99057e-06
1.36667 0.0333333 2.07835e-06
1.43333 0.0333333 1.00467e-06
1.5 0.0333333 6.0511e-08
1.56667 0.0333333 5.93743e-07
1.63333 0.0333333 9.14086e-07
1.7 0.0333333 9.43143e-07
1.76667 0.0333333 7.70553e-07
1.83333 0.0333333 4.94974e-07
1.9 0.0333333 1.97865e-07
1.96667 0.0333333 6.74208e-08
2.03333 0.0333333 2.74375e-07
2.1 0.0333333 4.15944e-07
2.16667 0.0333333 4.96224e-07
2.23333 0.0333333 5.24007e-07
2.3 0.0333333 5.08815e-07
2.36667 0.0333333 4.59005e-07
2.43333 0.0333333 3.81213e-07
2.5 0.0333333 2.80581e-07
2.56667 0.0333333 1.61401e-07
2.63333 0.0333333 2.80055e-08
2.7 0.0333333 1.14192e-07
2.76667 0.0333333 2.57636e-07
2.83333 0.0333333 3.91934e-07
2.9 0.0333333 5.04196e-07
2.96667 0.0333333 5.81165e-07
3.03333 0.0333333 6.13041e-07
3.1 0.0333333 5.97488e-07
3.16667 0.0333333 5.41393e-07
3.23333 0.0333333 4.58885e-07
3.3 0.0333333 3.66503e-07
3.36667 0.0333333 2.78204e-07
3.43333 0.0333333 2.02572e-07
3.5 0.0333333 1.42768e-07
3.56667 0.0333333 9.81679e-08
3.63333 0.0333333 6.62797e-08
3.7 0.0333333 4.41565e-08
3.76667 0.0333333 2.91328e-08
3.83333 0.0333333 1.90849e-08
3.9 0.0333333 1.24376e-08
3.96667 0.0333333 8.07438e-09
4.03333 0.0333333 5.22645e-09
4.1 0.0333333 3.37501e-09
4.16667 0.0333333 2.17477e-09
4.23333 0.0333333 1.3982e-09
4.3 0.0333333 8.96398e-10
4.36667 0.0333333 5.72413e-10
4.43333 0.0333333 3.63342e-10
4.5 0.0333333 2.28483e-10
4.56667 0.0333333 1.4155e-10
4.63333 0.0333333 8.55995e-11
4.7 0.0333333 4.97364e-11
4.76667 0.0333333 2.6986e-11
4.83333 0.0333333 1.2931e-11
4.9 0.0333333 4.84547e-12
4.96667 0.0333333 1.1614e-12
0.0333333 0.1 2.17089e-05
0.1 0.1 2.8591e-05
0.166667 0.1 3.95033e-05
0.233333 0.1 4.93714e-05
0.3 0.1 5.15436e-05
0.366667 0.1 4.15241e-05
0.433333 0.1 2.00239e-05
0.5 0.1 6.5097e-06
0.566667 0.1 2.95522e-05
0.633333 0.1 4.34445e-05
0.7 0.1 4.71002e-05
0.766667 0.1 4.26989e-05
0.833333 0.1 3.36174e-05
0.9 0.1 2.3106e-05
0.966667 0.1 1.35297e-05
1.03333 0.1 6.12352e-06
1.1 0.1 1.16918e-06
1.16667 0.1 1.62418e-06
1.23333 0.1 2.77339e-06
1.3 0.1 2.81353e-06
1.36667 0.1 2.21153e-06
1.43333 0.1 1.34224e-06
1.5 0.1 4.83069e-07
1.56667 0.1 1.88783e-07
1.63333 0.1 5.93832e-07
1.7 0.1 7.35794e-07
1.76667 0.1 6.73817e-07
1.83333 0.1 4.89153e-07
1.9 0.1 2.57385e-07
1.96667 0.1 3.32273e-08
2.03333 0.1 1.52261e-07
2.1 0.1 2.86912e-07
2.16667 0.1 3.70415e-07
2.23333 0.1 4.08275e-07
2.3 0.1 4.07817e-07
2.36667 0.1 3.76065e-07
2.43333 0.1 3.18923e-07
2.5 0.1 2.41138e-07
2.56667 0.1 1.4668e-07
2.63333 0.1 3.9348e-08
2.7 0.1 7.65074e-08
2.76667 0.1 1.95204e-07
2.83333 0.1 3.09041e-07
2.9 0.1 4.08068e-07
2.96667 0.1 4.81033e-07
3.03333 0.1 5.18058e-07
3.1 0.1 5.14466e-07
3.16667 0.1 4.73623e-07
3.23333 0.1 4.06515e-07
3.3 0.1 3.27812e-07
3.36667 0.1 2.50773e-07
3.43333 0.1 1.83911e-07
3.5 0.1 1.3058e-07
3.56667 0.1 9.04902e-08
3.63333 0.1 6.15825e-08
3.7 0.1 4.13441e-08
3.76667 0.1 2.74749e-08
3.83333 0.1 1.81181e-08
3.9 0.1 1.18784e-08
3.96667 0.1 7.75294e-09
4.03333 0.1 5.04275e-09
4.1 0.1 3.27077e-09
4.16667 0.1 2.11627e-09
4.23333 0.1 1.366e-09
4.3 0.1 8.79317e-10
4.36667 0.1 5.64029e-10
4.43333 0.1 3.59966e-10
4.5 0.1 2.27991e-10
4.56667 0.1 1.42721e-10
4.63333 0.1 8.77269e-11
4.7 0.1 5.24109e-11
4.76667 0.1 2.99692e-11
4.83333 0.1 1.60828e-11
4.9 0.1 8.08446e-12
4.96667 0.1 4.44373e-12
0.0333333 0.166667 5.08971e-05
0.1 0.166667 4.47062e-05
0.166667 0.166667 3.50805e-05
0.233333 0.166667 2.48444e-05
0.3 0.166667 1.91784e-05
0.366667 0.166667 1.78306e-05
0.433333 0.166667 1.4176e-05
0.5 0.166667 2.28853e-06
0.566667 0.166667 1.45876e-05
0.633333 0.166667 2.88418e-05
0.7 0.166667 3.66849e-05
0.766667 0.166667 3.73538e-05
0.833333 0.166667 3.23123e-05
0.9 0.166667 2.43028e-05
0.966667 0.166667 1.5967e-05
1.03333 0.166667 8.96204e-06
1.1 0.166667 3.8613e-06
1.16667 0.166667 5.52451e-07
1.23333 0.166667 1.32836e-06
1.3 0.166667 2.15545e-06
1.36667 0.166667 2.24527e-06
1.43333 0.166667 1.86148e-06
1.5 0.166667 1.23343e-06
1.56667 0.166667 5.60983e-07
1.63333 0.166667 1.63375e-09
1.7 0.166667 3.67856e-07
1.76667 0.166667 5.24873e-07
1.83333 0.166667 5.15039e-07
1.9 0.166667 4.03795e-07
1.96667 0.166667 2.51975e-07
2.03333 0.166667 1.02169e-07
2.1 0.166667 2.2417e-08
2.16667 0.166667 1.12987e-07
2.23333 0.166667 1.69266e-07
2.3 0.166667 1.95003e-07
2.36667 0.166667 1.95235e-07
2.43333 0.166667 1.74919e-07
2.5 0.166667 1.38428e-07
2.56667 0.166667 8.95143e-08
2.63333 0.166667 3.14632e-08
2.7 0.166667 3.27255e-08
2.76667 0.166667 1.00195e-07
2.83333 0.166667 1.68012e-07
2.9 0.166667 2.32817e-07
2.96667 0.166667 2.89862e-07
3.03333 0.166667 3.32255e-07
3.1 0.166667 3.52027e-07
3.16667 0.166667 3.44085e-07
3.23333 0.166667 3.10417e-07
3.3 0.166667 2.60182e-07
3.36667 0.166667 2.05087e-07
3.43333 0.166667 1.54197e-07
3.5 0.166667 1.11945e-07
3.56667 0.166667 7.91692e-08
3.63333 0.166667 5.48702e-08
3.7 0.166667 3.74366e-08
3.76667 0.166667 2.5231e-08
3.83333 0.166667 1.68429e-08
3.9 0.166667 1.11595e-08
3.96667 0.166667 7.35063e-09
4.03333 0.166667 4.81941e-09
4.1 0.166667 3.14814e-09
4.16667 0.166667 2.05015e-09
4.23333 0.166667 1.33156e-09
4.3 0.166667 8.62614e-10
4.36667 0.166667 5.57265e-10
4.43333 0.166667 3.58774e-10
4.5 0.166667 2.29927e-10
4.56667 0.166667 1.46415e-10
4.63333 0.166667 9.24101e-11
4.7 0.166667 5.76517e-11
4.76667 0.166667 3.5526e-11
4.83333 0.166667 2.1823e-11
4.9 0.166667 1.39398e-11
4.96667 0.166667 1.03842e-11
0.0333333 0.233333 8.49462e-05
0.1 0.233333 6.40157e-05
0.166667 0.233333 2.77254e-05
0.233333 0.233333 7.03486e-06
0.3 0.233333 4.19646e-05
0.366667 0.233333 3.19893e-05
0.433333 0.233333 6.40413e-07
0.5 0.233333 1.50026e-05
0.566667 0.233333 1.00359e-05
0.633333 0.233333 4.35133e-06
0.7 0.233333 1.9508e-05
0.766667 0.233333 2.89275e-05
0.833333 0.233333 3.06394e-05
0.9 0.233333 2.65268e-05
0.966667 0.233333 1.99458e-05
1.03333 0.233333 1.34869e-05
1.1 0.233333 8.22346e-06
1.16667 0.233333 4.22057e-06
1.23333 0.233333 1.28537e-06
1.3 0.233333 7.47841e-07
1.36667 0.233333 1.97821e-06
1.43333 0.233333 2.46638e-06
1.5 0.233333 2.30909e-06
1.56667 0.233333 1.69762e-06
1.63333 0.233333 9.00916e-07
1.7 0.233333 1.74832e-07
1.76667 0.233333 3.27668e-07
1.83333 0.233333 5.79284e-07
1.9 0.233333 6.35736e-07
1.96667 0.233333 5.76711e-07
2.03333 0.233333 4.68377e-07
2.1 0.233333 3.52543e-07
2.16667 0.233333 2.50353e-07
2.23333 0.233333 1.69556e-07
2.3 0.233333 1.10564e-07
2.36667 0.233333 7.03981e-08
2.43333 0.233333 4.48916e-08
2.5 0.233333 2.97651e-08
2.56667 0.233333 2.1093e-08
2.63333 0.233333 1.55493e-08
2.7 0.233333 1.07123e-08
2.76667 0.233333 5.6137e-09
2.83333 0.233333 1.5207e-09
2.9 0.233333 2.24268e-09
2.96667 0.233333 1.60837e-08
3.03333 0.233333 5.00939e-08
3.1 0.233333 1.00056e-07
3.16667 0.233333 1.4726e-07
3.23333 0.233333 1.72083e-07
3.3 0.233333 1.69387e-07
3.36667 0.233333 1.47948e-07
3.43333 0.233333 1.19424e-07
3.5 0.233333 9.14523e-08
3.56667 0.233333 6.73531e-08
3.63333 0.233333 4.81714e-08
3.7 0.233333 3.36904e-08
3.76667 0.233333 2.31601e-08
3.83333 0.233333 1.57099e-08
3.9 0.233333 1.0546e-08
3.96667 0.233333 7.02217e-09
4.03333 0.233333 4.64617e-09
4.1 0.233333 3.05888e-09
4.16667 0.233333 2.00607e-09
4.23333 0.233333 1.31164e-09
4.3 0.233333 8.55572e-10
4.36667 0.233333 5.57048e-10
4.43333 0.233333 3.6216e-10
4.5 0.233333 2.35208e-10
4.56667 0.233333 1.5269e-10
4.63333 0.233333 9.9207e-11
4.7 0.233333 6.47267e-11
4.76667 0.233333 4.27577e-11
4.83333 0.233333 2.91571e-11
4.9 0.233333 2.13613e-11
4.96667 0.233333 1.79008e-11
0.0333333 0.3 0.000111231
0.1 0.3 7.9961e-05
0.166667 0.3 2.22629e-05
0.233333 0.3 5.12295e-05
0.3 0.3 9.02481e-05
0.366667 0.3 0.000158831
0.433333 0.3 4.1014e-05
0.5 0.3 3.03537e-05
0.566667 0.3 4.71684e-05
0.633333 0.3 3.32229e-05
0.7 0.3 7.86283e-06
0.766667 0.3 1.50028e-05
0.833333 0.3 2.76569e-05
0.9 0.3 2.9312e-05
0.966667 0.3 2.48143e-05
1.03333 0.3 1.92563e-05
1.1 0.3 1.41088e-05
1.16667 0.3 9.46986e-06
1.23333 0.3 5.3781e-06
1.3 0.3 1.85102e-06
1.36667 0.3 9.91327e-07
1.43333 0.3 2.90526e-06
1.5 0.3 3.66052e-06
1.56667 0.3 3.29264e-06
1.63333 0.3 2.19443e-06
1.7 0.3 9.28023e-07
1.76667 0.3 8.10842e-08
1.83333 0.3 6.84987e-07
1.9 0.3 9.42756e-07
1.96667 0.3 9.81305e-07
2.03333 0.3 9.0933e-07
2.1 0.3 7.95621e-07
2.16667 0.3 6.76517e-07
2.23333 0.3 5.67704e-07
2.3 0.3 4.73429e-07
2.36667 0.3 3.92299e-07
2.43333 0.3 3.20519e-07
2.5 0.3 2.53549e-07
2.56667 0.3 1.86892e-07
2.63333 0.3 1.1654e-07
2.7 0.3 3.94283e-08
2.76667 0.3 4.57902e-08
2.83333 0.3 1.37379e-07
2.9 0.3 2.28591e-07
2.96667 0.3 3.1022e-07
3.03333 0.3 3.36556e-07
3.1 0.3 2.71083e-07
3.16667 0.3 1.39306e-07
3.23333 0.3 1.37047e-08
3.3 0.3 5.98385e-08
3.36667 0.3 8.56305e-08
3.43333 0.3 8.5364e-08
3.5 0.3 7.30594e-08
3.56667 0.3 5.75163e-08
3.63333 0.3 4.2961e-08
3.7 0.3 3.09626e-08
3.76667 0.3 2.17528e-08
3.83333 0.3 1.49974e-08
3.9 0.3 1.01944e-08
3.96667 0.3 6.85508e-09
4.03333 0.3 4.57169e-09
4.1 0.3 3.02977e-09
4.16667 0.3 1.9985e-09
4.23333 0.3 1.31385e-09
4.3 0.3 8.61912e-10
4.36667 0.3 5.64924e-10
4.43333 0.3 3.70445e-10
4.5 0.3 2.43465e-10
4.56667 0.3 1.60784e-10
4.63333 0.3 1.07131e-10
4.7 0.3 7.25169e-11
4.76667 0.3 5.04632e-11
4.83333 0.3 3.6828e-11
4.9 0.3 2.90489e-11
4.96667 0.3 2.56628e-11
0.0333333 0.366667 0.000117981
0.1 0.366667 8.47097e-05
0.166667 0.366667 2.25825e-05
0.233333 0.366667 5.86873e-05
0.3 0.366667 0.000157876
0.366667 0.366667 5.5308e-05
0.433333 0.366667 6.26707e-05
0.5 0.366667 6.16421e-05
0.566667 0.366667 9.37499e-05
0.633333 0.366667 8.57584e-05
0.7 0.366667 5.12064e-05
0.766667 0.366667 1.14485e-05
0.833333 0.366667 2.1472e-05
0.9 0.366667 3.13839e-05
0.966667 0.366667 2.90482e-05
1.03333 0.366667 2.54547e-05
1.1 0.366667 2.07995e-05
1.16667 0.366667 1.58396e-05
1.23333 0.366667 1.08656e-05
1.3 0.366667 5.97697e-06
1.36667 0.366667 1.27043e-06
1.43333 0.366667 2.74811e-06
1.5 0.366667 5.22983e-06
1.56667 0.366667 5.55753e-06
1.63333 0.366667 4.11486e-06
1.7 0.366667 2.01766e-06
1.76667 0.366667 2.62317e-07
1.83333 0.366667 7.96524e-07
1.9 0.366667 1.27364e-06
1.96667 0.366667 1.40039e-06
2.03333 0.366667 1.35176e-06
2.1 0.366667 1.23083e-06
2.16667 0.366667 1.09018e-06
2.23333 0.366667 9.52715e-07
2.3 0.366667 8.25616e-07
2.36667 0.366667 7.08384e-07
2.43333 0.366667 5.97205e-07
2.5 0.366667 4.87109e-07
2.56667 0.366667 3.72975e-07
2.63333 0.366667 2.50003e-07
2.7 0.366667 1.14036e-07
2.76667 0.366667 3.79757e-08
2.83333 0.366667 2.07052e-07
2.9 0.366667 3.90229e-07
2.96667 0.366667 5.77678e-07
3.03333 0.366667 8.11363e-07
3.1 0.366667 8.32815e-07
3.16667 0.366667 5.73844e-07
3.23333 0.366667 2.60017e-07
3.3 0.366667 6.53919e-08
3.36667 0.366667 2.58099e-08
3.43333 0.366667 5.62755e-08
3.5 0.366667 5.88031e-08
3.56667 0.366667 5.05159e-08
3.63333 0.366667 3.95507e-08
3.7 0.366667 2.93329e-08
3.76667 0.366667 2.10004e-08
3.83333 0.366667 1.46703e-08
3.9 0.366667 1.00676e-08
3.96667 0.366667 6.81842e-09
4.03333 0.366667 4.5725e-09
4.1 0.366667 3.0439e-09
4.16667 0.366667 2.01557e-09
4.23333 0.366667 1.32991e-09
4.3 0.366667 8.75865e-10
4.36667 0.366667 5.76785e-10
4.43333 0.366667 3.80608e-10
4.5 0.366667 2.52372e-10
4.56667 0.366667 1.68812e-10
4.63333 0.366667 1.1457e-10
4.7 0.366667 7.95747e-11
4.76667 0.366667 5.72869e-11
4.83333 0.366667 4.35236e-11
4.9 0.366667 3.56995e-11
4.96667 0.366667 3.235e-11
0.0333333 0.433333 0.000102287
0.1 0.433333 7.45931e-05
0.166667 0.433333 2.51498e-05
0.233333 0.433333 2.82877e-05
0.3 0.433333 7.51144e-05
0.366667 0.433333 8.67823e-05
0.433333 0.433333 1.65398e-05
0.5 0.433333 9.62623e-05
0.566667 0.433333 0.00012962
0.633333 0.433333 0.00013562
0.7 0.433333 0.000105182
0.766667 0.433333 5.38566e-05
0.833333 0.433333 2.12352e-06
0.9 0.433333 2.86836e-05
0.966667 0.433333 3.25223e-05
1.03333 0.433333 3.08576e-05
1.1 0.433333 2.69075e-05
1.16667 0.433333 2.20521e-05
1.23333 0.433333 1.68236e-05
1.3 0.433333 1.13503e-05
1.36667 0.433333 5.53502e-06
1.43333 0.433333 1.07258e-06
1.5 0.433333 6.66709e-06
1.56667 0.433333 8.92377e-06
1.63333 0.433333 7.1548e-06
1.7 0.433333 3.66208e-06
1.76667 0.433333 7.59841e-07
1.83333 0.433333 8.60505e-07
1.9 0.433333 1.55444e-06
1.96667 0.433333 1.74858e-06
2.03333 0.433333 1.70729e-06
2.1 0.433333 1.57078e-06
2.16667 0.433333 1.40657e-06
2.23333 0.433333 1.24317e-06
2.3 0.433333 1.08947e-06
2.36667 0.433333 9.45158e-07
2.43333 0.433333 8.06104e-07
2.5 0.433333 6.6687e-07
2.56667 0.433333 5.21863e-07
2.63333 0.433333 3.6579e-07
2.7 0.433333 1.93824e-07
2.76667 0.433333 1.71825e-09
2.83333 0.433333 2.13954e-07
2.9 0.433333 4.55091e-07
2.96667 0.433333 7.16947e-07
3.03333 0.433333 9.7753e-07
3.1 0.433333 1.77667e-06
3.16667 0.433333 1.37494e-06
3.23333 0.433333 5.5624e-07
3.3 0.433333 1.75244e-07
3.36667 0.433333 2.02247e-08
3.43333 0.433333 3.59632e-08
3.5 0.433333 4.95618e-08
3.56667 0.433333 4.62729e-08
3.63333 0.433333 3.76224e-08
3.7 0.433333 2.84857e-08
3.76667 0.433333 2.06541e-08
3.83333 0.433333 1.45496e-08
3.9 0.433333 1.00431e-08
3.96667 0.433333 6.83066e-09
4.03333 0.433333 4.5953e-09
4.1 0.433333 3.06678e-09
4.16667 0.433333 2.03509e-09
4.23333 0.433333 1.34554e-09
4.3 0.433333 8.8814e-10
4.36667 0.433333 5.86499e-10
4.43333 0.433333 3.88489e-10
4.5 0.433333 2.58994e-10
4.56667 0.433333 1.74595e-10
4.63333 0.433333 1.19807e-10
4.7 0.433333 8.44639e-11
4.76667 0.433333 6.19614e-11
4.83333 0.433333 4.80743e-11
4.9 0.433333 4.01948e-11
4.96667 0.433333 3.68557e-11
0.0333333 0.5 7.21954e-05
0.1 0.5 5.35753e-05
0.166667 0.5 2.2355e-05
0.233333 0.5 5.65909e-06
0.3 0.5 1.75792e-05
0.366667 0.5 1.13113e-05
0.433333 0.5 6.34154e-05
0.5 0.5 0.000107085
0.566667 0.5 0.000131254
0.633333 0.5 0.000139154
0.7 0.5 0.000112684
0.766667 0.5 6.12818e-05
0.833333 0.5 1.59197e-06
0.9 0.5 2.90276e-05
0.966667 0.5 3.50027e-05
1.03333 0.5 3.41593e-05
1.1 0.5 3.07348e-05
1.16667 0.5 2.62809e-05
1.23333 0.5 2.14216e-05
1.3 0.5 1.63559e-05
1.36667 0.5 1.1061e-05
1.43333 0.5 5.29554e-06
1.5 0.5 6.59532e-06
1.56667 0.5 1.38919e-05
1.63333 0.5 1.24641e-05
1.7 0.5 6.1004e-06
1.76667 0.5 1.34624e-06
1.83333 0.5 8.59293e-07
1.9 0.5 1.72406e-06
1.96667 0.5 1.95319e-06
2.03333 0.5 1.90321e-06
2.1 0.5 1.74649e-06
2.16667 0.5 1.56119e-06
2.23333 0.5 1.3788e-06
2.3 0.5 1.2085e-06
2.36667 0.5 1.04951e-06
2.43333 0.5 8.97072e-07
2.5 0.5 7.45192e-07
2.56667 0.5 5.87864e-07
2.63333 0.5 4.19479e-07
2.7 0.5 2.34934e-07
2.76667 0.5 2.96171e-08
2.83333 0.5 2.00623e-07
2.9 0.5 4.59054e-07
2.96667 0.5 7.4736e-07
3.03333 0.5 1.00084e-06
3.1 0.5 2.07978e-06
3.16667 0.5 2.07903e-06
3.23333 0.5 6.91655e-07
3.3 0.5 2.20474e-07
3.36667 0.5 3.75106e-08
3.43333 0.5 2.88007e-08
3.5 0.5 4.64819e-08
3.56667 0.5 4.49406e-08
3.63333 0.5 3.70605e-08
3.7 0.5 2.82652e-08
3.76667 0.5 2.05818e-08
3.83333 0.5 1.45383e-08
3.9 0.5 1.00538e-08
3.96667 0.5 6.84675e-09
4.03333 0.5 4.61052e-09
4.1 0.5 3.07922e-09
4.16667 0.5 2.04461e-09
4.23333 0.5 1.35265e-09
4.3 0.5 8.93431e-10
4.36667 0.5 5.90503e-10
4.43333 0.5 3.91613e-10
4.5 0.5 2.61533e-10
4.56667 0.5 1.76754e-10
4.63333 0.5 1.21722e-10
4.7 0.5 8.62252e-11
4.76667 0.5 6.36279e-11
4.83333 0.5 4.96856e-11
4.9 0.5 4.17798e-11
4.96667 0.5 3.84418e-11
0.0333333 0.566667 4.02366e-05
0.1 0.566667 2.98925e-05
0.166667 0.566667 1.32727e-05
0.233333 0.566667 2.5071e-06
0.3 0.566667 8.22351e-06
0.366667 0.566667 3.16915e-05
0.433333 0.566667 6.24536e-05
0.5 0.566667 8.64822e-05
0.566667 0.566667 9.85942e-05
0.633333 0.566667 9.96403e-05
0.7 0.566667 7.5951e-05
0.766667 0.566667 3.4707e-05
0.833333 0.566667 1.21461e-05
0.9 0.566667 3.34941e-05
0.966667 0.566667 3.58978e-05
1.03333 0.566667 3.41633e-05
1.1 0.566667 3.07234e-05
1.16667 0.566667 2.66083e-05
1.23333 0.566667 2.22704e-05
1.3 0.566667 1.79076e-05
1.36667 0.566667 1.37422e-05
1.43333 0.566667 1.02978e-05
1.5 0.566667 1.32528e-05
1.56667 0.566667 2.51942e-05
1.63333 0.566667 2.46071e-05
1.7 0.566667 8.3087e-06
1.76667 0.566667 1.80413e-06
1.83333 0.566667 7.82598e-07
1.9 0.566667 1.7241e-06
1.96667 0.566667 1.95055e-06
2.03333 0.566667 1.88168e-06
2.1 0.566667 1.70721e-06
2.16667 0.566667 1.5093e-06
2.23333 0.566667 1.31952e-06
2.3 0.566667 1.14616e-06
2.36667 0.566667 9.87502e-07
2.43333 0.566667 8.38041e-07
2.5 0.566667 6.91252e-07
2.56667 0.566667 5.40753e-07
2.63333 0.566667 3.8069e-07
2.7 0.566667 2.05858e-07
2.76667 0.566667 1.17632e-08
2.83333 0.566667 2.05152e-07
2.9 0.566667 4.4677e-07
2.96667 0.566667 7.08028e-07
3.03333 0.566667 9.64952e-07
3.1 0.566667 1.76814e-06
3.16667 0.566667 1.37382e-06
3.23333 0.566667 5.56915e-07
3.3 0.566667 1.75641e-07
3.36667 0.566667 2.04315e-08
3.43333 0.566667 3.58596e-08
3.5 0.566667 4.95105e-08
3.56667 0.566667 4.62475e-08
3.63333 0.566667 3.76099e-08
3.7 0.566667 2.84796e-08
3.76667 0.566667 2.06511e-08
3.83333 0.566667 1.45482e-08
3.9 0.566667 1.00424e-08
3.96667 0.566667 6.83029e-09
4.03333 0.566667 4.59512e-09
4.1 0.566667 3.0667e-09
4.16667 0.566667 2.03504e-09
4.23333 0.566667 1.34552e-09
4.3 0.566667 8.88129e-10
4.36667 0.566667 5.86494e-10
4.43333 0.566667 3.88486e-10
4.5 0.566667 2.58992e-10
4.56667 0.566667 1.74595e-10
4.63333 0.566667 1.19806e-10
4.7 0.566667 8.44637e-11
4.76667 0.566667 6.19613e-11
4.83333 0.566667 4.80743e-11
4.9 0.566667 4.01948e-11
4.96667 0.566667 3.68556e-11
0.0333333 0.633333 1.58214e-05
0.1 0.633333 1.12055e-05
0.166667 0.633333 4.21762e-06
0.233333 0.633333 2.34796e-06
0.3 0.633333 9.62916e-06
0.366667 0.633333 2.44118e-05
0.433333 0.633333 4.01833e-05
0.5 0.633333 5.00366e-05
0.566667 0.633333 4.98175e-05
0.633333 0.633333 3.54279e-05
0.7 0.633333 9.79339e-06
0.766667 0.633333 1.58335e-05
0.833333 0.633333 3.61575e-05
0.9 0.633333 3.84582e-05
0.966667 0.633333 3.39097e-05
1.03333 0.633333 3.03944e-05
1.1 0.633333 2.65046e-05
1.16667 0.633333 2.2512e-05
1.23333 0.633333 1.84955e-05
1.3 0.633333 1.44374e-05
1.36667 0.633333 1.03221e-05
1.43333 0.633333 6.53456e-06
1.5 0.633333 3.22316e-06
1.56667 0.633333 2.72299e-05
1.63333 0.633333 2.9054e-05
1.7 0.633333 8.28721e-06
1.76667 0.633333 1.78817e-06
1.83333 0.633333 7.10847e-07
1.9 0.633333 1.56985e-06
1.96667 0.633333 1.74313e-06
2.03333 0.633333 1.64512e-06
2.1 0.633333 1.45852e-06
2.16667 0.633333 1.26011e-06
2.23333 0.633333 1.07778e-06
2.3 0.633333 9.17535e-07
2.36667 0.633333 7.76315e-07
2.43333 0.633333 6.47873e-07
2.5 0.633333 5.25326e-07
2.56667 0.633333 4.02166e-07
2.63333 0.633333 2.72614e-07
2.7 0.633333 1.31837e-07
2.76667 0.633333 2.36833e-08
2.83333 0.633333 1.95296e-07
2.9 0.633333 3.803e-07
2.96667 0.633333 5.69203e-07
3.03333 0.633333 8.0596e-07
3.1 0.633333 8.31031e-07
3.16667 0.633333 5.74287e-07
3.23333 0.633333 2.60983e-07
3.3 0.633333 6.60248e-08
3.36667 0.633333 2.54714e-08
3.43333 0.633333 5.61026e-08
3.5 0.633333 5.87163e-08
3.56667 0.633333 5.04727e-08
3.63333 0.633333 3.95293e-08
3.7 0.633333 2.93223e-08
3.76667 0.633333 2.09952e-08
3.83333 0.633333 1.46677e-08
3.9 0.633333 1.00663e-08
3.96667 0.633333 6.81779e-09
4.03333 0.633333 4.57219e-09
4.1 0.633333 3.04375e-09
4.16667 0.633333 2.01549e-09
4.23333 0.633333 1.32988e-09
4.3 0.633333 8.75846e-10
4.36667 0.633333 5.76776e-10
4.43333 0.633333 3.80604e-10
4.5 0.633333 2.52369e-10
4.56667 0.633333 1.68811e-10
4.63333 0.633333 1.14569e-10
4.7 0.633333 7.95744e-11
4.76667 0.633333 5.72867e-11
4.83333 0.633333 4.35235e-11
4.9 0.633333 3.56995e-11
4.96667 0.633333 3.235e-11
0.0333333 0.7 1.82617e-06
0.1 0.7 1.78733e-07
0.166667 0.7 2.18098e-06
0.233333 0.7 1.8588e-06
0.3 0.7 2.37965e-06
0.366667 0.7 8.86455e-06
0.433333 0.7 1.40478e-05
0.5 0.7 1.44491e-05
0.566667 0.7 7.93545e-06
0.633333 0.7 4.99499e-06
0.7 0.7 2.02642e-05
0.766667 0.7 3.20462e-05
0.833333 0.7 3.67043e-05
0.9 0.7 3.43517e-05
0.966667 0.7 2.87738e-05
1.03333 0.7 2.35069e-05
1.1 0.7 1.90677e-05
1.16667 0.7 1.51006e-05
1.23333 0.7 1.13488e-05
1.3 0.7 7.50143e-06
1.36667 0.7 3.17507e-06
1.43333 0.7 2.45384e-06
1.5 0.7 1.23747e-05
1.56667 0.7 2.10783e-05
1.63333 0.7 1.52937e-05
1.7 0.7 5.94072e-06
1.76667 0.7 1.16884e-06
1.83333 0.7 7.05108e-07
1.9 0.7 1.31015e-06
1.96667 0.7 1.3759e-06
2.03333 0.7 1.23757e-06
2.1 0.7 1.04466e-06
2.16667 0.7 8.58203e-07
2.23333 0.7 6.9831e-07
2.3 0.7 5.67153e-07
2.36667 0.7 4.59923e-07
2.43333 0.7 3.69755e-07
2.5 0.7 2.89768e-07
2.56667 0.7 2.13801e-07
2.63333 0.7 1.36695e-07
2.7 0.7 5.45996e-08
2.76667 0.7 3.43872e-08
2.83333 0.7 1.28943e-07
2.9 0.7 2.22683e-07
2.96667 0.7 3.06825e-07
3.03333 0.7 3.35477e-07
3.1 0.7 2.71607e-07
3.16667 0.7 1.4044e-07
3.23333 0.7 1.47213e-08
3.3 0.7 5.91719e-08
3.36667 0.7 8.52602e-08
3.43333 0.7 8.51701e-08
3.5 0.7 7.29605e-08
3.56667 0.7 5.74665e-08
3.63333 0.7 4.2936e-08
3.7 0.7 3.09502e-08
3.76667 0.7 2.17466e-08
3.83333 0.7 1.49943e-08
3.9 0.7 1.01928e-08
3.96667 0.7 6.85433e-09
4.03333 0.7 4.57132e-09
4.1 0.7 3.02959e-09
4.16667 0.7 1.99841e-09
4.23333 0.7 1.3138e-09
4.3 0.7 8.61889e-10
4.36667 0.7 5.64912e-10
4.43333 0.7 3.7044e-10
4.5 0.7 2.43462e-10
4.56667 0.7 1.60782e-10
4.63333 0.7 1.0713e-10
4.7 0.7 7.25165e-11
4.76667 0.7 5.04629e-11
4.83333 0.7 3.68279e-11
4.9 0.7 2.90488e-11
4.96667 0.7 2.56627e-11
0.0333333 0.766667 3.51955e-06
0.1 0.766667 4.23465e-06
0.166667 0.766667 5.50839e-06
0.233333 0.766667 6.25848e-06
0.3 0.766667 6.32612e-06
0.366667 0.766667 6.62421e-06
0.433333 0.766667 8.54672e-06
0.5 0.766667 1.3118e-05
0.566667 0.766667 2.02215e-05
0.633333 0.766667 2.82299e-05
0.7 0.766667 3.44881e-05
0.766667 0.766667 3.66238e-05
0.833333 0.766667 3.40195e-05
0.9 0.766667 2.81681e-05
0.966667 0.766667 2.1387e-05
1.03333 0.766667 1.53548e-05
1.1 0.766667 1.05967e-05
1.16667 0.766667 6.87965e-06
1.23333 0.766667 3.78011e-06
1.3 0.766667 8.67645e-07
1.36667 0.766667 2.29268e-06
1.43333 0.766667 6.0279e-06
1.5 0.766667 9.25086e-06
1.56667 0.766667 9.28864e-06
1.63333 0.766667 6.17611e-06
1.7 0.766667 2.46068e-06
1.76667 0.766667 1.23242e-07
1.83333 0.766667 8.35338e-07
1.9 0.766667 1.05427e-06
1.96667 0.766667 9.57094e-07
2.03333 0.766667 7.60281e-07
2.1 0.766667 5.60265e-07
2.16667 0.766667 3.92859e-07
2.23333 0.766667 2.65797e-07
2.3 0.766667 1.75365e-07
2.36667 0.766667 1.14239e-07
2.43333 0.766667 7.48122e-08
2.5 0.766667 5.03737e-08
2.56667 0.766667 3.53703e-08
2.63333 0.766667 2.54165e-08
2.7 0.766667 1.74052e-08
2.76667 0.766667 9.92333e-09
2.83333 0.766667 3.94657e-09
2.9 0.766667 3.10934e-09
2.96667 0.766667 1.57161e-08
3.03333 0.766667 4.89322e-08
3.1 0.766667 9.8618e-08
3.16667 0.766667 1.45968e-07
3.23333 0.766667 1.71141e-07
3.3 0.766667 1.68795e-07
3.36667 0.766667 1.47612e-07
3.43333 0.766667 1.19245e-07
3.5 0.766667 9.13593e-08
3.56667 0.766667 6.73057e-08
3.63333 0.766667 4.81475e-08
3.7 0.766667 3.36784e-08
3.76667 0.766667 2.31541e-08
3.83333 0.766667 1.57069e-08
3.9 0.766667 1.05445e-08
3.96667 0.766667 7.02142e-09
4.03333 0.766667 4.6458e-09
4.1 0.766667 3.05869e-09
4.16667 0.766667 2.00598e-09
4.23333 0.766667 1.31159e-09
4.3 0.766667 8.55549e-10
4.36667 0.766667 5.57036e-10
4.43333 0.766667 3.62154e-10
4.5 0.766667 2.35205e-10
4.56667 0.766667 1.52688e-10
4.63333 0.766667 9.92062e-11
4.7 0.766667 6.47263e-11
4.76667 0.766667 4.27574e-11
4.83333 0.766667 2.9157e-11
4.9 0.766667 2.13613e-11
4.96667 0.766667 1.79007e-11
0.0333333 0.833333 3.707e-06
0.1 0.833333 4.61374e-06
0.166667 0.833333 6.6311e-06
0.233333 0.833333 9.71518e-06
0.3 0.833333 1.39373e-05
0.366667 0.833333 1.93674e-05
0.433333 0.833333 2.58171e-05
0.5 0.833333 3.26111e-05
0.566667 0.833333 3.85448e-05
0.633333 0.833333 4.21204e-05
0.7 0.833333 4.20733e-05
0.766667 0.833333 3.80552e-05
0.833333 0.833333 3.09604e-05
0.9 0.833333 2.25243e-05
0.966667 0.833333 1.44974e-05
1.03333 0.833333 7.97379e-06
1.1 0.833333 3.25448e-06
1.16667 0.833333 1.15841e-07
1.23333 0.833333 1.86811e-06
1.3 0.833333 3.12657e-06
1.36667 0.833333 3.96412e-06
1.43333 0.833333 4.36896e-06
1.5 0.833333 4.0008e-06
1.56667 0.833333 2.73148e-06
1.63333 0.833333 1.02768e-06
1.7 0.833333 3.50499e-07
1.76667 0.833333 1.02259e-06
1.83333 0.833333 1.10825e-06
1.9 0.833333 8.97391e-07
1.96667 0.833333 6.02068e-07
2.03333 0.833333 3.27694e-07
2.1 0.833333 1.13114e-07
2.16667 0.833333 3.62889e-08
2.23333 0.833333 1.28564e-07
2.3 0.833333 1.75238e-07
2.36667 0.833333 1.87113e-07
2.43333 0.833333 1.72976e-07
2.5 0.833333 1.39578e-07
2.56667 0.833333 9.20862e-08
2.63333 0.833333 3.45956e-08
2.7 0.833333 2.94462e-08
2.76667 0.833333 9.69484e-08
2.83333 0.833333 1.64876e-07
2.9 0.833333 2.29854e-07
2.96667 0.833333 2.8717e-07
3.03333 0.833333 3.29958e-07
3.1 0.833333 3.5022e-07
3.16667 0.833333 3.42788e-07
3.23333 0.833333 3.09568e-07
3.3 0.833333 2.59669e-07
3.36667 0.833333 2.04798e-07
3.43333 0.833333 1.54041e-07
3.5 0.833333 1.11863e-07
3.56667 0.833333 7.91272e-08
3.63333 0.833333 5.48488e-08
3.7 0.833333 3.74258e-08
3.76667 0.833333 2.52256e-08
3.83333 0.833333 1.68402e-08
3.9 0.833333 1.11582e-08
3.96667 0.833333 7.34995e-09
4.03333 0.833333 4.81906e-09
4.1 0.833333 3.14796e-09
4.16667 0.833333 2.05007e-09
4.23333 0.833333 1.33151e-09
4.3 0.833333 8.62592e-10
4.36667 0.833333 5.57254e-10
4.43333 0.833333 3.58768e-10
4.5 0.833333 2.29925e-10
4.56667 0.833333 1.46413e-10
4.63333 0.833333 9.24094e-11
4.7 0.833333 5.76514e-11
4.76667 0.833333 3.55259e-11
4.83333 0.833333 2.18229e-11
4.9 0.833333 1.39397e-11
4.96667 0.833333 1.03841e-11
0.0333333 0.9 1.98595e-06
0.1 0.9 3.44579e-06
0.166667 0.9 6.69183e-06
0.233333 0.9 1.20204e-05
0.3 0.9 1.94091e-05
0.366667 0.9 2.82591e-05
0.433333 0.9 3.73576e-05
0.5 0.9 4.50832e-05
0.566667 0.9 4.97998e-05
0.633333 0.9 5.03341e-05
0.7 0.9 4.63827e-05
0.766667 0.9 3.86843e-05
0.833333 0.9 2.8812e-05
0.9 0.9 1.86245e-05
0.966667 0.9 9.66449e-06
1.03333 0.9 2.80441e-06
1.1 0.9 1.75067e-06
1.16667 0.9 4.23659e-06
1.23333 0.9 5.07891e-06
1.3 0.9 4.72646e-06
1.36667 0.9 3.57495e-06
1.43333 0.9 1.96952e-06
1.5 0.9 2.61343e-07
1.56667 0.9 1.17657e-06
1.63333 0.9 2.04315e-06
1.7 0.9 2.25198e-06
1.76667 0.9 1.95485e-06
1.83333 0.9 1.41273e-06
1.9 0.9 8.44332e-07
1.96667 0.9 3.66397e-07
2.03333 0.9 1.40063e-08
2.1 0.9 2.19865e-07
2.16667 0.9 3.57124e-07
2.23333 0.9 4.21035e-07
2.3 0.9 4.31006e-07
2.36667 0.9 4.0153e-07
2.43333 0.9 3.42816e-07
2.5 0.9 2.61944e-07
2.56667 0.9 1.64062e-07
2.63333 0.9 5.35094e-08
2.7 0.9 6.51596e-08
2.76667 0.9 1.86228e-07
2.83333 0.9 3.02036e-07
2.9 0.9 4.027e-07
2.96667 0.9 4.77028e-07
3.03333 0.9 5.1518e-07
3.1 0.9 5.12492e-07
3.16667 0.9 4.7234e-07
3.23333 0.9 4.05725e-07
3.3 0.9 3.27351e-07
3.36667 0.9 2.50516e-07
3.43333 0.9 1.83772e-07
3.5 0.9 1.30507e-07
3.56667 0.9 9.04526e-08
3.63333 0.9 6.15633e-08
3.7 0.9 4.13344e-08
3.76667 0.9 2.747e-08
3.83333 0.9 1.81157e-08
3.9 0.9 1.18772e-08
3.96667 0.9 7.75231e-09
4.03333 0.9 5.04244e-09
4.1 0.9 3.27061e-09
4.16667 0.9 2.11619e-09
4.23333 0.9 1.36596e-09
4.3 0.9 8.79297e-10
4.36667 0.9 5.64019e-10
4.43333 0.9 3.5996e-10
4.5 0.9 2.27989e-10
4.56667 0.9 1.42719e-10
4.63333 0.9 8.77262e-11
4.7 0.9 5.24106e-11
4.76667 0.9 2.9969e-11
4.83333 0.9 1.60827e-11
4.9 0.9 8.08443e-12
4.96667 0.9 4.44372e-12
0.0333333 0.966667 5.78838e-07
0.1 0.966667 2.4448e-06
0.166667 0.966667 6.54909e-06
0.233333 0.966667 1.32546e-05
0.3 0.966667 2.24116e-05
0.366667 0.966667 3.30434e-05
0.433333 0.966667 4.34241e-05
0.5 0.966667 5.15092e-05
0.566667 0.966667 5.55263e-05
0.633333 0.966667 5.45228e-05
0.7 0.966667 4.86704e-05
0.766667 0.966667 3.91902e-05
0.833333 0.966667 2.79425e-05
0.9 0.966667 1.68518e-05
0.966667 0.966667 7.39999e-06
1.03333 0.966667 3.8541e-07
1.1 0.966667 4.02394e-06
1.16667 0.966667 6.07648e-06
1.23333 0.966667 6.21593e-06
1.3 0.966667 4.94852e-06
1.36667 0.966667 2.81172e-06
1.43333 0.966667 3.85803e-07
1.5 0.966667 1.74549e-06
1.56667 0.966667 3.12886e-06
1.63333 0.966667 3.5929e-06
1.7 0.966667 3.28039e-06
1.76667 0.966667 2.52062e-06
1.83333 0.966667 1.64384e-06
1.9 0.966667 8.64784e-07
1.96667 0.966667 2.70266e-07
2.03333 0.966667 1.36145e-07
2.1 0.966667 3.86435e-07
2.16667 0.966667 5.19257e-07
2.23333 0.966667 5.67837e-07
2.3 0.966667 5.5699e-07
2.36667 0.966667 5.03878e-07
2.43333 0.966667 4.19863e-07
2.5 0.966667 3.12438e-07
2.56667 0.966667 1.86947e-07
2.63333 0.966667 4.80987e-08
2.7 0.966667 9.86358e-08
2.76667 0.966667 2.45783e-07
2.83333 0.966667 3.83069e-07
2.9 0.966667 4.97721e-07
2.96667 0.966667 5.76574e-07
3.03333 0.966667 6.09902e-07
3.1 0.966667 5.95428e-07
3.16667 0.966667 5.40099e-07
3.23333 0.966667 4.58108e-07
3.3 0.966667 3.66056e-07
3.36667 0.966667 2.77956e-07
3.43333 0.966667 2.02438e-07
3.5 0.966667 1.42698e-07
3.56667 0.966667 9.81315e-08
3.63333 0.966667 6.62611e-08
3.7 0.966667 4.4147e-08
3.76667 0.966667 2.91281e-08
3.83333 0.966667 1.90824e-08
3.9 0.966667 1.24364e-08
3.96667 0.966667 8.07377e-09
4.03333 0.966667 5.22615e-09
4.1 0.966667 3.37485e-09
4.16667 0.966667 2.17469e-09
4.23333 0.966667 1.39816e-09
4.3 0.966667 8.96378e-10
4.36667 0.966667 5.72403e-10
4.43333 0.966667 3.63337e-10
4.5 0.966667 2.2848e-10
4.56667 0.966667 1.41549e-10
4.63333 0.966667 8.55989e-11
4.7 0.966667 4.97361e-11
4.76667 0.966667 2.69859e-11
4.83333 0.966667 1.2931e-11
4.9 0.966667 4.84545e-12
4.96667 0.966667 1.1614e-12
