0.0333333 0.0333333 9.85088e-06
0.1 0.0333333 2.218e-05
0.166667 0.0333333 3.08366e-05
0.233333 0.0333333 3.36993e-05
0.3 0.0333333 4.51913e-05
0.366667 0.0333333 7.7326e-05
0.433333 0.0333333 0.000124585
0.5 0.0333333 0.000167051
0.566667 0.0333333 0.00018671
0.633333 0.0333333 0.000178613
0.7 0.0333333 0.000150177
0.766667 0.0333333 0.000112923
0.833333 0.0333333 7.56338e-05
0.9 0.0333333 4.28981e-05
0.966667 0.0333333 1.61998e-05
1.03333 0.0333333 4.17906e-06
1.1 0.0333333 1.79526e-05
1.16667 0.0333333 2.50171e-05
1.23333 0.0333333 2.61338e-05
1.3 0.0333333 2.31301e-05
1.36667 0.0333333 1.83811e-05
1.43333 0.0333333 1.40137e-05
1.5 0.0333333 1.13162e-05
1.56667 0.0333333 1.04866e-05
1.63333 0.0333333 1.06283e-05
1.7 0.0333333 9.94912e-06
1.76667 0.0333333 6.24722e-06
1.83333 0.0333333 2.27289e-06
1.9 0.0333333 1.60497e-05
1.96667 0.0333333 3.35485e-05
2.03333 0.0333333 5.15047e-05
2.1 0.0333333 6.62402e-05
2.16667 0.0333333 7.56707e-05
2.23333 0.0333333 8.11394e-05
2.3 0.0333333 8.78616e-05
2.36667 0.0333333 0.00010263
2.43333 0.0333333 0.000128571
2.5 0.0333333 0.000161071
2.56667 0.0333333 0.000189229
2.63333 0.0333333 0.000202285
2.7 0.0333333 0.000196202
2.76667 0.0333333 0.000174752
2.83333 0.0333333 0.000145501
2.9 0.0333333 0.000115278
2.96667 0.0333333 8.8111e-05
3.03333 0.0333333 6.5583e-05
3.1 0.0333333 4.77305e-05
3.16667 0.0333333 3.40149e-05
3.23333 0.0333333 2.40111e-05
3.3 0.0333333 1.74687e-05
3.36667 0.0333333 1.40764e-05
3.43333 0.0333333 1.32733e-05
3.5 0.0333333 1.42572e-05
3.56667 0.0333333 1.6137e-05
3.63333 0.0333333 1.81068e-05
3.7 0.0333333 1.95655e-05
3.76667 0.0333333 2.01615e-05
3.83333 0.0333333 1.97765e-05
3.9 0.0333333 1.84707e-05
3.96667 0.0333333 1.64151e-05
4.03333 0.0333333 1.38305e-05
4.1 0.0333333 1.09426e-05
4.16667 0.0333333 7.95717e-06
4.23333 0.0333333 5.05033e-06
4.3 0.0333333 2.37029e-06
4.36667 0.0333333 4.43197e-08
4.43333 0.0333333 1.81195e-06
4.5 0.0333333 3.08613e-06
4.56667 0.0333333 3.6602e-06
4.63333 0.0333333 3.41883e-06
4.7 0.0333333 2.42283e-06
4.76667 0.0333333 1.1335e-06
4.83333 0.0333333 1.89777e-07
4.9 0.0333333 1.34063e-07
4.96667 0.0333333 9.6086e-08
0.0333333 0.1 2.06933e-05
0.1 0.1 1.39853e-05
0.166667 0.1 4.4996e-05
0.233333 0.1 6.9062e-05
0.3 0.1 7.74727e-05
0.366667 0.1 6.26123e-05
0.433333 0.1 2.43763e-05
0.5 0.1 2.36293e-05
0.566667 0.1 5.99829e-05
0.633333 0.1 7.37929e-05
0.7 0.1 6.80834e-05
0.766667 0.1 5.21496e-05
0.833333 0.1 3.42926e-05
0.9 0.1 1.8899e-05
0.966667 0.1 7.21462e-06
1.03333 0.1 1.13415e-06
1.1 0.1 6.78695e-06
1.16667 0.1 9.99261e-06
1.23333 0.1 1.08154e-05
1.3 0.1 9.642e-06
1.36667 0.1 7.35548e-06
1.43333 0.1 5.04452e-06
1.5 0.1 3.55656e-06
1.56667 0.1 3.19732e-06
1.63333 0.1 3.67741e-06
1.7 0.1 4.28147e-06
1.76667 0.1 4.20947e-06
1.83333 0.1 3.00308e-06
1.9 0.1 8.82214e-07
1.96667 0.1 1.23749e-06
2.03333 0.1 2.15484e-06
2.1 0.1 1.03763e-06
2.16667 0.1 2.04324e-06
2.23333 0.1 5.81581e-06
2.3 0.1 7.41668e-06
2.36667 0.1 3.08351e-06
2.43333 0.1 1.06351e-05
2.5 0.1 3.37373e-05
2.56667 0.1 6.06212e-05
2.63333 0.1 8.21709e-05
2.7 0.1 9.11652e-05
2.76667 0.1 8.68399e-05
2.83333 0.1 7.36789e-05
2.9 0.1 5.74941e-05
2.96667 0.1 4.25063e-05
3.03333 0.1 3.06821e-05
3.1 0.1 2.22969e-05
3.16667 0.1 1.6755e-05
3.23333 0.1 1.32857e-05
3.3 0.1 1.13523e-05
3.36667 0.1 1.06686e-05
3.43333 0.1 1.10168e-05
3.5 0.1 1.21009e-05
3.56667 0.1 1.35302e-05
3.63333 0.1 1.489e-05
3.7 0.1 1.58316e-05
3.76667 0.1 1.61316e-05
3.83333 0.1 1.57083e-05
3.9 0.1 1.46019e-05
3.96667 0.1 1.29356e-05
4.03333 0.1 1.08744e-05
4.1 0.1 8.59099e-06
4.16667 0.1 6.24526e-06
4.23333 0.1 3.97329e-06
4.3 0.1 1.88352e-06
4.36667 0.1 5.42739e-08
4.43333 0.1 1.47387e-06
4.5 0.1 2.71882e-06
4.56667 0.1 3.80555e-06
4.63333 0.1 4.94937e-06
4.7 0.1 5.86568e-06
4.76667 0.1 5.41268e-06
4.83333 0.1 3.3283e-06
4.9 0.1 1.07716e-06
4.96667 0.1 1.29854e-07
0.0333333 0.166667 2.05348e-05
0.1 0.166667 4.68412e-05
0.166667 0.166667 0.000105606
0.233333 0.166667 0.000137447
0.3 0.166667 0.000155928
0.366667 0.166667 0.000163769
0.433333 0.166667 0.00014866
0.5 0.166667 0.00010276
0.566667 0.166667 4.84991e-05
0.633333 0.166667 1.25222e-05
0.7 0.166667 2.23501e-06
0.766667 0.166667 4.35313e-06
0.833333 0.166667 1.76934e-06
0.9 0.166667 1.87934e-07
0.966667 0.166667 2.1457e-06
1.03333 0.166667 6.55774e-06
1.1 0.166667 1.02726e-05
1.16667 0.166667 1.10485e-05
1.23333 0.166667 9.20231e-06
1.3 0.166667 6.59181e-06
1.36667 0.166667 4.78057e-06
1.43333 0.166667 4.23637e-06
1.5 0.166667 4.65717e-06
1.56667 0.166667 5.53587e-06
1.63333 0.166667 6.33165e-06
1.7 0.166667 6.2227e-06
1.76667 0.166667 3.85547e-06
1.83333 0.166667 2.46399e-06
1.9 0.166667 1.39826e-05
1.96667 0.166667 3.0339e-05
2.03333 0.166667 4.86975e-05
2.1 0.166667 6.43774e-05
2.16667 0.166667 7.3659e-05
2.23333 0.166667 7.68977e-05
2.3 0.166667 7.81344e-05
2.36667 0.166667 7.96819e-05
2.43333 0.166667 8.47928e-05
2.5 0.166667 8.47099e-05
2.56667 0.166667 6.60811e-05
2.63333 0.166667 3.41242e-05
2.7 0.166667 6.05847e-06
2.76667 0.166667 7.85183e-06
2.83333 0.166667 1.03441e-05
2.9 0.166667 6.40798e-06
2.96667 0.166667 9.0204e-07
3.03333 0.166667 2.66452e-06
3.1 0.166667 2.8211e-06
3.16667 0.166667 1.81243e-07
3.23333 0.166667 3.49237e-06
3.3 0.166667 6.66629e-06
3.36667 0.166667 8.77382e-06
3.43333 0.166667 1.00108e-05
3.5 0.166667 1.07819e-05
3.56667 0.166667 1.13475e-05
3.63333 0.166667 1.17641e-05
3.7 0.166667 1.1966e-05
3.76667 0.166667 1.18626e-05
3.83333 0.166667 1.14005e-05
3.9 0.166667 1.05852e-05
3.96667 0.166667 9.47582e-06
4.03333 0.166667 8.16496e-06
4.1 0.166667 6.75751e-06
4.16667 0.166667 5.35324e-06
4.23333 0.166667 4.03461e-06
4.3 0.166667 2.85709e-06
4.36667 0.166667 1.83683e-06
4.43333 0.166667 9.28439e-07
4.5 0.166667 1.93348e-08
4.56667 0.166667 1.34027e-06
4.63333 0.166667 3.79723e-06
4.7 0.166667 8.85212e-06
4.76667 0.166667 1.44937e-05
4.83333 0.166667 1.20839e-05
4.9 0.166667 4.17371e-06
4.96667 0.166667 1.39017e-07
0.0333333 0.233333 2.54628e-06
0.1 0.233333 8.03346e-05
0.166667 0.233333 0.000137391
0.233333 0.233333 0.000159113
0.3 0.233333 8.937e-05
0.366667 0.233333 0.000126075
0.433333 0.233333 0.000205821
0.5 0.233333 0.000169769
0.566667 0.233333 9.68398e-05
0.633333 0.233333 4.5422e-05
0.7 0.233333 1.50648e-05
0.766667 0.233333 1.41004e-06
0.833333 0.233333 1.42461e-06
0.9 0.233333 1.29594e-06
0.966667 0.233333 6.28369e-06
1.03333 0.233333 1.79858e-05
1.1 0.233333 2.89723e-05
1.16667 0.233333 3.16904e-05
1.23333 0.233333 2.5782e-05
1.3 0.233333 1.64248e-05
1.36667 0.233333 8.67767e-06
1.43333 0.233333 4.88403e-06
1.5 0.233333 5.16629e-06
1.56667 0.233333 8.75152e-06
1.63333 0.233333 1.43849e-05
1.7 0.233333 1.96809e-05
1.76667 0.233333 2.06217e-05
1.83333 0.233333 1.24401e-05
1.9 0.233333 8.02643e-06
1.96667 0.233333 3.94827e-05
2.03333 0.233333 7.4176e-05
2.1 0.233333 9.89258e-05
2.16667 0.233333 0.00010293
2.23333 0.233333 8.89721e-05
2.3 0.233333 7.36919e-05
2.36667 0.233333 7.43935e-05
2.43333 0.233333 9.54142e-05
2.5 0.233333 0.000145642
2.56667 0.233333 0.000157661
2.63333 0.233333 0.00010713
2.7 0.233333 6.10162e-05
2.76667 0.233333 3.06973e-05
2.83333 0.233333 1.60319e-05
2.9 0.233333 1.27753e-05
2.96667 0.233333 1.54673e-05
3.03333 0.233333 1.81668e-05
3.1 0.233333 1.62805e-05
3.16667 0.233333 9.4113e-06
3.23333 0.233333 9.9479e-07
3.3 0.233333 5.36628e-06
3.36667 0.233333 8.50991e-06
3.43333 0.233333 9.27909e-06
3.5 0.233333 8.92976e-06
3.56667 0.233333 8.31088e-06
3.63333 0.233333 7.7849e-06
3.7 0.233333 7.41769e-06
3.76667 0.233333 7.1448e-06
3.83333 0.233333 6.88028e-06
3.9 0.233333 6.57059e-06
3.96667 0.233333 6.20744e-06
4.03333 0.233333 5.81768e-06
4.1 0.233333 5.44584e-06
4.16667 0.233333 5.1378e-06
4.23333 0.233333 4.92757e-06
4.3 0.233333 4.82555e-06
4.36667 0.233333 4.80565e-06
4.43333 0.233333 4.78855e-06
4.5 0.233333 4.62287e-06
4.56667 0.233333 4.0654e-06
4.63333 0.233333 2.88042e-06
4.7 0.233333 4.48088e-07
4.76667 0.233333 1.61042e-05
4.83333 0.233333 3.79644e-05
4.9 0.233333 5.98757e-06
4.96667 0.233333 1.05289e-06
0.0333333 0.3 1.14221e-05
0.1 0.3 0.000103117
0.166667 0.3 0.00014903
0.233333 0.3 5.9093e-05
0.3 0.3 0.000203673
0.366667 0.3 0.0003758
0.433333 0.3 9.03166e-05
0.5 0.3 0.000152666
0.566667 0.3 8.89498e-05
0.633333 0.3 2.50849e-05
0.7 0.3 2.04552e-05
0.766667 0.3 4.74437e-05
0.833333 0.3 4.99401e-05
0.9 0.3 3.0711e-05
0.966667 0.3 1.63741e-05
1.03333 0.3 2.39198e-05
1.1 0.3 4.10256e-05
1.16667 0.3 4.47844e-05
1.23333 0.3 3.21764e-05
1.3 0.3 1.31822e-05
1.36667 0.3 2.22379e-06
1.43333 0.3 9.6277e-06
1.5 0.3 8.78229e-06
1.56667 0.3 7.15347e-07
1.63333 0.3 1.32719e-05
1.7 0.3 2.98992e-05
1.76667 0.3 4.22831e-05
1.83333 0.3 4.15092e-05
1.9 0.3 2.10581e-05
1.96667 0.3 1.82803e-05
2.03333 0.3 6.4693e-05
2.1 0.3 9.41461e-05
2.16667 0.3 7.86734e-05
2.23333 0.3 1.8005e-05
2.3 0.3 4.71299e-05
2.36667 0.3 8.89257e-05
2.43333 0.3 8.43288e-05
2.5 0.3 0.000138555
2.56667 0.3 0.000181199
2.63333 0.3 0.000129818
2.7 0.3 6.86459e-05
2.76667 0.3 2.43886e-05
2.83333 0.3 1.19641e-06
2.9 0.3 1.11836e-05
2.96667 0.3 7.19263e-06
3.03333 0.3 4.10383e-06
3.1 0.3 1.10066e-05
3.16667 0.3 7.14716e-06
3.23333 0.3 1.94614e-06
3.3 0.3 8.11303e-06
3.36667 0.3 9.33321e-06
3.43333 0.3 7.59448e-06
3.5 0.3 5.18505e-06
3.56667 0.3 3.25108e-06
3.63333 0.3 2.12186e-06
3.7 0.3 1.70567e-06
3.76667 0.3 1.76934e-06
3.83333 0.3 2.09883e-06
3.9 0.3 2.55997e-06
3.96667 0.3 3.09427e-06
4.03333 0.3 3.69076e-06
4.1 0.3 4.3591e-06
4.16667 0.3 5.11039e-06
4.23333 0.3 5.94426e-06
4.3 0.3 6.83962e-06
4.36667 0.3 7.74879e-06
4.43333 0.3 8.59887e-06
4.5 0.3 9.31535e-06
4.56667 0.3 9.92906e-06
4.63333 0.3 1.08642e-05
4.7 0.3 1.64532e-05
4.76667 0.3 2.66398e-05
4.83333 0.3 1.26734e-05
4.9 0.3 6.42593e-06
4.96667 0.3 2.01992e-06
0.0333333 0.366667 7.13919e-06
0.1 0.366667 0.000101195
0.166667 0.366667 0.000162124
0.233333 0.366667 6.19535e-05
0.3 0.366667 0.00031679
0.366667 0.366667 0.000593813
0.433333 0.366667 2.59669e-07
0.5 0.366667 0.00011649
0.566667 0.366667 5.02137e-05
0.633333 0.366667 2.56683e-05
0.7 0.366667 9.0877e-05
0.766667 0.366667 0.000139324
0.833333 0.366667 0.000149493
0.9 0.366667 9.34413e-05
0.966667 0.366667 6.71063e-06
1.03333 0.366667 3.92551e-06
1.1 0.366667 2.74632e-05
1.16667 0.366667 4.36896e-05
1.23333 0.366667 2.58734e-05
1.3 0.366667 3.52459e-06
1.36667 0.366667 2.73876e-05
1.43333 0.366667 3.89493e-05
1.5 0.366667 3.83018e-05
1.56667 0.366667 2.69524e-05
1.63333 0.366667 4.63464e-06
1.7 0.366667 2.65261e-05
1.76667 0.366667 5.69067e-05
1.83333 0.366667 7.19937e-05
1.9 0.366667 6.00457e-05
1.96667 0.366667 1.87044e-05
2.03333 0.366667 3.95595e-05
2.1 0.366667 7.99835e-05
2.16667 0.366667 3.97228e-05
2.23333 0.366667 0.000111406
2.3 0.366667 0.00026188
2.36667 0.366667 0.000341311
2.43333 0.366667 0.000465172
2.5 0.366667 2.72245e-05
2.56667 0.366667 0.000167288
2.63333 0.366667 0.000117084
2.7 0.366667 4.38085e-05
2.76667 0.366667 1.1825e-05
2.83333 0.366667 4.8923e-05
2.9 0.366667 7.19437e-05
2.96667 0.366667 7.7984e-05
3.03333 0.366667 4.88944e-05
3.1 0.366667 1.30197e-05
3.16667 0.366667 2.27189e-06
3.23333 0.366667 8.84591e-06
3.3 0.366667 1.3539e-05
3.36667 0.366667 1.0273e-05
3.43333 0.366667 4.23036e-06
3.5 0.366667 1.07323e-06
3.56667 0.366667 4.33983e-06
3.63333 0.366667 5.57422e-06
3.7 0.366667 5.35489e-06
3.76667 0.366667 4.33057e-06
3.83333 0.366667 2.95854e-06
3.9 0.366667 1.46866e-06
3.96667 0.366667 5.70279e-08
4.03333 0.366667 1.60198e-06
4.1 0.366667 3.16795e-06
4.16667 0.366667 4.75199e-06
4.23333 0.366667 6.334e-06
4.3 0.366667 7.87083e-06
4.36667 0.366667 9.29601e-06
4.43333 0.366667 1.05289e-05
4.5 0.366667 1.15049e-05
4.56667 0.366667 1.22409e-05
4.63333 0.366667 1.30457e-05
4.7 0.366667 1.29126e-05
4.76667 0.366667 4.77386e-06
4.83333 0.366667 2.75341e-07
4.9 0.366667 3.46294e-06
4.96667 0.366667 2.40173e-06
0.0333333 0.433333 6.54253e-05
0.1 0.433333 6.81419e-05
0.166667 0.433333 0.000175456
0.233333 0.433333 0.00021018
0.3 0.433333 0.000169251
0.366667 0.433333 0.000117669
0.433333 0.433333 0.000184725
0.5 0.433333 0.000112242
0.566667 0.433333 1.28179e-05
0.633333 0.433333 7.35873e-05
0.7 0.433333 0.000156124
0.766667 0.433333 0.000223567
0.833333 0.433333 0.000256427
0.9 0.433333 0.000216686
0.966667 0.433333 2.32935e-05
1.03333 0.433333 0.000203701
1.1 0.433333 3.07219e-05
1.16667 0.433333 2.68314e-05
1.23333 0.433333 1.033e-05
1.3 0.433333 2.52668e-05
1.36667 0.433333 5.51643e-05
1.43333 0.433333 6.99984e-05
1.5 0.433333 7.14542e-05
1.56667 0.433333 6.34692e-05
1.63333 0.433333 4.09048e-05
1.7 0.433333 1.52168e-06
1.76667 0.433333 5.17013e-05
1.83333 0.433333 8.64239e-05
1.9 0.433333 8.70868e-05
1.96667 0.433333 4.45042e-05
2.03333 0.433333 3.75957e-05
2.1 0.433333 0.000133811
2.16667 0.433333 0.000144781
2.23333 0.433333 0.000207575
2.3 0.433333 0.00053066
2.36667 0.433333 0.000395652
2.43333 0.433333 0.000208475
2.5 0.433333 0.000144516
2.56667 0.433333 0.000165087
2.63333 0.433333 9.23785e-05
2.7 0.433333 1.04337e-05
2.76667 0.433333 5.22943e-05
2.83333 0.433333 9.80125e-05
2.9 0.433333 0.000130733
2.96667 0.433333 0.000152228
3.03333 0.433333 0.000176437
3.1 0.433333 4.92345e-05
3.16667 0.433333 2.4857e-05
3.23333 0.433333 6.23181e-06
3.3 0.433333 1.55893e-05
3.36667 0.433333 8.60211e-06
3.43333 0.433333 1.9033e-06
3.5 0.433333 1.02404e-05
3.56667 0.433333 1.4561e-05
3.63333 0.433333 1.52281e-05
3.7 0.433333 1.35885e-05
3.76667 0.433333 1.09698e-05
3.83333 0.433333 8.16136e-06
3.9 0.433333 5.46247e-06
3.96667 0.433333 2.93754e-06
4.03333 0.433333 5.79338e-07
4.1 0.433333 1.63254e-06
4.16667 0.433333 3.70443e-06
4.23333 0.433333 5.61595e-06
4.3 0.433333 7.31597e-06
4.36667 0.433333 8.72434e-06
4.43333 0.433333 9.73811e-06
4.5 0.433333 1.0239e-05
4.56667 0.433333 1.00846e-05
4.63333 0.433333 8.88644e-06
4.7 0.433333 5.76274e-06
4.76667 0.433333 2.23722e-06
4.83333 0.433333 4.68325e-07
4.9 0.433333 1.46748e-06
4.96667 0.433333 1.85443e-06
0.0333333 0.5 0.000140805
0.1 0.5 1.04003e-05
0.166667 0.5 0.000157781
0.233333 0.5 0.000244332
0.3 0.5 0.000258388
0.366667 0.5 0.000258261
0.433333 0.5 0.000211347
0.5 0.5 9.99803e-05
0.566667 0.5 7.87022e-06
0.633333 0.5 9.53023e-05
0.7 0.5 0.000182261
0.766667 0.5 0.000254334
0.833333 0.5 0.00029274
0.9 0.5 0.000292316
0.966667 0.5 0.000149684
1.03333 0.5 0.000561535
1.1 0.5 8.63198e-05
1.16667 0.5 6.75237e-06
1.23333 0.5 4.54122e-06
1.3 0.5 3.74061e-05
1.36667 0.5 6.14994e-05
1.43333 0.5 7.53412e-05
1.5 0.5 7.61106e-05
1.56667 0.5 8.46656e-05
1.63333 0.5 8.65562e-05
1.7 0.5 4.24523e-05
1.76667 0.5 2.55134e-05
1.83333 0.5 7.77193e-05
1.9 0.5 9.14676e-05
1.96667 0.5 4.92779e-05
2.03333 0.5 5.92172e-05
2.1 0.5 0.000248697
2.16667 0.5 0.000560158
2.23333 0.5 0.000126994
2.3 0.5 0.000544438
2.36667 0.5 0.000257179
2.43333 0.5 6.47825e-06
2.5 0.5 0.000155325
2.56667 0.5 0.000161517
2.63333 0.5 6.90066e-05
2.7 0.5 1.37632e-05
2.76667 0.5 7.71337e-05
2.83333 0.5 0.000121417
2.9 0.5 0.00014629
2.96667 0.5 0.000154908
3.03333 0.5 0.000169198
3.1 0.5 7.95884e-05
3.16667 0.5 0.000131924
3.23333 0.5 1.02172e-05
3.3 0.5 1.03064e-05
3.36667 0.5 3.5709e-06
3.43333 0.5 9.78752e-06
3.5 0.5 2.07625e-05
3.56667 0.5 2.59462e-05
3.63333 0.5 2.55322e-05
3.7 0.5 2.18757e-05
3.76667 0.5 1.73042e-05
3.83333 0.5 1.29403e-05
3.9 0.5 9.05228e-06
3.96667 0.5 5.66792e-06
4.03333 0.5 2.73683e-06
4.1 0.5 1.94079e-07
4.16667 0.5 2.00349e-06
4.23333 0.5 3.86197e-06
4.3 0.5 5.34853e-06
4.36667 0.5 6.39681e-06
4.43333 0.5 6.91585e-06
4.5 0.5 6.79957e-06
4.56667 0.5 5.93018e-06
4.63333 0.5 4.24483e-06
4.7 0.5 2.1429e-06
4.76667 0.5 3.0251e-07
4.83333 0.5 7.19232e-07
4.9 0.5 1.05337e-06
4.96667 0.5 8.41609e-07
0.0333333 0.566667 0.000199857
0.1 0.566667 5.15206e-05
0.166667 0.566667 0.000103647
0.233333 0.566667 0.000197132
0.3 0.566667 0.000229664
0.366667 0.566667 0.000216511
0.433333 0.566667 0.000157742
0.5 0.566667 6.81493e-05
0.566667 0.566667 1.66414e-05
0.633333 0.566667 8.96232e-05
0.7 0.566667 0.000163211
0.766667 0.566667 0.000221592
0.833333 0.566667 0.000238
0.9 0.566667 0.000173994
0.966667 0.566667 0.000190312
1.03333 0.566667 0.000415792
1.1 0.566667 7.4455e-05
1.16667 0.566667 3.57591e-07
1.23333 0.566667 9.20995e-06
1.3 0.566667 3.13858e-05
1.36667 0.566667 3.55634e-05
1.43333 0.566667 7.81795e-06
1.5 0.566667 7.7405e-06
1.56667 0.566667 5.71078e-05
1.63333 0.566667 0.00013786
1.7 0.566667 7.56246e-05
1.76667 0.566667 7.95044e-06
1.83333 0.566667 5.51266e-05
1.9 0.566667 8.10649e-05
1.96667 0.566667 4.87379e-05
2.03333 0.566667 5.63175e-05
2.1 0.566667 0.000249583
2.16667 0.566667 0.000605863
2.23333 0.566667 0.000419709
2.3 0.566667 0.00017676
2.36667 0.566667 0.000119741
2.43333 0.566667 4.74779e-05
2.5 0.566667 0.000133514
2.56667 0.566667 0.000117844
2.63333 0.566667 4.87594e-05
2.7 0.566667 2.49258e-05
2.76667 0.566667 8.35294e-05
2.83333 0.566667 0.000119632
2.9 0.566667 0.000117878
2.96667 0.566667 8.64795e-05
3.03333 0.566667 2.10286e-06
3.1 0.566667 0.000185731
3.16667 0.566667 0.000151908
3.23333 0.566667 2.50677e-05
3.3 0.566667 4.83803e-06
3.36667 0.566667 2.84113e-06
3.43333 0.566667 1.04957e-05
3.5 0.566667 2.51062e-05
3.56667 0.566667 3.33512e-05
3.63333 0.566667 3.31753e-05
3.7 0.566667 2.80161e-05
3.76667 0.566667 2.19848e-05
3.83333 0.566667 1.63724e-05
3.9 0.566667 1.1528e-05
3.96667 0.566667 7.54052e-06
4.03333 0.566667 4.32966e-06
4.1 0.566667 1.7685e-06
4.16667 0.566667 2.49785e-07
4.23333 0.566667 1.78748e-06
4.3 0.566667 2.86254e-06
4.36667 0.566667 3.46087e-06
4.43333 0.566667 3.55552e-06
4.5 0.566667 3.13382e-06
4.56667 0.566667 2.24498e-06
4.63333 0.566667 1.08236e-06
4.7 0.566667 2.11584e-08
4.76667 0.566667 7.33203e-07
4.83333 0.566667 9.43687e-07
4.9 0.566667 7.22005e-07
4.96667 0.566667 2.19485e-09
0.0333333 0.633333 0.000221828
0.1 0.633333 9.50255e-05
0.166667 0.633333 4.10431e-05
0.233333 0.633333 0.000129481
0.3 0.633333 0.000159886
0.366667 0.633333 0.000143139
0.433333 0.633333 9.5595e-05
0.5 0.633333 3.59652e-05
0.566667 0.633333 2.01054e-05
0.633333 0.633333 6.94785e-05
0.7 0.633333 0.000116439
0.766667 0.633333 0.000150153
0.833333 0.633333 0.000141022
0.9 0.633333 4.79382e-05
0.966667 0.633333 7.4264e-05
1.03333 0.633333 7.25623e-05
1.1 0.633333 1.96501e-05
1.16667 0.633333 6.57571e-06
1.23333 0.633333 4.58338e-06
1.3 0.633333 1.51845e-05
1.36667 0.633333 1.37298e-06
1.43333 0.633333 5.53633e-05
1.5 0.633333 0.000215747
1.56667 0.633333 0.000175427
1.63333 0.633333 7.28094e-05
1.7 0.633333 8.83398e-05
1.76667 0.633333 2.87886e-05
1.83333 0.633333 3.44124e-05
1.9 0.633333 6.89281e-05
1.96667 0.633333 5.54872e-05
2.03333 0.633333 1.30136e-05
2.1 0.633333 0.000126694
2.16667 0.633333 0.000203175
2.23333 0.633333 0.000128637
2.3 0.633333 5.62888e-06
2.36667 0.633333 2.32559e-05
2.43333 0.633333 4.96234e-05
2.5 0.633333 8.99086e-05
2.56667 0.633333 7.54036e-05
2.63333 0.633333 2.74932e-05
2.7 0.633333 2.79741e-05
2.76667 0.633333 7.60077e-05
2.83333 0.633333 0.000109724
2.9 0.633333 9.83528e-05
2.96667 0.633333 7.88192e-06
3.03333 0.633333 6.155e-05
3.1 0.633333 8.77129e-05
3.16667 0.633333 6.76056e-05
3.23333 0.633333 2.45102e-05
3.3 0.633333 7.32118e-06
3.36667 0.633333 2.40798e-05
3.43333 0.633333 1.75199e-05
3.5 0.633333 3.76083e-06
3.56667 0.633333 2.70398e-05
3.63333 0.633333 3.28883e-05
3.7 0.633333 2.90376e-05
3.76667 0.633333 2.31904e-05
3.83333 0.633333 1.70609e-05
3.9 0.633333 1.17821e-05
3.96667 0.633333 7.64282e-06
4.03333 0.633333 4.55346e-06
4.1 0.633333 2.31351e-06
4.16667 0.633333 7.36441e-07
4.23333 0.633333 3.11906e-07
4.3 0.633333 9.15181e-07
4.36667 0.633333 1.12486e-06
4.43333 0.633333 9.85459e-07
4.5 0.633333 5.63757e-07
4.56667 0.633333 2.29538e-08
4.63333 0.633333 6.03491e-07
4.7 0.633333 9.97013e-07
4.76667 0.633333 1.09372e-06
4.83333 0.633333 8.86977e-07
4.9 0.633333 3.85735e-07
4.96667 0.633333 5.84821e-07
0.0333333 0.7 0.000204941
0.1 0.7 0.00010898
0.166667 0.7 6.75891e-06
0.233333 0.7 5.97449e-05
0.3 0.7 8.39967e-05
0.366667 0.7 7.24756e-05
0.433333 0.7 4.20714e-05
0.5 0.7 7.96807e-06
0.566667 0.7 2.31263e-05
0.633333 0.7 4.88876e-05
0.7 0.7 6.85257e-05
0.766667 0.7 7.71395e-05
0.833333 0.7 6.07421e-05
0.9 0.7 2.20569e-05
0.966667 0.7 3.38727e-06
1.03333 0.7 3.56264e-07
1.1 0.7 1.307e-05
1.16667 0.7 1.13419e-05
1.23333 0.7 7.35088e-07
1.3 0.7 3.7877e-06
1.36667 0.7 9.93846e-06
1.43333 0.7 4.92059e-05
1.5 0.7 9.37059e-05
1.56667 0.7 4.9005e-05
1.63333 0.7 5.37102e-05
1.7 0.7 7.33078e-05
1.76667 0.7 3.00419e-05
1.83333 0.7 2.25736e-05
1.9 0.7 5.75136e-05
1.96667 0.7 6.0492e-05
2.03333 0.7 3.01704e-05
2.1 0.7 1.60283e-05
2.16667 0.7 4.06421e-05
2.23333 0.7 2.35048e-05
2.3 0.7 2.39233e-06
2.36667 0.7 3.78225e-06
2.43333 0.7 3.19489e-05
2.5 0.7 4.79342e-05
2.56667 0.7 3.73786e-05
2.63333 0.7 7.80741e-06
2.7 0.7 2.78368e-05
2.76667 0.7 5.92312e-05
2.83333 0.7 8.03636e-05
2.9 0.7 5.11137e-05
2.96667 0.7 7.98954e-05
3.03333 0.7 5.58854e-05
3.1 0.7 5.11955e-05
3.16667 0.7 3.78384e-05
3.23333 0.7 1.64809e-05
3.3 0.7 1.09663e-05
3.36667 0.7 5.13645e-05
3.43333 0.7 0.000136139
3.5 0.7 8.40069e-05
3.56667 0.7 2.52638e-06
3.63333 0.7 2.29003e-05
3.7 0.7 2.46398e-05
3.76667 0.7 1.98388e-05
3.83333 0.7 1.3859e-05
3.9 0.7 8.76185e-06
3.96667 0.7 5.03261e-06
4.03333 0.7 2.53683e-06
4.1 0.7 9.83624e-07
4.16667 0.7 1.03036e-07
4.23333 0.7 3.07076e-07
4.3 0.7 3.8616e-07
4.36667 0.7 2.32666e-07
4.43333 0.7 7.20105e-08
4.5 0.7 4.44307e-07
4.56667 0.7 7.91264e-07
4.63333 0.7 1.02178e-06
4.7 0.7 1.07332e-06
4.76667 0.7 9.31205e-07
4.83333 0.7 6.08092e-07
4.9 0.7 6.76976e-08
4.96667 0.7 8.8505e-07
0.0333333 0.766667 0.000160311
0.1 0.766667 9.77328e-05
0.166667 0.766667 3.43804e-05
0.233333 0.766667 3.46161e-06
0.3 0.766667 1.501e-05
0.366667 0.766667 8.7821e-06
0.433333 0.766667 5.91315e-06
0.5 0.766667 2.13615e-05
0.566667 0.766667 3.29454e-05
0.633333 0.766667 3.9197e-05
0.7 0.766667 3.98291e-05
0.766667 0.766667 3.37279e-05
0.833333 0.766667 2.09531e-05
0.9 0.766667 7.90123e-06
0.966667 0.766667 3.91942e-06
1.03333 0.766667 9.93504e-06
1.1 0.766667 1.37855e-05
1.16667 0.766667 9.25269e-06
1.23333 0.766667 1.7009e-06
1.3 0.766667 2.65071e-06
1.36667 0.766667 9.98333e-07
1.43333 0.766667 1.0721e-05
1.5 0.766667 1.18954e-05
1.56667 0.766667 1.05557e-05
1.63333 0.766667 4.04551e-05
1.7 0.766667 4.4592e-05
1.76667 0.766667 1.90204e-05
1.83333 0.766667 1.55395e-05
1.9 0.766667 4.16853e-05
1.96667 0.766667 5.05222e-05
2.03333 0.766667 4.18976e-05
2.1 0.766667 2.5133e-05
2.16667 0.766667 1.36743e-05
2.23333 0.766667 1.2292e-05
2.3 0.766667 1.21515e-05
2.36667 0.766667 4.51331e-06
2.43333 0.766667 6.67124e-06
2.5 0.766667 1.12153e-05
2.56667 0.766667 4.58354e-06
2.63333 0.766667 1.03367e-05
2.7 0.766667 2.74986e-05
2.76667 0.766667 4.02615e-05
2.83333 0.766667 3.87308e-05
2.9 0.766667 1.64935e-06
2.96667 0.766667 5.8091e-05
3.03333 0.766667 3.80861e-05
3.1 0.766667 3.17502e-05
3.16667 0.766667 2.58563e-05
3.23333 0.766667 1.64498e-05
3.3 0.766667 1.49573e-06
3.36667 0.766667 3.92839e-05
3.43333 0.766667 9.48455e-05
3.5 0.766667 4.03097e-05
3.56667 0.766667 9.36954e-06
3.63333 0.766667 1.48318e-05
3.7 0.766667 1.63673e-05
3.76667 0.766667 1.14514e-05
3.83333 0.766667 5.9277e-06
3.9 0.766667 1.7302e-06
3.96667 0.766667 8.67301e-07
4.03333 0.766667 2.17557e-06
4.1 0.766667 2.60256e-06
4.16667 0.766667 2.48782e-06
4.23333 0.766667 2.07333e-06
4.3 0.766667 1.52023e-06
4.36667 0.766667 9.34733e-07
4.43333 0.766667 3.90171e-07
4.5 0.766667 5.94121e-08
4.56667 0.766667 3.75418e-07
4.63333 0.766667 5.38754e-07
4.7 0.766667 5.54446e-07
4.76667 0.766667 4.44617e-07
4.83333 0.766667 2.18636e-07
4.9 0.766667 1.78483e-07
4.96667 0.766667 9.1922e-07
0.0333333 0.833333 0.000103315
0.1 0.833333 7.40113e-05
0.166667 0.833333 5.122e-05
0.233333 0.833333 4.3124e-05
0.3 0.833333 4.59276e-05
0.366667 0.833333 5.30699e-05
0.433333 0.833333 5.91147e-05
0.5 0.833333 6.07184e-05
0.566667 0.833333 5.67152e-05
0.633333 0.833333 4.78317e-05
0.7 0.833333 3.58132e-05
0.766667 0.833333 2.26279e-05
0.833333 0.833333 1.04607e-05
0.9 0.833333 1.67854e-06
0.966667 0.833333 2.47543e-06
1.03333 0.833333 2.27628e-06
1.1 0.833333 5.88816e-06
1.16667 0.833333 9.20821e-06
1.23333 0.833333 5.9797e-07
1.3 0.833333 5.70713e-06
1.36667 0.833333 8.37708e-06
1.43333 0.833333 9.39883e-06
1.5 0.833333 1.20941e-05
1.56667 0.833333 1.82628e-05
1.63333 0.833333 2.33389e-05
1.7 0.833333 2.04784e-05
1.76667 0.833333 8.82366e-06
1.83333 0.833333 6.17934e-06
1.9 0.833333 1.83557e-05
1.96667 0.833333 2.42281e-05
2.03333 0.833333 2.3746e-05
2.1 0.833333 1.99892e-05
2.16667 0.833333 1.70187e-05
2.23333 0.833333 1.65797e-05
2.3 0.833333 1.73157e-05
2.36667 0.833333 1.76895e-05
2.43333 0.833333 1.82771e-05
2.5 0.833333 2.04672e-05
2.56667 0.833333 2.43018e-05
2.63333 0.833333 2.83113e-05
2.7 0.833333 3.04891e-05
2.76667 0.833333 2.8435e-05
2.83333 0.833333 1.90739e-05
2.9 0.833333 2.9825e-06
2.96667 0.833333 8.50893e-06
3.03333 0.833333 1.39405e-05
3.1 0.833333 1.44807e-05
3.16667 0.833333 1.61443e-05
3.23333 0.833333 1.7814e-05
3.3 0.833333 1.68911e-05
3.36667 0.833333 1.43379e-05
3.43333 0.833333 2.40236e-05
3.5 0.833333 3.91934e-05
3.56667 0.833333 3.122e-05
3.63333 0.833333 1.48267e-05
3.7 0.833333 5.4921e-06
3.76667 0.833333 1.62629e-06
3.83333 0.833333 6.54557e-06
3.9 0.833333 9.07594e-06
3.96667 0.833333 9.75286e-06
4.03333 0.833333 9.24397e-06
4.1 0.833333 8.09545e-06
4.16667 0.833333 6.68469e-06
4.23333 0.833333 5.24873e-06
4.3 0.833333 3.92612e-06
4.36667 0.833333 2.79104e-06
4.43333 0.833333 1.87635e-06
4.5 0.833333 1.18696e-06
4.56667 0.833333 7.06787e-07
4.63333 0.833333 4.03182e-07
4.7 0.833333 2.33325e-07
4.76667 0.833333 1.57604e-07
4.83333 0.833333 1.64066e-07
4.9 0.833333 3.06714e-07
4.96667 0.833333 7.30373e-07
0.0333333 0.9 4.8983e-05
0.1 0.9 5.1687e-05
0.166667 0.9 6.8038e-05
0.233333 0.9 8.99695e-05
0.3 0.9 0.000109622
0.366667 0.9 0.000121598
0.433333 0.9 0.000123426
0.5 0.9 0.000115023
0.566667 0.9 9.82661e-05
0.633333 0.9 7.66339e-05
0.7 0.9 5.43237e-05
0.766667 0.9 3.48633e-05
0.833333 0.9 2.02464e-05
0.9 0.9 1.04675e-05
0.966667 0.9 3.66473e-06
1.03333 0.9 3.14294e-06
1.1 0.9 2.84154e-06
1.16667 0.9 3.33919e-06
1.23333 0.9 1.21745e-06
1.3 0.9 5.09854e-06
1.36667 0.9 8.26477e-06
1.43333 0.9 1.02172e-05
1.5 0.9 1.04373e-05
1.56667 0.9 9.17396e-06
1.63333 0.9 7.35768e-06
1.7 0.9 6.1524e-06
1.76667 0.9 6.31901e-06
1.83333 0.9 7.62589e-06
1.9 0.9 8.96873e-06
1.96667 0.9 9.17726e-06
2.03333 0.9 7.62126e-06
2.1 0.9 4.12199e-06
2.16667 0.9 1.43821e-06
2.23333 0.9 9.22562e-06
2.3 0.9 1.9164e-05
2.36667 0.9 3.04806e-05
2.43333 0.9 4.14108e-05
2.5 0.9 4.94586e-05
2.56667 0.9 5.23624e-05
2.63333 0.9 4.92305e-05
2.7 0.9 4.10063e-05
2.76667 0.9 3.00704e-05
2.83333 0.9 1.95243e-05
2.9 0.9 1.20397e-05
2.96667 0.9 7.98739e-06
3.03333 0.9 5.6844e-06
3.1 0.9 2.25324e-06
3.16667 0.9 4.1697e-06
3.23333 0.9 1.45288e-05
3.3 0.9 2.89798e-05
3.36667 0.9 4.63105e-05
3.43333 0.9 5.70903e-05
3.5 0.9 5.28793e-05
3.56667 0.9 3.53068e-05
3.63333 0.9 1.18641e-05
3.7 0.9 6.54848e-06
3.76667 0.9 1.6794e-05
3.83333 0.9 2.10837e-05
3.9 0.9 2.15919e-05
3.96667 0.9 1.99837e-05
4.03333 0.9 1.73875e-05
4.1 0.9 1.449e-05
4.16667 0.9 1.16778e-05
4.23333 0.9 9.15081e-06
4.3 0.9 6.99801e-06
4.36667 0.9 5.24266e-06
4.43333 0.9 3.86763e-06
4.5 0.9 2.82985e-06
4.56667 0.9 2.06969e-06
4.63333 0.9 1.51929e-06
4.7 0.9 1.11165e-06
4.76667 0.9 7.92004e-07
4.83333 0.9 5.33468e-07
4.9 0.9 3.63774e-07
4.96667 0.9 4.19625e-07
0.0333333 0.966667 1.45879e-05
0.1 0.966667 4.68367e-05
0.166667 0.966667 9.43375e-05
0.233333 0.966667 0.000140369
0.3 0.966667 0.000174623
0.366667 0.966667 0.000192214
0.433333 0.966667 0.000192239
0.5 0.966667 0.000176737
0.566667 0.966667 0.000150003
0.633333 0.966667 0.00011767
0.7 0.966667 8.56037e-05
0.766667 0.966667 5.87034e-05
0.833333 0.966667 3.94501e-05
0.9 0.966667 2.74551e-05
0.966667 0.966667 2.03315e-05
1.03333 0.966667 1.44777e-05
1.1 0.966667 7.697e-06
1.16667 0.966667 3.50737e-06
1.23333 0.966667 2.1793e-06
1.3 0.966667 7.88038e-07
1.36667 0.966667 1.18579e-06
1.43333 0.966667 2.43465e-06
1.5 0.966667 1.59965e-06
1.56667 0.966667 9.07781e-07
1.63333 0.966667 2.2122e-06
1.7 0.966667 1.12153e-06
1.76667 0.966667 1.0067e-05
1.83333 0.966667 2.19499e-05
1.9 0.966667 3.21024e-05
1.96667 0.966667 3.66471e-05
2.03333 0.966667 3.4185e-05
2.1 0.966667 2.55371e-05
2.16667 0.966667 1.22286e-05
2.23333 0.966667 4.768e-06
2.3 0.966667 2.48533e-05
2.36667 0.966667 4.6468e-05
2.43333 0.966667 6.6193e-05
2.5 0.966667 7.95319e-05
2.56667 0.966667 8.29922e-05
2.63333 0.966667 7.59851e-05
2.7 0.966667 6.13976e-05
2.76667 0.966667 4.45818e-05
2.83333 0.966667 3.09804e-05
2.9 0.966667 2.34223e-05
2.96667 0.966667 2.09282e-05
3.03333 0.966667 1.99603e-05
3.1 0.966667 1.67797e-05
3.16667 0.966667 8.63876e-06
3.23333 0.966667 6.23023e-06
3.3 0.966667 2.78294e-05
3.36667 0.966667 5.10038e-05
3.43333 0.966667 6.45716e-05
3.5 0.966667 5.84884e-05
3.56667 0.966667 3.42088e-05
3.63333 0.966667 4.53969e-06
3.7 0.966667 1.81997e-05
3.76667 0.966667 3.01041e-05
3.83333 0.966667 3.36132e-05
3.9 0.966667 3.23212e-05
3.96667 0.966667 2.87762e-05
4.03333 0.966667 2.44548e-05
4.1 0.966667 2.01324e-05
4.16667 0.966667 1.6183e-05
4.23333 0.966667 1.2763e-05
4.3 0.966667 9.91415e-06
4.36667 0.966667 7.61635e-06
4.43333 0.966667 5.81453e-06
4.5 0.966667 4.43309e-06
4.56667 0.966667 3.38556e-06
4.63333 0.966667 2.5832e-06
4.7 0.966667 1.94344e-06
4.76667 0.966667 1.39813e-06
4.83333 0.966667 9.03079e-07
4.9 0.966667 4.56187e-07
4.96667 0.966667 1.49591e-07
