0.0333333 0.0333333 1.20492e-05
0.1 0.0333333 2.96998e-05
0.166667 0.0333333 4.63514e-05
0.233333 0.0333333 5.59374e-05
0.3 0.0333333 6.8884e-05
0.366667 0.0333333 9.54808e-05
0.433333 0.0333333 0.000131861
0.5 0.0333333 0.000161328
0.566667 0.0333333 0.000171018
0.633333 0.0333333 0.000160499
0.7 0.0333333 0.000135905
0.766667 0.0333333 0.000104518
0.833333 0.0333333 7.24846e-05
0.9 0.0333333 4.34107e-05
0.966667 0.0333333 1.88968e-05
1.03333 0.0333333 1.30372e-07
1.1 0.0333333 1.29808e-05
1.16667 0.0333333 1.95586e-05
1.23333 0.0333333 2.07625e-05
1.3 0.0333333 1.84909e-05
1.36667 0.0333333 1.5076e-05
1.43333 0.0333333 1.25279e-05
1.5 0.0333333 1.19891e-05
1.56667 0.0333333 1.3483e-05
1.63333 0.0333333 1.58703e-05
1.7 0.0333333 1.70238e-05
1.76667 0.0333333 1.43649e-05
1.83333 0.0333333 5.82026e-06
1.9 0.0333333 9.06427e-06
1.96667 0.0333333 2.84664e-05
2.03333 0.0333333 4.87264e-05
2.1 0.0333333 6.5986e-05
2.16667 0.0333333 7.83071e-05
2.23333 0.0333333 8.70924e-05
2.3 0.0333333 9.67744e-05
2.36667 0.0333333 0.000112214
2.43333 0.0333333 0.000134406
2.5 0.0333333 0.000159019
2.56667 0.0333333 0.00017876
2.63333 0.0333333 0.000186634
2.7 0.0333333 0.000179933
2.76667 0.0333333 0.000161401
2.83333 0.0333333 0.000136436
2.9 0.0333333 0.000110233
2.96667 0.0333333 8.61973e-05
3.03333 0.0333333 6.5798e-05
3.1 0.0333333 4.91663e-05
3.16667 0.0333333 3.59373e-05
3.23333 0.0333333 2.59498e-05
3.3 0.0333333 1.916e-05
3.36667 0.0333333 1.53583e-05
3.43333 0.0333333 1.40541e-05
3.5 0.0333333 1.45061e-05
3.56667 0.0333333 1.58818e-05
3.63333 0.0333333 1.74252e-05
3.7 0.0333333 1.85692e-05
3.76667 0.0333333 1.89774e-05
3.83333 0.0333333 1.8529e-05
3.9 0.0333333 1.72679e-05
3.96667 0.0333333 1.53411e-05
4.03333 0.0333333 1.29424e-05
4.1 0.0333333 1.02713e-05
4.16667 0.0333333 7.50977e-06
4.23333 0.0333333 4.81308e-06
4.3 0.0333333 2.31092e-06
4.36667 0.0333333 1.13638e-07
4.43333 0.0333333 1.67892e-06
4.5 0.0333333 2.96773e-06
4.56667 0.0333333 3.6402e-06
4.63333 0.0333333 3.56318e-06
4.7 0.0333333 2.73455e-06
4.76667 0.0333333 1.52021e-06
4.83333 0.0333333 5.08816e-07
4.9 0.0333333 3.22575e-08
4.96667 0.0333333 4.72323e-08
0.0333333 0.1 2.88742e-05
0.1 0.1 4.11084e-06
0.166667 0.1 3.1381e-05
0.233333 0.1 5.14376e-05
0.3 0.1 5.85415e-05
0.366667 0.1 4.68699e-05
0.433333 0.1 1.83948e-05
0.5 0.1 1.51448e-05
0.566667 0.1 4.0612e-05
0.633333 0.1 5.22782e-05
0.7 0.1 5.14295e-05
0.766667 0.1 4.19685e-05
0.833333 0.1 2.92206e-05
0.9 0.1 1.73639e-05
0.966667 0.1 7.8575e-06
1.03333 0.1 8.391e-07
1.1 0.1 3.92647e-06
1.16667 0.1 6.58034e-06
1.23333 0.1 7.23915e-06
1.3 0.1 6.35788e-06
1.36667 0.1 4.82928e-06
1.43333 0.1 3.68996e-06
1.5 0.1 3.69095e-06
1.56667 0.1 5.00214e-06
1.63333 0.1 7.14765e-06
1.7 0.1 9.17796e-06
1.76667 0.1 1.00563e-05
1.83333 0.1 9.16489e-06
1.9 0.1 6.71433e-06
1.96667 0.1 3.75043e-06
2.03333 0.1 1.60339e-06
2.1 0.1 1.15123e-06
2.16667 0.1 2.23775e-06
2.23333 0.1 3.57647e-06
2.3 0.1 2.83301e-06
2.36667 0.1 2.55606e-06
2.43333 0.1 1.44137e-05
2.5 0.1 3.2234e-05
2.56667 0.1 5.19533e-05
2.63333 0.1 6.80934e-05
2.7 0.1 7.61212e-05
2.76667 0.1 7.41681e-05
2.83333 0.1 6.48759e-05
2.9 0.1 5.25728e-05
2.96667 0.1 4.03647e-05
3.03333 0.1 3.02541e-05
3.1 0.1 2.28687e-05
3.16667 0.1 1.77754e-05
3.23333 0.1 1.44091e-05
3.3 0.1 1.23803e-05
3.36667 0.1 1.14612e-05
3.43333 0.1 1.14754e-05
3.5 0.1 1.21741e-05
3.56667 0.1 1.32167e-05
3.63333 0.1 1.42353e-05
3.7 0.1 1.49159e-05
3.76667 0.1 1.50537e-05
3.83333 0.1 1.45695e-05
3.9 0.1 1.34928e-05
3.96667 0.1 1.19282e-05
4.03333 0.1 1.00181e-05
4.1 0.1 7.91346e-06
4.16667 0.1 5.7539e-06
4.23333 0.1 3.65824e-06
4.3 0.1 1.72057e-06
4.36667 0.1 7.92815e-09
4.43333 0.1 1.44644e-06
4.5 0.1 2.66146e-06
4.56667 0.1 3.75224e-06
4.63333 0.1 4.91237e-06
4.7 0.1 5.84429e-06
4.76667 0.1 5.43722e-06
4.83333 0.1 3.43801e-06
4.9 0.1 1.24913e-06
4.96667 0.1 5.00354e-08
0.0333333 0.166667 3.92429e-05
0.1 0.166667 3.20454e-05
0.166667 0.166667 9.49912e-05
0.233333 0.166667 0.00012816
0.3 0.166667 0.000144727
0.366667 0.166667 0.000152986
0.433333 0.166667 0.000145403
0.5 0.166667 0.000113666
0.566667 0.166667 7.06231e-05
0.633333 0.166667 3.81208e-05
0.7 0.166667 1.88606e-05
0.766667 0.166667 9.43328e-06
0.833333 0.166667 6.06444e-06
0.9 0.166667 3.45906e-06
0.966667 0.166667 1.04045e-06
1.03333 0.166667 6.62811e-06
1.1 0.166667 1.08347e-05
1.16667 0.166667 1.18805e-05
1.23333 0.166667 1.02381e-05
1.3 0.166667 7.75762e-06
1.36667 0.166667 5.88721e-06
1.43333 0.166667 5.0177e-06
1.5 0.166667 4.87324e-06
1.56667 0.166667 5.06409e-06
1.63333 0.166667 5.19412e-06
1.7 0.166667 4.51257e-06
1.76667 0.166667 1.58736e-06
1.83333 0.166667 5.45824e-06
1.9 0.166667 1.79807e-05
1.96667 0.166667 3.54054e-05
2.03333 0.166667 5.42365e-05
2.1 0.166667 6.94017e-05
2.16667 0.166667 7.73609e-05
2.23333 0.166667 7.92501e-05
2.3 0.166667 7.95625e-05
2.36667 0.166667 8.06901e-05
2.43333 0.166667 8.4667e-05
2.5 0.166667 8.31528e-05
2.56667 0.166667 6.85876e-05
2.63333 0.166667 4.47354e-05
2.7 0.166667 2.17431e-05
2.76667 0.166667 6.48621e-06
2.83333 0.166667 6.74816e-07
2.9 0.166667 7.92363e-07
2.96667 0.166667 2.16217e-06
3.03333 0.166667 4.12793e-06
3.1 0.166667 3.34638e-06
3.16667 0.166667 2.22166e-07
3.23333 0.166667 3.65393e-06
3.3 0.166667 6.85577e-06
3.36667 0.166667 8.88129e-06
3.43333 0.166667 9.95398e-06
3.5 0.166667 1.05042e-05
3.56667 0.166667 1.08262e-05
3.63333 0.166667 1.10145e-05
3.7 0.166667 1.1036e-05
3.76667 0.166667 1.08208e-05
3.83333 0.166667 1.03211e-05
3.9 0.166667 9.53562e-06
3.96667 0.166667 8.50856e-06
4.03333 0.166667 7.31459e-06
4.1 0.166667 6.04105e-06
4.16667 0.166667 4.77253e-06
4.23333 0.166667 3.57975e-06
4.3 0.166667 2.51045e-06
4.36667 0.166667 1.57832e-06
4.43333 0.166667 7.43018e-07
4.5 0.166667 1.30008e-07
4.56667 0.166667 1.34112e-06
4.63333 0.166667 3.59832e-06
4.7 0.166667 8.30345e-06
4.76667 0.166667 1.36303e-05
4.83333 0.166667 1.15759e-05
4.9 0.166667 4.29671e-06
4.96667 0.166667 5.12511e-07
0.0333333 0.233333 3.28598e-05
0.1 0.233333 5.97958e-05
0.166667 0.233333 0.000128958
0.233333 0.233333 0.00015622
0.3 0.233333 0.000100364
0.366667 0.233333 0.000135127
0.433333 0.233333 0.000209494
0.5 0.233333 0.000188434
0.566667 0.233333 0.000128408
0.633333 0.233333 7.77186e-05
0.7 0.233333 4.21206e-05
0.766667 0.233333 2.08464e-05
0.833333 0.233333 9.92837e-06
0.9 0.233333 3.7119e-06
0.966667 0.233333 4.9296e-06
1.03333 0.233333 1.77512e-05
1.1 0.233333 2.84103e-05
1.16667 0.233333 3.05922e-05
1.23333 0.233333 2.44887e-05
1.3 0.233333 1.54255e-05
1.36667 0.233333 8.15825e-06
1.43333 0.233333 4.72398e-06
1.5 0.233333 5.1921e-06
1.56667 0.233333 8.99146e-06
1.63333 0.233333 1.51241e-05
1.7 0.233333 2.11768e-05
1.76667 0.233333 2.25514e-05
1.83333 0.233333 1.35681e-05
1.9 0.233333 9.43385e-06
1.96667 0.233333 4.46413e-05
2.03333 0.233333 8.24884e-05
2.1 0.233333 0.000107995
2.16667 0.233333 0.000110924
2.23333 0.233333 9.61757e-05
2.3 0.233333 8.35558e-05
2.36667 0.233333 8.97231e-05
2.43333 0.233333 0.000113121
2.5 0.233333 0.000154843
2.56667 0.233333 0.000161869
2.63333 0.233333 0.000119683
2.7 0.233333 7.96207e-05
2.76667 0.233333 4.83107e-05
2.83333 0.233333 2.85755e-05
2.9 0.233333 2.08345e-05
2.96667 0.233333 2.0152e-05
3.03333 0.233333 2.05283e-05
3.1 0.233333 1.73264e-05
3.16667 0.233333 9.90713e-06
3.23333 0.233333 1.36827e-06
3.3 0.233333 4.98589e-06
3.36667 0.233333 8.08314e-06
3.43333 0.233333 8.77756e-06
3.5 0.233333 8.31309e-06
3.56667 0.233333 7.54879e-06
3.63333 0.233333 6.87573e-06
3.7 0.233333 6.39201e-06
3.76667 0.233333 6.05516e-06
3.83333 0.233333 5.78477e-06
3.9 0.233333 5.51878e-06
3.96667 0.233333 5.23292e-06
4.03333 0.233333 4.93689e-06
4.1 0.233333 4.66057e-06
4.16667 0.233333 4.43923e-06
4.23333 0.233333 4.30083e-06
4.3 0.233333 4.25492e-06
4.36667 0.233333 4.28101e-06
4.43333 0.233333 4.31417e-06
4.5 0.233333 4.22969e-06
4.56667 0.233333 3.82768e-06
4.63333 0.233333 2.93204e-06
4.7 0.233333 1.61204e-07
4.76667 0.233333 1.42023e-05
4.83333 0.233333 3.58537e-05
4.9 0.233333 6.00828e-06
4.96667 0.233333 1.55194e-06
0.0333333 0.3 2.5813e-05
0.1 0.3 7.86999e-05
0.166667 0.3 0.00013944
0.233333 0.3 7.24823e-05
0.3 0.3 0.000128787
0.366667 0.3 0.000299923
0.433333 0.3 0.000129766
0.5 0.3 0.000189801
0.566667 0.3 0.000133338
0.633333 0.3 6.52635e-05
0.7 0.3 1.29612e-05
0.766667 0.3 2.09496e-05
0.833333 0.3 3.19185e-05
0.9 0.3 2.37525e-05
0.966667 0.3 1.72581e-05
1.03333 0.3 2.66232e-05
1.1 0.3 4.19578e-05
1.16667 0.3 4.33951e-05
1.23333 0.3 2.94793e-05
1.3 0.3 1.05672e-05
1.36667 0.3 4.11885e-06
1.43333 0.3 1.08901e-05
1.5 0.3 9.71937e-06
1.56667 0.3 1.20093e-06
1.63333 0.3 1.41189e-05
1.7 0.3 3.32448e-05
1.76667 0.3 4.81924e-05
1.83333 0.3 4.77083e-05
1.9 0.3 2.37143e-05
1.96667 0.3 2.21816e-05
2.03333 0.3 7.54058e-05
2.1 0.3 0.00010776
2.16667 0.3 8.93276e-05
2.23333 0.3 2.36961e-05
2.3 0.3 3.73797e-05
2.36667 0.3 5.78038e-05
2.43333 0.3 1.67523e-05
2.5 0.3 0.000186428
2.56667 0.3 0.000195673
2.63333 0.3 0.000148231
2.7 0.3 9.06634e-05
2.76667 0.3 4.4896e-05
2.83333 0.3 1.45623e-05
2.9 0.3 1.21999e-06
2.96667 0.3 2.02985e-06
3.03333 0.3 5.87238e-06
3.1 0.3 1.11508e-05
3.16667 0.3 7.09283e-06
3.23333 0.3 1.79963e-06
3.3 0.3 7.67375e-06
3.36667 0.3 8.75228e-06
3.43333 0.3 6.93706e-06
3.5 0.3 4.42584e-06
3.56667 0.3 2.34712e-06
3.63333 0.3 1.06504e-06
3.7 0.3 5.35801e-07
3.76667 0.3 5.55269e-07
3.83333 0.3 9.09006e-07
3.9 0.3 1.4419e-06
3.96667 0.3 2.06893e-06
4.03333 0.3 2.75703e-06
4.1 0.3 3.50123e-06
4.16667 0.3 4.30528e-06
4.23333 0.3 5.16778e-06
4.3 0.3 6.07271e-06
4.36667 0.3 6.98381e-06
4.43333 0.3 7.84677e-06
4.5 0.3 8.61323e-06
4.56667 0.3 9.34446e-06
4.63333 0.3 1.04897e-05
4.7 0.3 1.6233e-05
4.76667 0.3 2.66499e-05
4.83333 0.3 1.14684e-05
4.9 0.3 6.38319e-06
4.96667 0.3 2.48268e-06
0.0333333 0.366667 4.14676e-05
0.1 0.366667 7.72645e-05
0.166667 0.366667 0.000150461
0.233333 0.366667 7.48373e-05
0.3 0.366667 0.000289148
0.366667 0.366667 0.000618541
0.433333 0.366667 2.72734e-05
0.5 0.366667 0.000169274
0.566667 0.366667 0.000104812
0.633333 0.366667 2.09519e-05
0.7 0.366667 5.15097e-05
0.766667 0.366667 0.000103622
0.833333 0.366667 0.000120883
0.9 0.366667 8.07735e-05
0.966667 0.366667 1.33329e-05
1.03333 0.366667 8.00124e-06
1.1 0.366667 3.47424e-05
1.16667 0.366667 4.39859e-05
1.23333 0.366667 2.29686e-05
1.3 0.366667 6.72758e-06
1.36667 0.366667 2.97267e-05
1.43333 0.366667 4.06685e-05
1.5 0.366667 4.04061e-05
1.56667 0.366667 2.98017e-05
1.63333 0.366667 6.61791e-06
1.7 0.366667 2.85247e-05
1.76667 0.366667 6.47869e-05
1.83333 0.366667 8.33741e-05
1.9 0.366667 6.85824e-05
1.96667 0.366667 1.84119e-05
2.03333 0.366667 5.0466e-05
2.1 0.366667 9.6694e-05
2.16667 0.366667 4.84292e-05
2.23333 0.366667 0.000126238
2.3 0.366667 0.000293807
2.36667 0.366667 0.000359632
2.43333 0.366667 0.000430337
2.5 0.366667 5.03073e-05
2.56667 0.366667 0.00019017
2.63333 0.366667 0.000141727
2.7 0.366667 7.11021e-05
2.76667 0.366667 1.28351e-05
2.83333 0.366667 3.02612e-05
2.9 0.366667 5.85922e-05
2.96667 0.366667 6.90237e-05
3.03333 0.366667 4.49002e-05
3.1 0.366667 1.35418e-05
3.16667 0.366667 3.9689e-06
3.23333 0.366667 9.51449e-06
3.3 0.366667 1.34239e-05
3.36667 0.366667 9.97305e-06
3.43333 0.366667 3.89236e-06
3.5 0.366667 1.53832e-06
3.56667 0.366667 5.05388e-06
3.63333 0.366667 6.57158e-06
3.7 0.366667 6.56258e-06
3.76667 0.366667 5.62254e-06
3.83333 0.366667 4.22287e-06
3.9 0.366667 2.64135e-06
3.96667 0.366667 1.0062e-06
4.03333 0.366667 6.35557e-07
4.1 0.366667 2.26977e-06
4.16667 0.366667 3.88828e-06
4.23333 0.366667 5.47399e-06
4.3 0.366667 6.99339e-06
4.36667 0.366667 8.39528e-06
4.43333 0.366667 9.61924e-06
4.5 0.366667 1.06238e-05
4.56667 0.366667 1.14474e-05
4.63333 0.366667 1.24012e-05
4.7 0.366667 1.25407e-05
4.76667 0.366667 5.03448e-06
4.83333 0.366667 1.13993e-08
4.9 0.366667 3.49499e-06
4.96667 0.366667 2.70301e-06
0.0333333 0.433333 8.73031e-05
0.1 0.433333 4.98142e-05
0.166667 0.433333 0.000162891
0.233333 0.433333 0.00020068
0.3 0.433333 0.000145721
0.366667 0.433333 7.34669e-05
0.433333 0.433333 0.000184558
0.5 0.433333 0.000161359
0.566667 0.433333 7.13936e-05
0.633333 0.433333 2.39931e-05
0.7 0.433333 0.000112044
0.766667 0.433333 0.000183344
0.833333 0.433333 0.000222134
0.9 0.433333 0.00019241
0.966667 0.433333 1.02013e-05
1.03333 0.433333 0.00015691
1.1 0.433333 1.23906e-05
1.16667 0.433333 2.98228e-05
1.23333 0.433333 8.23278e-06
1.3 0.433333 2.77652e-05
1.36667 0.433333 5.63054e-05
1.43333 0.433333 7.00539e-05
1.5 0.433333 7.30645e-05
1.56667 0.433333 6.93197e-05
1.63333 0.433333 4.91866e-05
1.7 0.433333 2.65699e-06
1.76667 0.433333 5.71328e-05
1.83333 0.433333 0.000100367
1.9 0.433333 0.000101299
1.96667 0.433333 4.88761e-05
2.03333 0.433333 4.88533e-05
2.1 0.433333 0.000157949
2.16667 0.433333 0.000164332
2.23333 0.433333 0.000252636
2.3 0.433333 0.000644519
2.36667 0.433333 0.000488083
2.43333 0.433333 0.000272133
2.5 0.433333 0.00015404
2.56667 0.433333 0.000185984
2.63333 0.433333 0.000120387
2.7 0.433333 4.15114e-05
2.76667 0.433333 2.49887e-05
2.83333 0.433333 7.73515e-05
2.9 0.433333 0.00011555
2.96667 0.433333 0.000142211
3.03333 0.433333 0.000167605
3.1 0.433333 4.86251e-05
3.16667 0.433333 1.93762e-05
3.23333 0.433333 7.66419e-06
3.3 0.433333 1.58834e-05
3.36667 0.433333 8.96103e-06
3.43333 0.433333 1.35446e-06
3.5 0.433333 9.81801e-06
3.56667 0.433333 1.46021e-05
3.63333 0.433333 1.584e-05
3.7 0.433333 1.46297e-05
3.76667 0.433333 1.22011e-05
3.83333 0.433333 9.39581e-06
3.9 0.433333 6.60981e-06
3.96667 0.433333 3.97539e-06
4.03333 0.433333 1.52174e-06
4.1 0.433333 7.54132e-07
4.16667 0.433333 2.85463e-06
4.23333 0.433333 4.76491e-06
4.3 0.433333 6.44616e-06
4.36667 0.433333 7.83544e-06
4.43333 0.433333 8.85035e-06
4.5 0.433333 9.39476e-06
4.56667 0.433333 9.34757e-06
4.63333 0.433333 8.34913e-06
4.7 0.433333 5.54912e-06
4.76667 0.433333 2.28254e-06
4.83333 0.433333 3.68874e-07
4.9 0.433333 1.49405e-06
4.96667 0.433333 1.99194e-06
0.0333333 0.5 0.000145265
0.1 0.5 3.30421e-06
0.166667 0.5 0.000146547
0.233333 0.5 0.000229566
0.3 0.5 0.000238147
0.366667 0.5 0.000238124
0.433333 0.5 0.000215583
0.5 0.5 0.000142797
0.566667 0.5 4.75406e-05
0.633333 0.5 4.7437e-05
0.7 0.5 0.000137324
0.766667 0.5 0.0002138
0.833333 0.5 0.000255388
0.9 0.5 0.000256763
0.966667 0.5 0.000128499
1.03333 0.5 0.000467638
1.1 0.5 6.2395e-05
1.16667 0.5 1.12288e-05
1.23333 0.5 5.59496e-06
1.3 0.5 3.82872e-05
1.36667 0.5 5.96007e-05
1.43333 0.5 7.0044e-05
1.5 0.5 7.15814e-05
1.56667 0.5 9.08859e-05
1.63333 0.5 0.000104723
1.7 0.5 5.79272e-05
1.76667 0.5 2.42572e-05
1.83333 0.5 8.96466e-05
1.9 0.5 0.00010761
1.96667 0.5 5.60076e-05
2.03333 0.5 7.3559e-05
2.1 0.5 0.000289975
2.16667 0.5 0.000630898
2.23333 0.5 0.000108211
2.3 0.5 0.000682356
2.36667 0.5 0.000343794
2.43333 0.5 3.63788e-05
2.5 0.5 0.000156476
2.56667 0.5 0.000177175
2.63333 0.5 9.67228e-05
2.7 0.5 1.84459e-05
2.76667 0.5 4.90009e-05
2.83333 0.5 0.000101198
2.9 0.5 0.000135613
2.96667 0.5 0.000151768
3.03333 0.5 0.000169371
3.1 0.5 7.05516e-05
3.16667 0.5 0.000121661
3.23333 0.5 8.47768e-06
3.3 0.5 1.09927e-05
3.36667 0.5 4.9429e-06
3.43333 0.5 7.76551e-06
3.5 0.5 1.88563e-05
3.56667 0.5 2.48834e-05
3.63333 0.5 2.5544e-05
3.7 0.5 2.26515e-05
3.76667 0.5 1.83841e-05
3.83333 0.5 1.40584e-05
3.9 0.5 1.0103e-05
3.96667 0.5 6.61976e-06
4.03333 0.5 3.59808e-06
4.1 0.5 9.91047e-07
4.16667 0.5 1.24109e-06
4.23333 0.5 3.11072e-06
4.3 0.5 4.59756e-06
4.36667 0.5 5.65168e-06
4.43333 0.5 6.20038e-06
4.5 0.5 6.15556e-06
4.56667 0.5 5.41472e-06
4.63333 0.5 3.91874e-06
4.7 0.5 2.02213e-06
4.76667 0.5 3.26166e-07
4.83333 0.5 6.6268e-07
4.9 0.5 1.03745e-06
4.96667 0.5 8.76817e-07
0.0333333 0.566667 0.000187716
0.1 0.566667 4.44436e-05
0.166667 0.566667 9.7828e-05
0.233333 0.566667 0.000182385
0.3 0.566667 0.000215008
0.366667 0.566667 0.000210557
0.433333 0.566667 0.000175188
0.5 0.566667 0.000109588
0.566667 0.566667 3.24993e-05
0.633333 0.566667 4.69656e-05
0.7 0.566667 0.000122303
0.766667 0.566667 0.000182545
0.833333 0.566667 0.000203077
0.9 0.566667 0.000143613
0.966667 0.566667 0.000181182
1.03333 0.566667 0.000357818
1.1 0.566667 5.66323e-05
1.16667 0.566667 3.36848e-06
1.23333 0.566667 9.91064e-06
1.3 0.566667 3.09383e-05
1.36667 0.566667 3.05875e-05
1.43333 0.566667 5.87015e-06
1.5 0.566667 3.65683e-05
1.56667 0.566667 5.8619e-05
1.63333 0.566667 0.000176638
1.7 0.566667 0.000100375
1.76667 0.566667 1.66411e-05
1.83333 0.566667 6.19062e-05
1.9 0.566667 9.46841e-05
1.96667 0.566667 5.43383e-05
2.03333 0.566667 7.26666e-05
2.1 0.566667 0.000296922
2.16667 0.566667 0.000697653
2.23333 0.566667 0.000468752
2.3 0.566667 0.000228611
2.36667 0.566667 0.000161001
2.43333 0.566667 3.4733e-05
2.5 0.566667 0.000138301
2.56667 0.566667 0.000135313
2.63333 0.566667 7.42017e-05
2.7 0.566667 5.54516e-06
2.76667 0.566667 5.58316e-05
2.83333 0.566667 9.95591e-05
2.9 0.566667 0.000110802
2.96667 0.566667 8.97498e-05
3.03333 0.566667 8.8678e-06
3.1 0.566667 0.0001698
3.16667 0.566667 0.000142356
3.23333 0.566667 2.33055e-05
3.3 0.566667 6.01081e-06
3.36667 0.566667 5.59834e-06
3.43333 0.566667 6.50522e-06
3.5 0.566667 2.13926e-05
3.56667 0.566667 3.11907e-05
3.63333 0.566667 3.27597e-05
3.7 0.566667 2.86248e-05
3.76667 0.566667 2.28914e-05
3.83333 0.566667 1.73186e-05
3.9 0.566667 1.24282e-05
3.96667 0.566667 8.36364e-06
4.03333 0.566667 5.07555e-06
4.1 0.566667 2.45192e-06
4.16667 0.566667 3.892e-07
4.23333 0.566667 1.17959e-06
4.3 0.566667 2.28206e-06
4.36667 0.566667 2.91618e-06
4.43333 0.566667 3.06706e-06
4.5 0.566667 2.73118e-06
4.56667 0.566667 1.9594e-06
4.63333 0.566667 9.30972e-07
4.7 0.566667 5.2231e-08
4.76667 0.566667 6.90996e-07
4.83333 0.566667 8.83666e-07
4.9 0.566667 6.79721e-07
4.96667 0.566667 1.11665e-08
0.0333333 0.633333 0.000199631
0.1 0.633333 7.76655e-05
0.166667 0.633333 4.69427e-05
0.233333 0.633333 0.000123853
0.3 0.633333 0.000152844
0.366667 0.633333 0.000149805
0.433333 0.633333 0.000122666
0.5 0.633333 7.48873e-05
0.566667 0.633333 2.28253e-05
0.633333 0.633333 3.11075e-05
0.7 0.633333 8.29375e-05
0.766667 0.633333 0.000118071
0.833333 0.633333 0.000114891
0.9 0.633333 3.72359e-05
0.966667 0.633333 6.59542e-05
1.03333 0.633333 6.17143e-05
1.1 0.633333 1.41495e-05
1.16667 0.633333 6.49018e-06
1.23333 0.633333 5.84463e-06
1.3 0.633333 1.47707e-05
1.36667 0.633333 3.83135e-06
1.43333 0.633333 7.05867e-05
1.5 0.633333 0.000255178
1.56667 0.633333 0.000186717
1.63333 0.633333 0.000108257
1.7 0.633333 0.000114906
1.76667 0.633333 4.11986e-05
1.83333 0.633333 3.61622e-05
1.9 0.633333 7.80839e-05
1.96667 0.633333 5.92008e-05
2.03333 0.633333 2.60877e-05
2.1 0.633333 0.000160762
2.16667 0.633333 0.000246845
2.23333 0.633333 0.000149786
2.3 0.633333 1.42333e-05
2.36667 0.633333 3.35986e-05
2.43333 0.633333 5.074e-05
2.5 0.633333 0.000100363
2.56667 0.633333 9.36169e-05
2.63333 0.633333 5.08457e-05
2.7 0.633333 8.19275e-07
2.76667 0.633333 5.10413e-05
2.83333 0.633333 8.90496e-05
2.9 0.633333 8.62923e-05
2.96667 0.633333 6.12349e-06
3.03333 0.633333 4.54298e-05
3.1 0.633333 7.65876e-05
3.16667 0.633333 6.22301e-05
3.23333 0.633333 2.27274e-05
3.3 0.633333 9.18309e-06
3.36667 0.633333 2.81052e-05
3.43333 0.633333 2.34622e-05
3.5 0.633333 1.6071e-06
3.56667 0.633333 2.48666e-05
3.63333 0.633333 3.32171e-05
3.7 0.633333 2.99412e-05
3.76667 0.633333 2.40963e-05
3.83333 0.633333 1.78995e-05
3.9 0.633333 1.2571e-05
3.96667 0.633333 8.36933e-06
4.03333 0.633333 5.21177e-06
4.1 0.633333 2.90613e-06
4.16667 0.633333 1.26961e-06
4.23333 0.633333 1.66831e-07
4.3 0.633333 4.90466e-07
4.36667 0.633333 7.59638e-07
4.43333 0.633333 6.90075e-07
4.5 0.633333 3.49908e-07
4.56667 0.633333 1.48452e-07
4.63333 0.633333 6.45809e-07
4.7 0.633333 9.76598e-07
4.76667 0.633333 1.04065e-06
4.83333 0.633333 8.28754e-07
4.9 0.633333 3.39563e-07
4.96667 0.633333 6.028e-07
0.0333333 0.7 0.000181103
0.1 0.7 8.89113e-05
0.166667 0.7 8.00311e-06
0.233333 0.7 6.9968e-05
0.3 0.7 9.17325e-05
0.366667 0.7 8.93661e-05
0.433333 0.7 7.29627e-05
0.5 0.7 4.38487e-05
0.566667 0.7 1.2458e-05
0.633333 0.7 1.64563e-05
0.7 0.7 4.32882e-05
0.766667 0.7 5.78518e-05
0.833333 0.7 4.88987e-05
0.9 0.7 1.93038e-05
0.966667 0.7 1.64117e-06
1.03333 0.7 1.09111e-06
1.1 0.7 1.1442e-05
1.16667 0.7 8.98898e-06
1.23333 0.7 1.19457e-06
1.3 0.7 4.28403e-06
1.36667 0.7 1.26426e-05
1.43333 0.7 5.73863e-05
1.5 0.7 0.000106352
1.56667 0.7 4.98965e-05
1.63333 0.7 7.14359e-05
1.7 0.7 9.30946e-05
1.76667 0.7 4.11659e-05
1.83333 0.7 2.1303e-05
1.9 0.7 6.22951e-05
1.96667 0.7 6.30062e-05
2.03333 0.7 2.29645e-05
2.1 0.7 3.32231e-05
2.16667 0.7 5.98094e-05
2.23333 0.7 3.41557e-05
2.3 0.7 1.05262e-06
2.36667 0.7 5.36148e-06
2.43333 0.7 3.91036e-05
2.5 0.7 6.01426e-05
2.56667 0.7 5.31542e-05
2.63333 0.7 2.62058e-05
2.7 0.7 7.49159e-06
2.76667 0.7 4.17977e-05
2.83333 0.7 6.86405e-05
2.9 0.7 5.20099e-05
2.96667 0.7 5.08765e-05
3.03333 0.7 3.99754e-05
3.1 0.7 4.15534e-05
3.16667 0.7 3.2813e-05
3.23333 0.7 1.39625e-05
3.3 0.7 1.35565e-05
3.36667 0.7 5.49048e-05
3.43333 0.7 0.000144965
3.5 0.7 8.96281e-05
3.56667 0.7 3.75246e-06
3.63333 0.7 2.45666e-05
3.7 0.7 2.58284e-05
3.76667 0.7 2.07741e-05
3.83333 0.7 1.46747e-05
3.9 0.7 9.53317e-06
3.96667 0.7 5.75698e-06
4.03333 0.7 3.19787e-06
4.1 0.7 1.56997e-06
4.16667 0.7 6.10101e-07
4.23333 0.7 1.20228e-07
4.3 0.7 3.76439e-08
4.36667 0.7 3.81583e-08
4.43333 0.7 2.66663e-07
4.5 0.7 5.66453e-07
4.56667 0.7 8.49039e-07
4.63333 0.7 1.02913e-06
4.7 0.7 1.04851e-06
4.76667 0.7 8.92269e-07
4.83333 0.7 5.68075e-07
4.9 0.7 3.51849e-08
4.96667 0.7 8.95539e-07
0.0333333 0.766667 0.000140765
0.1 0.766667 7.97236e-05
0.166667 0.766667 1.83937e-05
0.233333 0.766667 2.14301e-05
0.3 0.766667 3.53306e-05
0.366667 0.766667 3.20087e-05
0.433333 0.766667 2.19424e-05
0.5 0.766667 8.01608e-06
0.566667 0.766667 6.00594e-06
0.633333 0.766667 1.56593e-05
0.7 0.766667 2.1809e-05
0.766667 0.766667 2.31325e-05
0.833333 0.766667 1.72337e-05
0.9 0.766667 8.44745e-06
0.966667 0.766667 5.16296e-06
1.03333 0.766667 8.83288e-06
1.1 0.766667 1.0742e-05
1.16667 0.766667 6.48269e-06
1.23333 0.766667 1.39565e-07
1.3 0.766667 3.59562e-06
1.36667 0.766667 1.4762e-06
1.43333 0.766667 1.29091e-05
1.5 0.766667 1.38005e-05
1.56667 0.766667 1.31214e-05
1.63333 0.766667 4.90938e-05
1.7 0.766667 5.53072e-05
1.76667 0.766667 2.65285e-05
1.83333 0.766667 1.29527e-05
1.9 0.766667 4.2584e-05
1.96667 0.766667 5.10704e-05
2.03333 0.766667 3.84273e-05
2.1 0.766667 1.77467e-05
2.16667 0.766667 5.6755e-06
2.23333 0.766667 6.819e-06
2.3 0.766667 9.32058e-06
2.36667 0.766667 1.26371e-06
2.43333 0.766667 1.26274e-05
2.5 0.766667 1.9897e-05
2.56667 0.766667 1.46962e-05
2.63333 0.766667 4.5093e-07
2.7 0.766667 1.64928e-05
2.76667 0.766667 3.21487e-05
2.83333 0.766667 3.88547e-05
2.9 0.766667 1.66392e-05
2.96667 0.766667 3.41149e-05
3.03333 0.766667 2.63801e-05
3.1 0.766667 2.47287e-05
3.16667 0.766667 2.13731e-05
3.23333 0.766667 1.33726e-05
3.3 0.766667 4.16523e-06
3.36667 0.766667 4.15215e-05
3.43333 0.766667 9.5524e-05
3.5 0.766667 3.34284e-05
3.56667 0.766667 1.52933e-05
3.63333 0.766667 1.69083e-05
3.7 0.766667 1.75811e-05
3.76667 0.766667 1.24489e-05
3.83333 0.766667 6.8898e-06
3.9 0.766667 2.67301e-06
3.96667 0.766667 2.7249e-08
4.03333 0.766667 1.36393e-06
4.1 0.766667 1.89676e-06
4.16667 0.766667 1.89748e-06
4.23333 0.766667 1.59803e-06
4.3 0.766667 1.15317e-06
4.36667 0.766667 6.65309e-07
4.43333 0.766667 2.05379e-07
4.5 0.766667 1.74386e-07
4.56667 0.766667 4.36742e-07
4.63333 0.766667 5.62945e-07
4.7 0.766667 5.56483e-07
4.76667 0.766667 4.35759e-07
4.83333 0.766667 2.05633e-07
4.9 0.766667 1.90534e-07
4.96667 0.766667 9.18478e-07
0.0333333 0.833333 9.06996e-05
0.1 0.833333 6.01795e-05
0.166667 0.833333 3.58047e-05
0.233333 0.833333 2.37706e-05
0.3 0.833333 2.16273e-05
0.366667 0.833333 2.61656e-05
0.433333 0.833333 3.22466e-05
0.5 0.833333 3.54132e-05
0.566667 0.833333 3.46668e-05
0.633333 0.833333 3.0712e-05
0.7 0.833333 2.43165e-05
0.766667 0.833333 1.66221e-05
0.833333 0.833333 9.00727e-06
0.9 0.833333 3.16047e-06
0.966667 0.833333 6.97148e-08
1.03333 0.833333 2.90335e-07
1.1 0.833333 4.11824e-06
1.16667 0.833333 6.48042e-06
1.23333 0.833333 1.37533e-06
1.3 0.833333 6.11981e-06
1.36667 0.833333 8.45361e-06
1.43333 0.833333 9.24023e-06
1.5 0.833333 1.2452e-05
1.56667 0.833333 2.02955e-05
1.63333 0.833333 2.74627e-05
1.7 0.833333 2.57525e-05
1.76667 0.833333 1.37143e-05
1.83333 0.833333 2.54212e-06
1.9 0.833333 1.58147e-05
1.96667 0.833333 2.18609e-05
2.03333 0.833333 2.07017e-05
2.1 0.833333 1.6339e-05
2.16667 0.833333 1.36002e-05
2.23333 0.833333 1.40238e-05
2.3 0.833333 1.54814e-05
2.36667 0.833333 1.59879e-05
2.43333 0.833333 1.62348e-05
2.5 0.833333 1.7963e-05
2.56667 0.833333 2.15079e-05
2.63333 0.833333 2.52664e-05
2.7 0.833333 2.77446e-05
2.76667 0.833333 2.77529e-05
2.83333 0.833333 2.27426e-05
2.9 0.833333 1.06868e-05
2.96667 0.833333 5.7072e-07
3.03333 0.833333 8.16171e-06
3.1 0.833333 1.10646e-05
3.16667 0.833333 1.38139e-05
3.23333 0.833333 1.60001e-05
3.3 0.833333 1.54338e-05
3.36667 0.833333 1.36802e-05
3.43333 0.833333 2.52938e-05
3.5 0.833333 4.29303e-05
3.56667 0.833333 3.41694e-05
3.63333 0.833333 1.64524e-05
3.7 0.833333 6.78211e-06
3.76667 0.833333 2.88405e-07
3.83333 0.833333 5.14855e-06
3.9 0.833333 7.7014e-06
3.96667 0.833333 8.47957e-06
4.03333 0.833333 8.12335e-06
4.1 0.833333 7.15155e-06
4.16667 0.833333 5.92025e-06
4.23333 0.833333 4.65243e-06
4.3 0.833333 3.47844e-06
4.36667 0.833333 2.46842e-06
4.43333 0.833333 1.65404e-06
4.5 0.833333 1.04099e-06
4.56667 0.833333 6.15497e-07
4.63333 0.833333 3.48433e-07
4.7 0.833333 2.01431e-07
4.76667 0.833333 1.39648e-07
4.83333 0.833333 1.55053e-07
4.9 0.833333 3.02663e-07
4.96667 0.833333 7.22592e-07
0.0333333 0.9 4.31755e-05
0.1 0.9 4.27279e-05
0.166667 0.9 5.37013e-05
0.233333 0.9 6.89174e-05
0.3 0.9 8.2358e-05
0.366667 0.9 9.0689e-05
0.433333 0.9 9.25102e-05
0.5 0.9 8.7454e-05
0.566667 0.9 7.63496e-05
0.633333 0.9 6.15899e-05
0.7 0.9 4.57149e-05
0.766667 0.9 3.08589e-05
0.833333 0.9 1.90147e-05
0.9 0.9 1.07449e-05
0.966667 0.9 4.852e-06
1.03333 0.9 1.00031e-06
1.1 0.9 2.20434e-06
1.16667 0.9 2.73624e-06
1.23333 0.9 8.50796e-07
1.3 0.9 4.76749e-06
1.36667 0.9 8.1915e-06
1.43333 0.9 1.04161e-05
1.5 0.9 1.09654e-05
1.56667 0.9 1.02375e-05
1.63333 0.9 9.2769e-06
1.7 0.9 9.19137e-06
1.76667 0.9 1.05148e-05
1.83333 0.9 1.26974e-05
1.9 0.9 1.43584e-05
1.96667 0.9 1.42345e-05
2.03333 0.9 1.18151e-05
2.1 0.9 7.16481e-06
2.16667 0.9 4.40046e-07
2.23333 0.9 8.29375e-06
2.3 0.9 1.88312e-05
2.36667 0.9 3.05708e-05
2.43333 0.9 4.2018e-05
2.5 0.9 5.07691e-05
2.56667 0.9 5.45617e-05
2.63333 0.9 5.21255e-05
2.7 0.9 4.44975e-05
2.76667 0.9 3.45116e-05
2.83333 0.9 2.46742e-05
2.9 0.9 1.66969e-05
2.96667 0.9 1.1089e-05
3.03333 0.9 7.00367e-06
3.1 0.9 2.34754e-06
3.16667 0.9 4.5635e-06
3.23333 0.9 1.48661e-05
3.3 0.9 2.90602e-05
3.36667 0.9 4.62576e-05
3.43333 0.9 5.70588e-05
3.5 0.9 5.28883e-05
3.56667 0.9 3.56031e-05
3.63333 0.9 1.27607e-05
3.7 0.9 5.04319e-06
3.76667 0.9 1.49019e-05
3.83333 0.9 1.90597e-05
3.9 0.9 1.96369e-05
3.96667 0.9 1.82231e-05
4.03333 0.9 1.58827e-05
4.1 0.9 1.32569e-05
4.16667 0.9 1.07031e-05
4.23333 0.9 8.40618e-06
4.3 0.9 6.44796e-06
4.36667 0.9 4.84967e-06
4.43333 0.9 3.59569e-06
4.5 0.9 2.64685e-06
4.56667 0.9 1.94895e-06
4.63333 0.9 1.44021e-06
4.7 0.9 1.05969e-06
4.76667 0.9 7.57912e-07
4.83333 0.9 5.12006e-07
4.9 0.9 3.51621e-07
4.96667 0.9 4.11173e-07
0.0333333 0.966667 1.29934e-05
0.1 0.966667 4.09549e-05
0.166667 0.966667 8.11643e-05
0.233333 0.966667 0.000118889
0.3 0.966667 0.000146158
0.366667 0.966667 0.000160105
0.433333 0.966667 0.000160764
0.5 0.966667 0.000149675
0.566667 0.966667 0.00012959
0.633333 0.966667 0.000104338
0.7 0.966667 7.82648e-05
0.766667 0.966667 5.5302e-05
0.833333 0.966667 3.78145e-05
0.9 0.966667 2.60846e-05
0.966667 0.966667 1.8731e-05
1.03333 0.966667 1.3067e-05
1.1 0.966667 7.34068e-06
1.16667 0.966667 4.25764e-06
1.23333 0.966667 3.17702e-06
1.3 0.966667 1.42826e-06
1.36667 0.966667 1.05935e-06
1.43333 0.966667 2.7539e-06
1.5 0.966667 2.16575e-06
1.56667 0.966667 1.28137e-07
1.63333 0.966667 8.26759e-07
1.7 0.966667 3.83668e-06
1.76667 0.966667 1.46892e-05
1.83333 0.966667 2.83962e-05
1.9 0.966667 3.9481e-05
1.96667 0.966667 4.36079e-05
2.03333 0.966667 3.95571e-05
2.1 0.966667 2.88184e-05
2.16667 0.966667 1.36012e-05
2.23333 0.966667 4.80361e-06
2.3 0.966667 2.58219e-05
2.36667 0.966667 4.81118e-05
2.43333 0.966667 6.8622e-05
2.5 0.966667 8.31354e-05
2.56667 0.966667 8.81115e-05
2.63333 0.966667 8.2635e-05
2.7 0.966667 6.91362e-05
2.76667 0.966667 5.24918e-05
2.83333 0.966667 3.77639e-05
2.9 0.966667 2.78717e-05
2.96667 0.966667 2.26286e-05
3.03333 0.966667 1.94199e-05
3.1 0.966667 1.4938e-05
3.16667 0.966667 6.41399e-06
3.23333 0.966667 8.07758e-06
3.3 0.966667 2.8684e-05
3.36667 0.966667 5.05192e-05
3.43333 0.966667 6.29915e-05
3.5 0.966667 5.67716e-05
3.56667 0.966667 3.34643e-05
3.63333 0.966667 5.24096e-06
3.7 0.966667 1.63274e-05
3.76667 0.966667 2.76151e-05
3.83333 0.966667 3.09811e-05
3.9 0.966667 2.9847e-05
3.96667 0.966667 2.66113e-05
4.03333 0.966667 2.26503e-05
4.1 0.966667 1.86842e-05
4.16667 0.966667 1.50596e-05
4.23333 0.966667 1.19196e-05
4.3 0.966667 9.30108e-06
4.36667 0.966667 7.18486e-06
4.43333 0.966667 5.52005e-06
4.5 0.966667 4.23742e-06
4.56667 0.966667 3.258e-06
4.63333 0.966667 2.50068e-06
4.7 0.966667 1.88988e-06
4.76667 0.966667 1.36328e-06
4.83333 0.966667 8.81154e-07
4.9 0.966667 4.44438e-07
4.96667 0.966667 1.45602e-07
