Started ./steady_convdiffnavstokes_M-opt
Building the mesh
Building system
Initializing systems
 Mesh Information:
  mesh_dimension()=2
  spatial_dimension()=3
  n_nodes()=1681
    n_local_nodes()=1681
  n_elem()=400
    n_local_elem()=400
    n_active_elem()=400
  n_subdomains()=1
  n_partitions()=1
  n_processors()=1
  n_threads()=1
  processor_id()=0

 EquationSystems
  n_systems()=1
   System #0, "NavStokesConvDiffSys"
    Type "Implicit"
    Variables={ "u" "v" } { "p" "c" } { "zu" "zv" } { "zp" "zc" "fc" } { "aux_u" "aux_v" } { "aux_p" "aux_c" } { "aux_zu" "aux_zv" } { "aux_zp" "aux_zc" "aux_fc" } 
    Finite Element Types="LAGRANGE", "JACOBI_20_00" "LAGRANGE", "JACOBI_20_00" "LAGRANGE", "JACOBI_20_00" "LAGRANGE", "JACOBI_20_00" "LAGRANGE", "JACOBI_20_00" "LAGRANGE", "JACOBI_20_00" "LAGRANGE", "JACOBI_20_00" "LAGRANGE", "JACOBI_20_00" 
    Infinite Element Mapping="CARTESIAN" "CARTESIAN" "CARTESIAN" "CARTESIAN" "CARTESIAN" "CARTESIAN" "CARTESIAN" "CARTESIAN" 
    Approximation Orders="SECOND", "THIRD" "FIRST", "THIRD" "SECOND", "THIRD" "FIRST", "THIRD" "SECOND", "THIRD" "FIRST", "THIRD" "SECOND", "THIRD" "FIRST", "THIRD" 
    n_dofs()=17858
    n_local_dofs()=17858
    n_constrained_dofs()=1760
    n_local_constrained_dofs()=1760
    n_vectors()=1
    n_matrices()=1
    DofMap Sparsity
      Average  On-Processor Bandwidth <= 205.13
      Average Off-Processor Bandwidth <= 0
      Maximum  On-Processor Bandwidth <= 290
      Maximum Off-Processor Bandwidth <= 0
    DofMap Constraints
      Number of DoF Constraints = 1760
      Number of Heterogenous Constraints= 41
      Average DoF Constraint Length= 0
      Number of Node Constraints = 0

0.00563508 0.00563508 11.4222
0.0556351 0.00563508 11.4222
0.105635 0.00563508 11.4222
0.155635 0.00563508 11.4222
0.205635 0.00563508 11.4222
0.255635 0.00563508 11.4222
0.305635 0.00563508 11.4222
0.355635 0.00563508 11.4222
0.405635 0.00563508 11.4222
0.455635 0.00563508 11.4222
0.505635 0.00563508 11.4222
0.555635 0.00563508 11.4222
0.605635 0.00563508 11.4222
0.655635 0.00563508 11.4222
0.705635 0.00563508 11.4222
0.755635 0.00563508 11.4222
0.805635 0.00563508 11.4222
0.855635 0.00563508 11.4222
0.905635 0.00563508 11.4222
0.955635 0.00563508 11.4222
0.00563508 0.0556351 11.4222
0.0556351 0.0556351 11.4222
0.105635 0.0556351 11.4222
0.155635 0.0556351 11.4222
0.205635 0.0556351 11.4222
0.255635 0.0556351 11.4222
0.305635 0.0556351 11.4222
0.355635 0.0556351 11.4222
0.405635 0.0556351 11.4222
0.455635 0.0556351 11.4222
0.505635 0.0556351 11.4222
0.555635 0.0556351 11.4222
0.605635 0.0556351 11.4222
0.655635 0.0556351 11.4222
0.705635 0.0556351 11.4222
0.755635 0.0556351 11.4222
0.805635 0.0556351 11.4222
0.855635 0.0556351 11.4222
0.905635 0.0556351 11.4222
0.955635 0.0556351 11.4222
0.00563508 0.105635 11.4222
0.0556351 0.105635 11.4222
0.105635 0.105635 11.4222
0.155635 0.105635 11.4222
0.205635 0.105635 11.4222
0.255635 0.105635 11.4222
0.305635 0.105635 11.4222
0.355635 0.105635 11.4222
0.405635 0.105635 11.4222
0.455635 0.105635 11.4222
0.505635 0.105635 11.4222
0.555635 0.105635 11.4222
0.605635 0.105635 11.4222
0.655635 0.105635 11.4222
0.705635 0.105635 11.4222
0.755635 0.105635 11.4222
0.805635 0.105635 11.4222
0.855635 0.105635 11.4222
0.905635 0.105635 11.4222
0.955635 0.105635 11.4222
0.00563508 0.155635 11.4222
0.0556351 0.155635 11.4222
0.105635 0.155635 11.4222
0.155635 0.155635 11.4222
0.205635 0.155635 11.4222
0.255635 0.155635 11.4222
0.305635 0.155635 11.4222
0.355635 0.155635 11.4222
0.405635 0.155635 11.4222
0.455635 0.155635 11.4222
0.505635 0.155635 11.4222
0.555635 0.155635 11.4222
0.605635 0.155635 11.4222
0.655635 0.155635 11.4222
0.705635 0.155635 11.4222
0.755635 0.155635 11.4222
0.805635 0.155635 11.4222
0.855635 0.155635 11.4222
0.905635 0.155635 11.4222
0.955635 0.155635 11.4222
0.00563508 0.205635 11.4222
0.0556351 0.205635 11.4222
0.105635 0.205635 11.4222
0.155635 0.205635 11.4222
0.205635 0.205635 11.4222
0.255635 0.205635 11.4222
0.305635 0.205635 11.4222
0.355635 0.205635 11.4222
0.405635 0.205635 11.4222
0.455635 0.205635 11.4222
0.505635 0.205635 11.4222
0.555635 0.205635 11.4222
0.605635 0.205635 11.4222
0.655635 0.205635 11.4222
0.705635 0.205635 11.4222
0.755635 0.205635 11.4222
0.805635 0.205635 11.4222
0.855635 0.205635 11.4222
0.905635 0.205635 11.4222
0.955635 0.205635 11.4222
0.00563508 0.255635 11.4222
0.0556351 0.255635 11.4222
0.105635 0.255635 11.4222
0.155635 0.255635 11.4222
0.205635 0.255635 11.4222
0.255635 0.255635 11.4222
0.305635 0.255635 11.4222
0.355635 0.255635 11.4222
0.405635 0.255635 11.4222
0.455635 0.255635 11.4222
0.505635 0.255635 11.4222
0.555635 0.255635 11.4222
0.605635 0.255635 11.4222
0.655635 0.255635 11.4222
0.705635 0.255635 11.4222
0.755635 0.255635 11.4222
0.805635 0.255635 11.4222
0.855635 0.255635 11.4222
0.905635 0.255635 11.4222
0.955635 0.255635 11.4222
0.00563508 0.305635 11.4222
0.0556351 0.305635 11.4222
0.105635 0.305635 11.4222
0.155635 0.305635 11.4222
0.205635 0.305635 11.4222
0.255635 0.305635 11.4222
0.305635 0.305635 11.4222
0.355635 0.305635 11.4222
0.405635 0.305635 11.4222
0.455635 0.305635 11.4222
0.505635 0.305635 11.4222
0.555635 0.305635 11.4222
0.605635 0.305635 11.4222
0.655635 0.305635 11.4222
0.705635 0.305635 11.4222
0.755635 0.305635 11.4222
0.805635 0.305635 11.4222
0.855635 0.305635 11.4222
0.905635 0.305635 11.4222
0.955635 0.305635 11.4222
0.00563508 0.355635 11.4222
0.0556351 0.355635 11.4222
0.105635 0.355635 11.4222
0.155635 0.355635 11.4222
0.205635 0.355635 11.4222
0.255635 0.355635 11.4222
0.305635 0.355635 11.4222
0.355635 0.355635 11.4222
0.405635 0.355635 11.4222
0.455635 0.355635 11.4222
0.505635 0.355635 11.4222
0.555635 0.355635 11.4222
0.605635 0.355635 11.4222
0.655635 0.355635 11.4222
0.705635 0.355635 11.4222
0.755635 0.355635 11.4222
0.805635 0.355635 11.4222
0.855635 0.355635 11.4222
0.905635 0.355635 11.4222
0.955635 0.355635 11.4222
0.00563508 0.405635 11.4222
0.0556351 0.405635 11.4222
0.105635 0.405635 11.4222
0.155635 0.405635 11.4222
0.205635 0.405635 11.4222
0.255635 0.405635 11.4222
0.305635 0.405635 11.4222
0.355635 0.405635 11.4222
0.405635 0.405635 11.4222
0.455635 0.405635 11.4222
0.505635 0.405635 11.4222
0.555635 0.405635 11.4222
0.605635 0.405635 11.4222
0.655635 0.405635 11.4222
0.705635 0.405635 11.4222
0.755635 0.405635 11.4222
0.805635 0.405635 11.4222
0.855635 0.405635 11.4222
0.905635 0.405635 11.4222
0.955635 0.405635 11.4222
0.00563508 0.455635 11.4222
0.0556351 0.455635 11.4222
0.105635 0.455635 11.4222
0.155635 0.455635 11.4222
0.205635 0.455635 11.4222
0.255635 0.455635 11.4222
0.305635 0.455635 11.4222
0.355635 0.455635 11.4222
0.405635 0.455635 11.4222
0.455635 0.455635 11.4222
0.505635 0.455635 11.4222
0.555635 0.455635 11.4222
0.605635 0.455635 11.4222
0.655635 0.455635 11.4222
0.705635 0.455635 11.4222
0.755635 0.455635 11.4222
0.805635 0.455635 11.4222
0.855635 0.455635 11.4222
0.905635 0.455635 11.4222
0.955635 0.455635 11.4222
0.00563508 0.505635 11.4222
0.0556351 0.505635 11.4222
0.105635 0.505635 11.4222
0.155635 0.505635 11.4222
0.205635 0.505635 11.4222
0.255635 0.505635 11.4222
0.305635 0.505635 11.4222
0.355635 0.505635 11.4222
0.405635 0.505635 11.4222
0.455635 0.505635 11.4222
0.505635 0.505635 11.4222
0.555635 0.505635 11.4222
0.605635 0.505635 11.4222
0.655635 0.505635 11.4222
0.705635 0.505635 11.4222
0.755635 0.505635 11.4222
0.805635 0.505635 11.4222
0.855635 0.505635 11.4222
0.905635 0.505635 11.4222
0.955635 0.505635 11.4222
0.00563508 0.555635 11.4222
0.0556351 0.555635 11.4222
0.105635 0.555635 11.4222
0.155635 0.555635 11.4222
0.205635 0.555635 11.4222
0.255635 0.555635 11.4222
0.305635 0.555635 11.4222
0.355635 0.555635 11.4222
0.405635 0.555635 11.4222
0.455635 0.555635 11.4222
0.505635 0.555635 11.4222
0.555635 0.555635 11.4222
0.605635 0.555635 11.4222
0.655635 0.555635 11.4222
0.705635 0.555635 11.4222
0.755635 0.555635 11.4222
0.805635 0.555635 11.4222
0.855635 0.555635 11.4222
0.905635 0.555635 11.4222
0.955635 0.555635 11.4222
0.00563508 0.605635 11.4222
0.0556351 0.605635 11.4222
0.105635 0.605635 11.4222
0.155635 0.605635 11.4222
0.205635 0.605635 11.4222
0.255635 0.605635 11.4222
0.305635 0.605635 11.4222
0.355635 0.605635 11.4222
0.405635 0.605635 11.4222
0.455635 0.605635 11.4222
0.505635 0.605635 11.4222
0.555635 0.605635 11.4222
0.605635 0.605635 11.4222
0.655635 0.605635 11.4222
0.705635 0.605635 11.4222
0.755635 0.605635 11.4222
0.805635 0.605635 11.4222
0.855635 0.605635 11.4222
0.905635 0.605635 11.4222
0.955635 0.605635 11.4222
0.00563508 0.655635 11.4222
0.0556351 0.655635 11.4222
0.105635 0.655635 11.4222
0.155635 0.655635 11.4222
0.205635 0.655635 11.4222
0.255635 0.655635 11.4222
0.305635 0.655635 11.4222
0.355635 0.655635 11.4222
0.405635 0.655635 11.4222
0.455635 0.655635 11.4222
0.505635 0.655635 11.4222
0.555635 0.655635 11.4222
0.605635 0.655635 11.4222
0.655635 0.655635 11.4222
0.705635 0.655635 11.4222
0.755635 0.655635 11.4222
0.805635 0.655635 11.4222
0.855635 0.655635 11.4222
0.905635 0.655635 11.4222
0.955635 0.655635 11.4222
0.00563508 0.705635 11.4222
0.0556351 0.705635 11.4222
0.105635 0.705635 11.4222
0.155635 0.705635 11.4222
0.205635 0.705635 11.4222
0.255635 0.705635 11.4222
0.305635 0.705635 11.4222
0.355635 0.705635 11.4222
0.405635 0.705635 11.4222
0.455635 0.705635 11.4222
0.505635 0.705635 11.4222
0.555635 0.705635 11.4222
0.605635 0.705635 11.4222
0.655635 0.705635 11.4222
0.705635 0.705635 11.4222
0.755635 0.705635 11.4222
0.805635 0.705635 11.4222
0.855635 0.705635 11.4222
0.905635 0.705635 11.4222
0.955635 0.705635 11.4222
0.00563508 0.755635 11.4222
0.0556351 0.755635 11.4222
0.105635 0.755635 11.4222
0.155635 0.755635 11.4222
0.205635 0.755635 11.4222
0.255635 0.755635 11.4222
0.305635 0.755635 11.4222
0.355635 0.755635 11.4222
0.405635 0.755635 11.4222
0.455635 0.755635 11.4222
0.505635 0.755635 11.4222
0.555635 0.755635 11.4222
0.605635 0.755635 11.4222
0.655635 0.755635 11.4222
0.705635 0.755635 11.4222
0.755635 0.755635 11.4222
0.805635 0.755635 11.4222
0.855635 0.755635 11.4222
0.905635 0.755635 11.4222
0.955635 0.755635 11.4222
0.00563508 0.805635 11.4222
0.0556351 0.805635 11.4222
0.105635 0.805635 11.4222
0.155635 0.805635 11.4222
0.205635 0.805635 11.4222
0.255635 0.805635 11.4222
0.305635 0.805635 11.4222
0.355635 0.805635 11.4222
0.405635 0.805635 11.4222
0.455635 0.805635 11.4222
0.505635 0.805635 11.4222
0.555635 0.805635 11.4222
0.605635 0.805635 11.4222
0.655635 0.805635 11.4222
0.705635 0.805635 11.4222
0.755635 0.805635 11.4222
0.805635 0.805635 11.4222
0.855635 0.805635 11.4222
0.905635 0.805635 11.4222
0.955635 0.805635 11.4222
0.00563508 0.855635 11.4222
0.0556351 0.855635 11.4222
0.105635 0.855635 11.4222
0.155635 0.855635 11.4222
0.205635 0.855635 11.4222
0.255635 0.855635 11.4222
0.305635 0.855635 11.4222
0.355635 0.855635 11.4222
0.405635 0.855635 11.4222
0.455635 0.855635 11.4222
0.505635 0.855635 11.4222
0.555635 0.855635 11.4222
0.605635 0.855635 11.4222
0.655635 0.855635 11.4222
0.705635 0.855635 11.4222
0.755635 0.855635 11.4222
0.805635 0.855635 11.4222
0.855635 0.855635 11.4222
0.905635 0.855635 11.4222
0.955635 0.855635 11.4222
0.00563508 0.905635 11.4222
0.0556351 0.905635 11.4222
0.105635 0.905635 11.4222
0.155635 0.905635 11.4222
0.205635 0.905635 11.4222
0.255635 0.905635 11.4222
0.305635 0.905635 11.4222
0.355635 0.905635 11.4222
0.405635 0.905635 11.4222
0.455635 0.905635 11.4222
0.505635 0.905635 11.4222
0.555635 0.905635 11.4222
0.605635 0.905635 11.4222
0.655635 0.905635 11.4222
0.705635 0.905635 11.4222
0.755635 0.905635 11.4222
0.805635 0.905635 11.4222
0.855635 0.905635 11.4222
0.905635 0.905635 11.4222
0.955635 0.905635 11.4222
0.00563508 0.955635 11.4222
0.0556351 0.955635 11.4222
0.105635 0.955635 11.4222
0.155635 0.955635 11.4222
0.205635 0.955635 11.4222
0.255635 0.955635 11.4222
0.305635 0.955635 11.4222
0.355635 0.955635 11.4222
0.405635 0.955635 11.4222
0.455635 0.955635 11.4222
0.505635 0.955635 11.4222
0.555635 0.955635 11.4222
0.605635 0.955635 11.4222
0.655635 0.955635 11.4222
0.705635 0.955635 11.4222
0.755635 0.955635 11.4222
0.805635 0.955635 11.4222
0.855635 0.955635 11.4222
0.905635 0.955635 11.4222
0.955635 0.955635 11.4222

 ----------------------------------------------------------------------
| Time:           Tue Oct 14 09:06:46 2014                             |
| OS:             Linux                                                |
| HostName:       kameeko-ThinkPad-T430                                |
| OS Release:     3.13.0-36-generic                                    |
| OS Version:     #63~precise1-Ubuntu SMP Thu Sep 4 22:28:20 UTC 2014  |
| Machine:        x86_64                                               |
| Username:       kameeko                                              |
| Configuration:  ./configure  '--prefix=/home/kameeko/software/libmesh_build3'|
|  '--enable-everything'                                               |
|  '--enable-petsc'                                                    |
|  '--enable-mpi'                                                      |
|  'PETSC_DIR=/home/kameeko/software/petsc'                            |
|  'PETSC_ARCH=arch-linux2-c-debug'                                    |
 ----------------------------------------------------------------------
 -----------------------------------------------------------------------------------------------------------------
| libMesh Performance: Alive time=5.22921, Active time=4.32699                                                    |
 -----------------------------------------------------------------------------------------------------------------
| Event                              nCalls     Total Time  Avg Time    Total Time  Avg Time    % of Active Time  |
|                                               w/o Sub     w/o Sub     With Sub    With Sub    w/o S    With S   |
|-----------------------------------------------------------------------------------------------------------------|
|                                                                                                                 |
|                                                                                                                 |
| DofMap                                                                                                          |
|   add_neighbors_to_send_list()     1          0.0011      0.001132    0.0011      0.001132    0.03     0.03     |
|   build_constraint_matrix()        400        0.0053      0.000013    0.0053      0.000013    0.12     0.12     |
|   build_sparsity()                 1          0.1343      0.134268    0.1362      0.136228    3.10     3.15     |
|   cnstrn_elem_mat_vec()            400        0.0485      0.000121    0.0485      0.000121    1.12     1.12     |
|   create_dof_constraints()         1          0.0431      0.043093    0.0615      0.061498    1.00     1.42     |
|   distribute_dofs()                1          0.0014      0.001357    0.0057      0.005678    0.03     0.13     |
|   dof_indices()                    14419      0.0133      0.000001    0.0133      0.000001    0.31     0.31     |
|   enforce_constraints_exactly()    1          0.0009      0.000922    0.0009      0.000922    0.02     0.02     |
|   prepare_send_list()              1          0.0000      0.000001    0.0000      0.000001    0.00     0.00     |
|   reinit()                         1          0.0043      0.004320    0.0043      0.004320    0.10     0.10     |
|                                                                                                                 |
| FE                                                                                                              |
|   compute_shape_functions()        11500      0.0113      0.000001    0.0113      0.000001    0.26     0.26     |
|   init_shape_functions()           10702      0.0358      0.000003    0.0358      0.000003    0.83     0.83     |
|   inverse_map()                    848850     1.3582      0.000002    1.3582      0.000002    31.39    31.39    |
|                                                                                                                 |
| FEMSystem                                                                                                       |
|   assembly()                       1          0.8990      0.898971    4.1504      4.150378    20.78    95.92    |
|   numerical_elem_jacobian()        400        1.6687      0.004172    3.0993      0.007748    38.56    71.63    |
|   numerical_side_jacobian()        80         0.0263      0.000329    0.0736      0.000921    0.61     1.70     |
|                                                                                                                 |
| FEMap                                                                                                           |
|   compute_affine_map()             11500      0.0124      0.000001    0.0124      0.000001    0.29     0.29     |
|   compute_face_map()               800        0.0079      0.000010    0.0121      0.000015    0.18     0.28     |
|   init_face_shape_functions()      642        0.0003      0.000000    0.0003      0.000000    0.01     0.01     |
|   init_reference_to_physical_map() 10702      0.0349      0.000003    0.0349      0.000003    0.81     0.81     |
|                                                                                                                 |
| Mesh                                                                                                            |
|   find_neighbors()                 1          0.0059      0.005927    0.0059      0.005927    0.14     0.14     |
|   renumber_nodes_and_elem()        2          0.0082      0.004108    0.0082      0.004108    0.19     0.19     |
|                                                                                                                 |
| MeshTools::Generation                                                                                           |
|   build_cube()                     1          0.0055      0.005461    0.0055      0.005461    0.13     0.13     |
|                                                                                                                 |
| NewtonSolver                                                                                                    |
|   solve()                          1          0.0004      0.000358    0.0000      0.000000    0.01     0.00     |
|                                                                                                                 |
| Parallel                                                                                                        |
|   allgather()                      1          0.0000      0.000001    0.0000      0.000001    0.00     0.00     |
|                                                                                                                 |
| Partitioner                                                                                                     |
|   single_partition()               1          0.0000      0.000034    0.0000      0.000034    0.00     0.00     |
|                                                                                                                 |
| PetscLinearSolver                                                                                               |
|   solve()                          1          0.0000      0.000000    0.0000      0.000000    0.00     0.00     |
 -----------------------------------------------------------------------------------------------------------------
| Totals:                            910411     4.3270                                          100.00            |
 -----------------------------------------------------------------------------------------------------------------

